14.2131
23.3781
35.3245
35.5951
47.5901
58.8264
70.2883
83.5887
94.2985
107.1271
112.2249
115.3306
126.0035
136.9564
136.9878
170.8133
177.4185
184.8335
191.0122
206.2779
221.9473
249.3896
251.5816
265.9336
295.6699
306.9943
328.4214
346.0144
372.6683
379.1971
417.3964
433.8677
456.4414
464.5355
474.0585
479.2963
505.7016
523.7693
533.0615
552.4798
597.3652
603.1878
604.8591
626.8309
629.4809
644.4927
672.8034
680.5353
681.1567
714.6078
752.0680
755.7308
769.6465
790.9090
802.3300
807.8316
839.7577
846.4439
861.5045
879.2155
879.2843
892.0940
920.0043
934.0363
974.5030
976.2083
999.5087
1000.6439
1040.3248
1046.9991
1060.3490
1080.0702
1080.1535
1102.2686
1133.6422
1133.7110
1144.2165
1144.2221
1157.5506
1190.4076
1204.8874
1206.3757
1208.0635
1224.7394
1248.4508
1267.9790
1269.5558
1291.3576
1293.7487
1338.3918
1368.8125
1382.2694
1397.2026
1399.7821
1402.8263
1419.9155
1432.1888
1458.2373
1459.3487
1489.6438
1493.0033
1495.4474
1496.5989
1496.6106
1497.4227
1509.3725
1509.3891
1513.7800
1520.2405
1522.4403
1527.5454
1537.7363
1538.8617
1545.4444
1575.1676
1580.7575
1593.0496
1653.2490
1678.9780
1815.9424
3037.4432
3037.5310
3044.9638
3045.3996
3097.6526
3097.6639
3105.5315
3105.5436
3170.0827
3170.0872
3182.2523
3182.2901
3223.9083
3223.9416
3224.1907
3235.0131
3235.0772
3248.1574
3249.4330
3249.5444
3758.5781
0.0000
0.0000
0.0000
0.0000
