49
 C                 14.60789281   13.63429556   15.80753401
 C                 15.40244453   12.49621091   16.15381216
 C                 14.93733895   11.20158049   15.92302586
 C                 13.64675752   10.92449259   15.33680240
 C                 12.86886265   12.10154450   14.99775726
 C                 13.31626685   13.39146311   15.21238095
 C                 13.10886080    9.61356629   15.08205971
 C                 13.76621188    8.36172846   15.35382909
 C                 15.07621999    8.21277283   15.94329694
 C                 15.65912891    6.96976438   16.19032535
 H                 16.64098539    6.92353068   16.63500705
 C                 14.97425919    5.75863781   15.85768381
 C                 13.66661568    5.87351130   15.25907581
 C                 13.10172486    7.11356205   15.02865503
 H                 16.37567524   12.63871774   16.59695765
 H                 11.88954571   11.96183490   14.55927669
 H                 12.68580260   14.22274261   14.93114359
 H                 13.11634016    4.98430279   14.98714154
 H                 12.11467220    7.15637381   14.58747006
 Se                16.16471344    9.76448018   16.45615350
 N                 15.06826013   14.94445563   16.04338143
 N                 15.55408773    4.49957512   16.10852386
 C                 16.42145778   15.18335917   16.67486849
 H                 16.57305210   16.25717148   16.77348020
 H                 16.46556212   14.72491482   17.66691757
 H                 17.21601691   14.76797742   16.04804110
 C                 14.22941996   16.13930279   15.64641265
 H                 13.27508776   16.13220167   16.18047600
 H                 14.77588852   17.04436395   15.90700418
 H                 14.04142499   16.13459432   14.56878588
 C                 14.83176858    3.22856437   15.71961838
 H                 15.45865956    2.38065913   15.99125591
 H                 13.87803763    3.15249533   16.24928057
 H                 14.65002952    3.20597841   14.64112182
 C                 16.92436669    4.39360606   16.73939234
 H                 16.92731839    4.86615848   17.72573275
 H                 17.17424399    3.33947880   16.85033737
 H                 17.67642309    4.87258954   16.10553094
 C                 11.73501168    9.54422509   14.48468111
 C                 10.52147609    9.48273528   15.18390177
 S                 11.49501282    9.52836604   12.73936937
 C                  9.38536153    9.42185834   14.32675358
 H                 10.46112715    9.48291323   16.26364646
 C                  9.73956939    9.43746432   12.96991518
 H                  8.35748997    9.37129455   14.66450074
 C                  8.88279814    9.40123122   11.79275739
 O                  9.52742943    9.46020094   10.56070661
 O                  7.50678692    9.31869679   11.87291993
 H                  7.12496816    9.38359374   10.57520831
