 49
 C                  3.88480200   -1.45805800    0.03605800
 C                  2.70771600   -2.23936800   -0.06895700
 C                  1.44931600   -1.66611400    0.00787000
 C                  1.26467300   -0.25796100    0.19662000
 C                  2.47201800    0.50642300    0.30606500
 C                  3.71736100   -0.04907700    0.23211500
 C                 -0.00000500    0.38467600    0.27654300
 C                 -1.26465400   -0.25801800    0.19662100
 C                 -1.44923600   -1.66617900    0.00786900
 C                 -2.70761100   -2.23948700   -0.06895800
 H                 -2.78452500   -3.30948000   -0.21497200
 C                 -3.88473000   -1.45822900    0.03605700
 C                 -3.71735100   -0.04924200    0.23212400
 C                 -2.47203400    0.50631300    0.30607500
 H                  2.78467800   -3.30935700   -0.21497400
 H                  2.39200400    1.57455400    0.46017900
 H                  4.58195300    0.59428400    0.32420100
 H                 -4.58197200    0.59408200    0.32421900
 H                 -2.39206500    1.57444700    0.46019700
 Se                 0.00006600   -2.84771400   -0.15666800
 N                  5.11728800   -2.01585500   -0.04388000
 N                 -5.11719300   -2.01607800   -0.04388800
 C                  5.26595800   -3.45772100   -0.24273500
 H                  6.32505800   -3.70572000   -0.27769700
 H                  4.81109200   -4.02110900    0.57965100
 H                  4.80936300   -3.77802400   -1.18596000
 C                  6.32110500   -1.18753900    0.06187800
 H                  6.37388500   -0.68231500    1.03218200
 H                  7.19799300   -1.82483500   -0.03553700
 H                  6.35787400   -0.43468600   -0.73256400
 C                 -6.32104500   -1.18782000    0.06190600
 H                 -7.19790700   -1.82515300   -0.03552700
 H                 -6.37384300   -0.68263200    1.03222800
 H                 -6.35785200   -0.43494200   -0.73251000
 C                 -5.26579900   -3.45795100   -0.24274500
 H                 -4.81095200   -4.02132100    0.57966400
 H                 -6.32488700   -3.70598800   -0.27776300
 H                 -4.80914500   -3.77823600   -1.18594700
 C                 -0.00003700    1.86593500    0.45112400
 C                 -0.00003600    2.57121700    1.63344700
 S                 -0.00008500    2.93058900   -0.93043100
 C                 -0.00007400    3.97933300    1.43756100
 H                 -0.00000900    2.09398200    2.60683000
 C                 -0.00010300    4.32862200    0.10936500
 H                 -0.00007900    4.71132800    2.23559000
 C                 -0.00014500    5.66226300   -0.51652600
 O                 -0.00016800    5.84819700   -1.71602400
 O                 -0.00015400    6.65250200    0.40142400
 H                 -0.00018100    7.48980600   -0.09296200
