1.2693
2.0979
0.1734
0.8963
0.0652
0.1268
0.0377
0.1359
2.1300
1.1178
0.0002
2.9123
0.0542
0.0389
0.0009
3.1453
0.5135
0.1148
0.0008
0.5140
0.1753
0.0533
1.3125
0.1070
8.1902
0.6009
8.3362
0.0465
4.2038
9.2512
1.2720
14.1914
1.6816
0.0263
1.5286
1.1091
6.5190
2.8574
0.7183
42.0466
0.5665
50.7688
1.0648
1.0481
4.0438
11.6319
28.4718
6.5278
14.3253
60.2528
1.4217
48.6330
0.0305
66.6764
10.3166
4.7603
0.1516
3.4067
37.2645
35.2177
0.0011
1.4049
48.3185
27.9695
34.8410
1.8271
0.0003
1.0499
39.8267
3.4576
3.4441
8.6057
37.3898
99.7380
0.0462
0.0043
0.0023
0.2839
2.0386
208.0148
6.7492
72.6807
362.1688
6.3127
1.3161
138.7826
10.2803
344.6729
12.5649
0.9773
31.2952
535.7490
1158.7750
214.1215
0.3848
743.1574
114.3128
0.0130
55.9267
81.0317
0.5608
296.6220
0.0175
0.0588
0.1211
0.0096
37.7832
87.9198
25.4659
0.8606
275.1068
105.2511
5.2951
65.8716
116.3911
65.4433
32.7620
1681.6867
90.5577
301.6414
3.9381
61.9492
150.8306
0.0663
0.1661
25.2147
0.0850
31.8359
0.2464
1.1140
31.1149
5.3632
1.8955
0.4554
2.0055
0.0445
0.0420
0.7060
7.2219
0.1839
141.9103
0.0000
0.0000
0.0000
0.0000
