Frequencies(cm-1)    polar_2nd_zzx        
   1000.00    0.3777783325E-04
   1001.00    0.3648967535E-04
   1002.00    0.3522102779E-04
   1003.00    0.3428140178E-04
   1004.00    0.3361414462E-04
   1005.00    0.3309210723E-04
   1006.00    0.3264356323E-04
   1007.00    0.3223793161E-04
   1008.00    0.3186289648E-04
   1009.00    0.3151323756E-04
   1010.00    0.3118639845E-04
   1011.00    0.3088082573E-04
   1012.00    0.3059535981E-04
   1013.00    0.3032901820E-04
   1014.00    0.3008092404E-04
   1015.00    0.2985028774E-04
   1016.00    0.2963640698E-04
   1017.00    0.2943867245E-04
   1018.00    0.2925657543E-04
   1019.00    0.2908971590E-04
   1020.00    0.2893781174E-04
   1021.00    0.2880070976E-04
   1022.00    0.2867839941E-04
   1023.00    0.2857103064E-04
   1024.00    0.2847893721E-04
   1025.00    0.2840266729E-04
   1026.00    0.2834302354E-04
   1027.00    0.2830111486E-04
   1028.00    0.2827842209E-04
   1029.00    0.2827687766E-04
   1030.00    0.2829895375E-04
   1031.00    0.2834773560E-04
   1032.00    0.2842691103E-04
   1033.00    0.2854048321E-04
   1034.00    0.2869168482E-04
   1035.00    0.2887968888E-04
   1036.00    0.2909040642E-04
   1037.00    0.2927235294E-04
   1038.00    0.2928226474E-04
   1039.00    0.2881705786E-04
   1040.00    0.2755734223E-04
   1041.00    0.2581124701E-04
   1042.00    0.2450860292E-04
   1043.00    0.2399872991E-04
   1044.00    0.2400113957E-04
   1045.00    0.2422531827E-04
   1046.00    0.2452698698E-04
   1047.00    0.2485167650E-04
   1048.00    0.2518397396E-04
   1049.00    0.2552388833E-04
   1050.00    0.2587749317E-04
   1051.00    0.2625347582E-04
   1052.00    0.2666191006E-04
   1053.00    0.2711358534E-04
   1054.00    0.2761864262E-04
   1055.00    0.2818236565E-04
   1056.00    0.2879278807E-04
   1057.00    0.2938679701E-04
   1058.00    0.2976955092E-04
   1059.00    0.2949546005E-04
   1060.00    0.2800661100E-04
   1061.00    0.2556442075E-04
   1062.00    0.2355732831E-04
   1063.00    0.2275856424E-04
   1064.00    0.2285915906E-04
   1065.00    0.2339388028E-04
   1066.00    0.2410494282E-04
   1067.00    0.2488772035E-04
   1068.00    0.2570887449E-04
   1069.00    0.2656448977E-04
   1070.00    0.2746310710E-04
   1071.00    0.2842049483E-04
   1072.00    0.2946147224E-04
   1073.00    0.3063086631E-04
   1074.00    0.3202551858E-04
   1075.00    0.3388158055E-04
   1076.00    0.3679522161E-04
   1077.00    0.4214617568E-04
   1078.00    0.5219805079E-04
   1079.00    0.6738820785E-04
   1080.00    0.7992808594E-04
   1081.00    0.7809078634E-04
   1082.00    0.6409359906E-04
   1083.00    0.4871629243E-04
   1084.00    0.3767692267E-04
   1085.00    0.3197062901E-04
   1086.00    0.3076919347E-04
   1087.00    0.3266291946E-04
   1088.00    0.3647693066E-04
   1089.00    0.4158964123E-04
   1090.00    0.4781131852E-04
   1091.00    0.5521473445E-04
   1092.00    0.6404825874E-04
   1093.00    0.7471746354E-04
   1094.00    0.8781287146E-04
   1095.00    0.1041766964E-03
   1096.00    0.1250110961E-03
   1097.00    0.1520250261E-03
   1098.00    0.1875608708E-03
   1099.00    0.2344027107E-03
   1100.00    0.2941827765E-03
   1101.00    0.3619002801E-03
   1102.00    0.4175218737E-03
   1103.00    0.4351307546E-03
   1104.00    0.4150898126E-03
   1105.00    0.3798131823E-03
   1106.00    0.3455063289E-03
   1107.00    0.3175011790E-03
   1108.00    0.2961569336E-03
   1109.00    0.2804873932E-03
   1110.00    0.2694061137E-03
   1111.00    0.2620327720E-03
   1112.00    0.2577193950E-03
   1113.00    0.2560116353E-03
   1114.00    0.2566057296E-03
   1115.00    0.2593150506E-03
   1116.00    0.2640473928E-03
   1117.00    0.2707913732E-03
   1118.00    0.2796103429E-03
   1119.00    0.2906428752E-03
   1120.00    0.3041097008E-03
   1121.00    0.3203278129E-03
   1122.00    0.3397334534E-03
   1123.00    0.3629169222E-03
   1124.00    0.3906737088E-03
   1125.00    0.4240781628E-03
   1126.00    0.4645866407E-03
   1127.00    0.5141721008E-03
   1128.00    0.5754646267E-03
   1129.00    0.6517649488E-03
   1130.00    0.7464263527E-03
   1131.00    0.8599732116E-03
   1132.00    0.9810101533E-03
   1133.00    0.1069234081E-02
   1134.00    0.1060945114E-02
   1135.00    0.9431610509E-03
   1136.00    0.7813186491E-03
   1137.00    0.6376960603E-03
   1138.00    0.5399990147E-03
   1139.00    0.5014494285E-03
   1140.00    0.5311454252E-03
   1141.00    0.6308080242E-03
   1142.00    0.7928881326E-03
   1143.00    0.9913108144E-03
   1144.00    0.1158826710E-02
   1145.00    0.1214628761E-02
   1146.00    0.1157912846E-02
   1147.00    0.1052703953E-02
   1148.00    0.9458936641E-03
   1149.00    0.8536983504E-03
   1150.00    0.7779854780E-03
   1151.00    0.7164658117E-03
   1152.00    0.6663071557E-03
   1153.00    0.6251053964E-03
   1154.00    0.5910536705E-03
   1155.00    0.5629418607E-03
   1156.00    0.5401343155E-03
   1157.00    0.5222369061E-03
   1158.00    0.5080554718E-03
   1159.00    0.4956375408E-03
   1160.00    0.4841631181E-03
   1161.00    0.4738709568E-03
   1162.00    0.4650066500E-03
   1163.00    0.4576047634E-03
   1164.00    0.4515953222E-03
   1165.00    0.4468829824E-03
   1166.00    0.4433789199E-03
   1167.00    0.4410107583E-03
   1168.00    0.4397245629E-03
   1169.00    0.4394844440E-03
   1170.00    0.4402717675E-03
   1171.00    0.4420846787E-03
   1172.00    0.4449381948E-03
   1173.00    0.4488649975E-03
   1174.00    0.4539170419E-03
   1175.00    0.4601681463E-03
   1176.00    0.4677177984E-03
   1177.00    0.4766965205E-03
   1178.00    0.4872732610E-03
   1179.00    0.4996654068E-03
   1180.00    0.5141520660E-03
   1181.00    0.5310909843E-03
   1182.00    0.5509380825E-03
   1183.00    0.5742639045E-03
   1184.00    0.6017467092E-03
   1185.00    0.6340784189E-03
   1186.00    0.6715927471E-03
   1187.00    0.7130801748E-03
   1188.00    0.7525430711E-03
   1189.00    0.7727867889E-03
   1190.00    0.7439632620E-03
   1191.00    0.6545155548E-03
   1192.00    0.5483252217E-03
   1193.00    0.4797350020E-03
   1194.00    0.4619954634E-03
   1195.00    0.4806877485E-03
   1196.00    0.5201269852E-03
   1197.00    0.5717989856E-03
   1198.00    0.6327006754E-03
   1199.00    0.7029085368E-03
   1200.00    0.7844301787E-03
   1201.00    0.8811737632E-03
   1202.00    0.1000142237E-02
   1203.00    0.1154923139E-02
   1204.00    0.1373148852E-02
   1205.00    0.1702486444E-02
   1206.00    0.2176291364E-02
   1207.00    0.2692053631E-02
   1208.00    0.2978975603E-02
   1209.00    0.2874772163E-02
   1210.00    0.2518186436E-02
   1211.00    0.2120422474E-02
   1212.00    0.1778576466E-02
   1213.00    0.1507547216E-02
   1214.00    0.1296152916E-02
   1215.00    0.1130072788E-02
   1216.00    0.9975758747E-03
   1217.00    0.8900244477E-03
   1218.00    0.8012656935E-03
   1219.00    0.7270222772E-03
   1220.00    0.6645595375E-03
   1221.00    0.6127713846E-03
   1222.00    0.5728342570E-03
   1223.00    0.5488615945E-03
   1224.00    0.5443983722E-03
   1225.00    0.5506420439E-03
   1226.00    0.5485512772E-03
   1227.00    0.5327122013E-03
   1228.00    0.5101649698E-03
   1229.00    0.4869366866E-03
   1230.00    0.4655352095E-03
   1231.00    0.4466253095E-03
   1232.00    0.4302045806E-03
   1233.00    0.4160865088E-03
   1234.00    0.4040690047E-03
   1235.00    0.3939875694E-03
   1236.00    0.3857298763E-03
   1237.00    0.3792391615E-03
   1238.00    0.3745159693E-03
   1239.00    0.3716213232E-03
   1240.00    0.3706813583E-03
   1241.00    0.3718899863E-03
   1242.00    0.3754978025E-03
   1243.00    0.3817517778E-03
   1244.00    0.3906830887E-03
   1245.00    0.4014618913E-03
   1246.00    0.4106765436E-03
   1247.00    0.4089706235E-03
   1248.00    0.3801088657E-03
   1249.00    0.3165111141E-03
   1250.00    0.2388541619E-03
   1251.00    0.1749578910E-03
   1252.00    0.1352371535E-03
   1253.00    0.1167804450E-03
   1254.00    0.1119571770E-03
   1255.00    0.1138159055E-03
   1256.00    0.1182156425E-03
   1257.00    0.1232411333E-03
   1258.00    0.1281335352E-03
   1259.00    0.1326448024E-03
   1260.00    0.1367480977E-03
   1261.00    0.1405416300E-03
   1262.00    0.1442827169E-03
   1263.00    0.1485988847E-03
   1264.00    0.1550686598E-03
   1265.00    0.1674545763E-03
   1266.00    0.1928142048E-03
   1267.00    0.2368246969E-03
   1268.00    0.2868326842E-03
   1269.00    0.3070526908E-03
   1270.00    0.2783114124E-03
   1271.00    0.2253592070E-03
   1272.00    0.1824723986E-03
   1273.00    0.1613771642E-03
   1274.00    0.1571999182E-03
   1275.00    0.1623032813E-03
   1276.00    0.1719247535E-03
   1277.00    0.1839707630E-03
   1278.00    0.1977762442E-03
   1279.00    0.2133545517E-03
   1280.00    0.2310775700E-03
   1281.00    0.2515753632E-03
   1282.00    0.2757454279E-03
   1283.00    0.3048319545E-03
   1284.00    0.3405695994E-03
   1285.00    0.3853978864E-03
   1286.00    0.4427295049E-03
   1287.00    0.5171175927E-03
   1288.00    0.6136212693E-03
   1289.00    0.7339333045E-03
   1290.00    0.8636823306E-03
   1291.00    0.9520933580E-03
   1292.00    0.9286093473E-03
   1293.00    0.7799856720E-03
   1294.00    0.5662637061E-03
   1295.00    0.3694884371E-03
   1296.00    0.2369883859E-03
   1297.00    0.1646320853E-03
   1298.00    0.1289320503E-03
   1299.00    0.1106255566E-03
   1300.00    0.9948181476E-04
   1301.00    0.9125351255E-04
   1302.00    0.8437706584E-04
   1303.00    0.7829575242E-04
   1304.00    0.7280468028E-04
   1305.00    0.6781822672E-04
   1306.00    0.6329041726E-04
   1307.00    0.5918853772E-04
   1308.00    0.5548498707E-04
   1309.00    0.5215521734E-04
   1310.00    0.4917757102E-04
   1311.00    0.4653361547E-04
   1312.00    0.4420854821E-04
   1313.00    0.4219158103E-04
   1314.00    0.4047631731E-04
   1315.00    0.3906116556E-04
   1316.00    0.3794983727E-04
   1317.00    0.3715197709E-04
   1318.00    0.3668397778E-04
   1319.00    0.3657004445E-04
   1320.00    0.3684359851E-04
   1321.00    0.3754915627E-04
   1322.00    0.3874488780E-04
   1323.00    0.4050616768E-04
   1324.00    0.4293058358E-04
   1325.00    0.4614509460E-04
   1326.00    0.5031637270E-04
   1327.00    0.5566589421E-04
   1328.00    0.6249220335E-04
   1329.00    0.7120413400E-04
   1330.00    0.8237086782E-04
   1331.00    0.9679752550E-04
   1332.00    0.1156371876E-03
   1333.00    0.1405445062E-03
   1334.00    0.1738315214E-03
   1335.00    0.2183884666E-03
   1336.00    0.2764458653E-03
   1337.00    0.3448016013E-03
   1338.00    0.4060258985E-03
   1339.00    0.4330858480E-03
   1340.00    0.4209620049E-03
   1341.00    0.3901567140E-03
   1342.00    0.3582341641E-03
   1343.00    0.3317559253E-03
   1344.00    0.3116446374E-03
   1345.00    0.2971367796E-03
   1346.00    0.2872389083E-03
   1347.00    0.2811191607E-03
   1348.00    0.2781650505E-03
   1349.00    0.2779570574E-03
   1350.00    0.2802313736E-03
   1351.00    0.2848503283E-03
   1352.00    0.2917834588E-03
   1353.00    0.3010985554E-03
   1354.00    0.3129618314E-03
   1355.00    0.3276471824E-03
   1356.00    0.3455556715E-03
   1357.00    0.3672478786E-03
   1358.00    0.3934937578E-03
   1359.00    0.4253474356E-03
   1360.00    0.4642580877E-03
   1361.00    0.5122319721E-03
   1362.00    0.5720605391E-03
   1363.00    0.6476073557E-03
   1364.00    0.7440357026E-03
   1365.00    0.8674299222E-03
   1366.00    0.1021850096E-02
   1367.00    0.1198558735E-02
   1368.00    0.1352915972E-02
   1369.00    0.1402005916E-02
   1370.00    0.1310743473E-02
   1371.00    0.1144705263E-02
   1372.00    0.9773502515E-03
   1373.00    0.8374972429E-03
   1374.00    0.7275216218E-03
   1375.00    0.6422493367E-03
   1376.00    0.5759509495E-03
   1377.00    0.5238685735E-03
   1378.00    0.4819818963E-03
   1379.00    0.4460160727E-03
   1380.00    0.4096224417E-03
   1381.00    0.3622877529E-03
   1382.00    0.2927035189E-03
   1383.00    0.2049343321E-03
   1384.00    0.1218216971E-03
   1385.00    0.5859170313E-04
   1386.00    0.1836919081E-04
   1387.00    0.3202799107E-04
   1388.00    0.6437914473E-04
   1389.00    0.1009979015E-03
   1390.00    0.1455033516E-03
   1391.00    0.2026966246E-03
   1392.00    0.2788690722E-03
   1393.00    0.3827732684E-03
   1394.00    0.5259210865E-03
   1395.00    0.7187347421E-03
   1396.00    0.9530412518E-03
   1397.00    0.1168000499E-02
   1398.00    0.1261150898E-02
   1399.00    0.1187386218E-02
   1400.00    0.9938769199E-03
   1401.00    0.7795675410E-03
   1402.00    0.6185383079E-03
   1403.00    0.5138517961E-03
   1404.00    0.4508357907E-03
   1405.00    0.4233125835E-03
   1406.00    0.4205930146E-03
   1407.00    0.4318377091E-03
   1408.00    0.4512885794E-03
   1409.00    0.4770756673E-03
   1410.00    0.5093741157E-03
   1411.00    0.5495171683E-03
   1412.00    0.5997668054E-03
   1413.00    0.6634351348E-03
   1414.00    0.7452102817E-03
   1415.00    0.8515350995E-03
   1416.00    0.9905079988E-03
   1417.00    0.1169322965E-02
   1418.00    0.1383447268E-02
   1419.00    0.1590096144E-02
   1420.00    0.1694855256E-02
   1421.00    0.1638982493E-02
   1422.00    0.1484195085E-02
   1423.00    0.1319962376E-02
   1424.00    0.1187504204E-02
   1425.00    0.1094390547E-02
   1426.00    0.1037708587E-02
   1427.00    0.1013561061E-02
   1428.00    0.1019148534E-02
   1429.00    0.1051245477E-02
   1430.00    0.1100182019E-02
   1431.00    0.1136952554E-02
   1432.00    0.1107702323E-02
   1433.00    0.9818660199E-03
   1434.00    0.8051738551E-03
   1435.00    0.6399323245E-03
   1436.00    0.5097036829E-03
   1437.00    0.4126573893E-03
   1438.00    0.3408404582E-03
   1439.00    0.2870846585E-03
   1440.00    0.2461504995E-03
   1441.00    0.2144103970E-03
   1442.00    0.1893702407E-03
   1443.00    0.1692974816E-03
   1444.00    0.1529684222E-03
   1445.00    0.1395032433E-03
   1446.00    0.1282605351E-03
   1447.00    0.1187740184E-03
   1448.00    0.1107262853E-03
   1449.00    0.1039715254E-03
   1450.00    0.9865298492E-04
   1451.00    0.9553322901E-04
   1452.00    0.9676775071E-04
   1453.00    0.1072814099E-03
   1454.00    0.1360650995E-03
   1455.00    0.1962969458E-03
   1456.00    0.3048044681E-03
   1457.00    0.4744495748E-03
   1458.00    0.6798417167E-03
   1459.00    0.8237672472E-03
   1460.00    0.8229175628E-03
   1461.00    0.7174600078E-03
   1462.00    0.5929567083E-03
   1463.00    0.4904141525E-03
   1464.00    0.4152087233E-03
   1465.00    0.3620308921E-03
   1466.00    0.3248889676E-03
   1467.00    0.2992449874E-03
   1468.00    0.2819798086E-03
   1469.00    0.2710035015E-03
   1470.00    0.2649209288E-03
   1471.00    0.2628008045E-03
   1472.00    0.2640254164E-03
   1473.00    0.2681941686E-03
   1474.00    0.2750614799E-03
   1475.00    0.2844964247E-03
   1476.00    0.2964562261E-03
   1477.00    0.3109688315E-03
   1478.00    0.3281221951E-03
   1479.00    0.3480607672E-03
   1480.00    0.3709955411E-03
   1481.00    0.3972492936E-03
   1482.00    0.4274018297E-03
   1483.00    0.4627246191E-03
   1484.00    0.5064493854E-03
   1485.00    0.5673390311E-03
   1486.00    0.6686841242E-03
   1487.00    0.8646803142E-03
   1488.00    0.1248321982E-02
   1489.00    0.1902460056E-02
   1490.00    0.2785906505E-02
   1491.00    0.3737136759E-02
   1492.00    0.4638010799E-02
   1493.00    0.5422880706E-02
   1494.00    0.6087158922E-02
   1495.00    0.6578846188E-02
   1496.00    0.6502461744E-02
   1497.00    0.5561983973E-02
   1498.00    0.4080985053E-02
   1499.00    0.2670910249E-02
   1500.00    0.1661842472E-02
   1501.00    0.1041113602E-02
   1502.00    0.6932058673E-03
   1503.00    0.5187639890E-03
   1504.00    0.4484548596E-03
   1505.00    0.4440664066E-03
   1506.00    0.5026523322E-03
   1507.00    0.6453179460E-03
   1508.00    0.8847497696E-03
   1509.00    0.1179098607E-02
   1510.00    0.1422201062E-02
   1511.00    0.1545870985E-02
   1512.00    0.1575765056E-02
   1513.00    0.1555946451E-02
   1514.00    0.1517217986E-02
   1515.00    0.1494762701E-02
   1516.00    0.1514319113E-02
   1517.00    0.1585493464E-02
   1518.00    0.1728206518E-02
   1519.00    0.1985125168E-02
   1520.00    0.2369668590E-02
   1521.00    0.2750258496E-02
   1522.00    0.2887214576E-02
   1523.00    0.2662534358E-02
   1524.00    0.2228814179E-02
   1525.00    0.1833931188E-02
   1526.00    0.1591401475E-02
   1527.00    0.1458477252E-02
   1528.00    0.1314382075E-02
   1529.00    0.1105203965E-02
   1530.00    0.8714367959E-03
   1531.00    0.6504933693E-03
   1532.00    0.4438590908E-03
   1533.00    0.2319638563E-03
   1534.00    0.1067603829E-03
   1535.00    0.4755149799E-03
   1536.00    0.1108631359E-02
   1537.00    0.2027615687E-02
   1538.00    0.3006200177E-02
   1539.00    0.3529574652E-02
   1540.00    0.3392113541E-02
   1541.00    0.2905691798E-02
   1542.00    0.2391415814E-02
   1543.00    0.1966423243E-02
   1544.00    0.1639244031E-02
   1545.00    0.1390231141E-02
   1546.00    0.1198258101E-02
   1547.00    0.1046795234E-02
   1548.00    0.9247571431E-03
   1549.00    0.8247994172E-03
   1550.00    0.7416932909E-03
   1551.00    0.6715967451E-03
   1552.00    0.6116641117E-03
   1553.00    0.5597676897E-03
   1554.00    0.5142946046E-03
   1555.00    0.4740022779E-03
   1556.00    0.4379166160E-03
   1557.00    0.4052600943E-03
   1558.00    0.3754006077E-03
   1559.00    0.3478150524E-03
   1560.00    0.3220640543E-03
   1561.00    0.2977764733E-03
   1562.00    0.2746450096E-03
   1563.00    0.2524387336E-03
   1564.00    0.2310474786E-03
   1565.00    0.2105928533E-03
   1566.00    0.1916826338E-03
   1567.00    0.1759564624E-03
   1568.00    0.1670794139E-03
   1569.00    0.1717852528E-03
   1570.00    0.1991269788E-03
   1571.00    0.2575659910E-03
   1572.00    0.3543058707E-03
   1573.00    0.4952144713E-03
   1574.00    0.6743804025E-03
   1575.00    0.8514171296E-03
   1576.00    0.9634539309E-03
   1577.00    0.9956166850E-03
   1578.00    0.9809877380E-03
   1579.00    0.9386109766E-03
   1580.00    0.8539297268E-03
   1581.00    0.7072169956E-03
   1582.00    0.5248380615E-03
   1583.00    0.3609859949E-03
   1584.00    0.2398404281E-03
   1585.00    0.1574457632E-03
   1586.00    0.1032216652E-03
   1587.00    0.6863336449E-04
   1588.00    0.4848546162E-04
   1589.00    0.4075288185E-04
   1590.00    0.4549750637E-04
   1591.00    0.6238620020E-04
   1592.00    0.8915988558E-04
   1593.00    0.1184376219E-03
   1594.00    0.1390024375E-03
   1595.00    0.1470546357E-03
   1596.00    0.1471754022E-03
   1597.00    0.1441249045E-03
   1598.00    0.1402620981E-03
   1599.00    0.1364593420E-03
   1600.00    0.1329733924E-03
   1601.00    0.1298426666E-03
   1602.00    0.1270378918E-03
   1603.00    0.1245150802E-03
   1604.00    0.1222327007E-03
   1605.00    0.1201561720E-03
   1606.00    0.1182580934E-03
   1607.00    0.1165172351E-03
   1608.00    0.1149173389E-03
   1609.00    0.1134460581E-03
   1610.00    0.1120941105E-03
   1611.00    0.1108546316E-03
   1612.00    0.1097226926E-03
   1613.00    0.1086949476E-03
   1614.00    0.1077693807E-03
   1615.00    0.1069451289E-03
   1616.00    0.1062223652E-03
   1617.00    0.1056022280E-03
   1618.00    0.1050867899E-03
   1619.00    0.1046790598E-03
   1620.00    0.1043830152E-03
   1621.00    0.1042036640E-03
   1622.00    0.1041471364E-03
   1623.00    0.1042208089E-03
   1624.00    0.1044334649E-03
   1625.00    0.1047954984E-03
   1626.00    0.1053191680E-03
   1627.00    0.1060189145E-03
   1628.00    0.1069117558E-03
   1629.00    0.1080177807E-03
   1630.00    0.1093607677E-03
   1631.00    0.1109689663E-03
   1632.00    0.1128760895E-03
   1633.00    0.1151225853E-03
   1634.00    0.1177572791E-03
   1635.00    0.1208395171E-03
   1636.00    0.1244419930E-03
   1637.00    0.1286545166E-03
   1638.00    0.1335891027E-03
   1639.00    0.1393869293E-03
   1640.00    0.1462279826E-03
   1641.00    0.1543446151E-03
   1642.00    0.1640408658E-03
   1643.00    0.1757203473E-03
   1644.00    0.1899268764E-03
   1645.00    0.2074037931E-03
   1646.00    0.2291792220E-03
   1647.00    0.2566814518E-03
   1648.00    0.2918656311E-03
   1649.00    0.3372343312E-03
   1650.00    0.3952798197E-03
   1651.00    0.4658516979E-03
   1652.00    0.5386321644E-03
   1653.00    0.5844696133E-03
   1654.00    0.5737546201E-03
   1655.00    0.5169496960E-03
   1656.00    0.4481080930E-03
   1657.00    0.3872400703E-03
   1658.00    0.3389495113E-03
   1659.00    0.3019658309E-03
   1660.00    0.2739333322E-03
   1661.00    0.2527966817E-03
   1662.00    0.2370204922E-03
   1663.00    0.2255188383E-03
   1664.00    0.2175475703E-03
   1665.00    0.2126179136E-03
   1666.00    0.2104381577E-03
   1667.00    0.2108793649E-03
   1668.00    0.2139607889E-03
   1669.00    0.2198528260E-03
   1670.00    0.2288977559E-03
   1671.00    0.2416505533E-03
   1672.00    0.2589422147E-03
   1673.00    0.2819605858E-03
   1674.00    0.3123078585E-03
   1675.00    0.3518597569E-03
   1676.00    0.4018154242E-03
   1677.00    0.4592754875E-03
   1678.00    0.5095296169E-03
   1679.00    0.5233214888E-03
   1680.00    0.4847945113E-03
   1681.00    0.4164388076E-03
   1682.00    0.3475489836E-03
   1683.00    0.2901995104E-03
   1684.00    0.2452637794E-03
   1685.00    0.2104020654E-03
   1686.00    0.1831164647E-03
   1687.00    0.1614392782E-03
   1688.00    0.1439374813E-03
   1689.00    0.1295859966E-03
   1690.00    0.1176488223E-03
   1691.00    0.1075911198E-03
   1692.00    0.9901838374E-04
   1693.00    0.9163506768E-04
   1694.00    0.8521639467E-04
   1695.00    0.7958896170E-04
   1696.00    0.7461721842E-04
   1697.00    0.7019390504E-04
   1698.00    0.6623319154E-04
   1699.00    0.6266568546E-04
   1700.00    0.5943475035E-04
   1701.00    0.5649375618E-04
   1702.00    0.5380400136E-04
   1703.00    0.5133312469E-04
   1704.00    0.4905387923E-04
   1705.00    0.4694317628E-04
   1706.00    0.4498133328E-04
   1707.00    0.4315147708E-04
   1708.00    0.4143906674E-04
   1709.00    0.3983150905E-04
   1710.00    0.3831784668E-04
   1711.00    0.3688850343E-04
   1712.00    0.3553507503E-04
   1713.00    0.3425015617E-04
   1714.00    0.3302719683E-04
   1715.00    0.3186038225E-04
   1716.00    0.3074453220E-04
   1717.00    0.2967501603E-04
   1718.00    0.2864768073E-04
   1719.00    0.2765878971E-04
   1720.00    0.2670497058E-04
   1721.00    0.2578317034E-04
   1722.00    0.2489061688E-04
   1723.00    0.2402478569E-04
   1724.00    0.2318337108E-04
   1725.00    0.2236426123E-04
   1726.00    0.2156551636E-04
   1727.00    0.2078534981E-04
   1728.00    0.2002211146E-04
   1729.00    0.1927427318E-04
   1730.00    0.1854041619E-04
   1731.00    0.1781922002E-04
   1732.00    0.1710945281E-04
   1733.00    0.1640996314E-04
   1734.00    0.1571967288E-04
   1735.00    0.1503757139E-04
   1736.00    0.1436271091E-04
   1737.00    0.1369420321E-04
   1738.00    0.1303121772E-04
   1739.00    0.1237298138E-04
   1740.00    0.1171878067E-04
   1741.00    0.1106796643E-04
   1742.00    0.1041996265E-04
   1743.00    0.9774280736E-05
   1744.00    0.9130541983E-05
   1745.00    0.8488512441E-05
   1746.00    0.7848157135E-05
   1747.00    0.7209725558E-05
   1748.00    0.6573889204E-05
   1749.00    0.5941968725E-05
   1750.00    0.5316320882E-05
   1751.00    0.4701020116E-05
   1752.00    0.4103098026E-05
   1753.00    0.3534843604E-05
   1754.00    0.3017993977E-05
   1755.00    0.2590371132E-05
   1756.00    0.2311133939E-05
   1757.00    0.2247136603E-05
   1758.00    0.2426757366E-05
   1759.00    0.2814554682E-05
   1760.00    0.3349229635E-05
   1761.00    0.3981842916E-05
   1762.00    0.4682303224E-05
   1763.00    0.5433610667E-05
   1764.00    0.6226394665E-05
   1765.00    0.7055618354E-05
   1766.00    0.7918775657E-05
   1767.00    0.8814913098E-05
   1768.00    0.9744089114E-05
   1769.00    0.1070706840E-04
   1770.00    0.1170514656E-04
   1771.00    0.1274005006E-04
   1772.00    0.1381388154E-04
   1773.00    0.1492909420E-04
   1774.00    0.1608848578E-04
   1775.00    0.1729520698E-04
   1776.00    0.1855278130E-04
   1777.00    0.1986513500E-04
   1778.00    0.2123663659E-04
   1779.00    0.2267214614E-04
   1780.00    0.2417707526E-04
   1781.00    0.2575745890E-04
   1782.00    0.2742004113E-04
   1783.00    0.2917237711E-04
   1784.00    0.3102295451E-04
   1785.00    0.3298133851E-04
   1786.00    0.3505834541E-04
   1787.00    0.3726625149E-04
   1788.00    0.3961904544E-04
   1789.00    0.4213273514E-04
   1790.00    0.4482572281E-04
   1791.00    0.4771926647E-04
   1792.00    0.5083805191E-04
   1793.00    0.5421090651E-04
   1794.00    0.5787169747E-04
   1795.00    0.6186047165E-04
   1796.00    0.6622491525E-04
   1797.00    0.7102224138E-04
   1798.00    0.7632165662E-04
   1799.00    0.8220762016E-04
   1800.00    0.8878420194E-04
   1801.00    0.9618098451E-04
   1802.00    0.1045611626E-03
   1803.00    0.1141328152E-03
   1804.00    0.1251648159E-03
   1805.00    0.1380096041E-03
   1806.00    0.1531361764E-03
   1807.00    0.1711782774E-03
   1808.00    0.1930046954E-03
   1809.00    0.2198193692E-03
   1810.00    0.2532923664E-03
   1811.00    0.2956844622E-03
   1812.00    0.3497725494E-03
   1813.00    0.4178487264E-03
   1814.00    0.4976937532E-03
   1815.00    0.5728693246E-03
   1816.00    0.6078616110E-03
   1817.00    0.5804083942E-03
   1818.00    0.5136102092E-03
   1819.00    0.4413181083E-03
   1820.00    0.3789469761E-03
   1821.00    0.3288720902E-03
   1822.00    0.2892713696E-03
   1823.00    0.2577674138E-03
   1824.00    0.2323741591E-03
   1825.00    0.2116001129E-03
   1826.00    0.1943567177E-03
   1827.00    0.1798506888E-03
   1828.00    0.1674986676E-03
   1829.00    0.1568660144E-03
   1830.00    0.1476242234E-03
   1831.00    0.1395214353E-03
   1832.00    0.1323618980E-03
   1833.00    0.1259915040E-03
   1834.00    0.1202874788E-03
   1835.00    0.1151509279E-03
   1836.00    0.1105013806E-03
   1837.00    0.1062727420E-03
   1838.00    0.1024102553E-03
   1839.00    0.9886819380E-04
   1840.00    0.9560808918E-04
   1841.00    0.9259735793E-04
   1842.00    0.8980822538E-04
   1843.00    0.8721687601E-04
   1844.00    0.8480277643E-04
   1845.00    0.8254813196E-04
   1846.00    0.8043744700E-04
   1847.00    0.7845716711E-04
   1848.00    0.7659538553E-04
   1849.00    0.7484160121E-04
   1850.00    0.7318651802E-04
   1851.00    0.7162187733E-04
   1852.00    0.7014031766E-04
   1853.00    0.6873525639E-04
   1854.00    0.6740078965E-04
   1855.00    0.6613160728E-04
   1856.00    0.6492292015E-04
   1857.00    0.6377039789E-04
   1858.00    0.6267011537E-04
   1859.00    0.6161850644E-04
   1860.00    0.6061232382E-04
   1861.00    0.5964860432E-04
   1862.00    0.5872463846E-04
   1863.00    0.5783794387E-04
   1864.00    0.5698624204E-04
   1865.00    0.5616743778E-04
   1866.00    0.5537960118E-04
   1867.00    0.5462095162E-04
   1868.00    0.5388984358E-04
   1869.00    0.5318475410E-04
   1870.00    0.5250427155E-04
   1871.00    0.5184708563E-04
   1872.00    0.5121197843E-04
   1873.00    0.5059781644E-04
   1874.00    0.5000354333E-04
   1875.00    0.4942817350E-04
   1876.00    0.4887078622E-04
   1877.00    0.4833052042E-04
   1878.00    0.4780656986E-04
   1879.00    0.4729817889E-04
   1880.00    0.4680463849E-04
   1881.00    0.4632528273E-04
   1882.00    0.4585948556E-04
   1883.00    0.4540665781E-04
   1884.00    0.4496624457E-04
   1885.00    0.4453772267E-04
   1886.00    0.4412059848E-04
   1887.00    0.4371440581E-04
   1888.00    0.4331870403E-04
   1889.00    0.4293307638E-04
   1890.00    0.4255712829E-04
   1891.00    0.4219048600E-04
   1892.00    0.4183279512E-04
   1893.00    0.4148371945E-04
   1894.00    0.4114293978E-04
   1895.00    0.4081015287E-04
   1896.00    0.4048507039E-04
   1897.00    0.4016741808E-04
   1898.00    0.3985693486E-04
   1899.00    0.3955337203E-04
   1900.00    0.3925649259E-04
   1901.00    0.3896607051E-04
   1902.00    0.3868189011E-04
   1903.00    0.3840374550E-04
   1904.00    0.3813143997E-04
   1905.00    0.3786478553E-04
   1906.00    0.3760360242E-04
   1907.00    0.3734771863E-04
   1908.00    0.3709696953E-04
   1909.00    0.3685119743E-04
   1910.00    0.3661025125E-04
   1911.00    0.3637398616E-04
   1912.00    0.3614226326E-04
   1913.00    0.3591494927E-04
   1914.00    0.3569191625E-04
   1915.00    0.3547304135E-04
   1916.00    0.3525820653E-04
   1917.00    0.3504729833E-04
   1918.00    0.3484020768E-04
   1919.00    0.3463682963E-04
   1920.00    0.3443706321E-04
   1921.00    0.3424081121E-04
   1922.00    0.3404798001E-04
   1923.00    0.3385847943E-04
   1924.00    0.3367222255E-04
   1925.00    0.3348912558E-04
   1926.00    0.3330910770E-04
   1927.00    0.3313209094E-04
   1928.00    0.3295800006E-04
   1929.00    0.3278676242E-04
   1930.00    0.3261830786E-04
   1931.00    0.3245256863E-04
   1932.00    0.3228947923E-04
   1933.00    0.3212897637E-04
   1934.00    0.3197099884E-04
   1935.00    0.3181548744E-04
   1936.00    0.3166238489E-04
   1937.00    0.3151163576E-04
   1938.00    0.3136318640E-04
   1939.00    0.3121698485E-04
   1940.00    0.3107298077E-04
   1941.00    0.3093112541E-04
   1942.00    0.3079137151E-04
   1943.00    0.3065367327E-04
   1944.00    0.3051798627E-04
   1945.00    0.3038426744E-04
   1946.00    0.3025247499E-04
   1947.00    0.3012256838E-04
   1948.00    0.2999450823E-04
   1949.00    0.2986825636E-04
   1950.00    0.2974377566E-04
   1951.00    0.2962103009E-04
   1952.00    0.2949998465E-04
   1953.00    0.2938060532E-04
   1954.00    0.2926285905E-04
   1955.00    0.2914671368E-04
   1956.00    0.2903213799E-04
   1957.00    0.2891910156E-04
   1958.00    0.2880757484E-04
   1959.00    0.2869752906E-04
   1960.00    0.2858893624E-04
   1961.00    0.2848176912E-04
   1962.00    0.2837600119E-04
   1963.00    0.2827160661E-04
   1964.00    0.2816856023E-04
   1965.00    0.2806683756E-04
   1966.00    0.2796641471E-04
   1967.00    0.2786726843E-04
   1968.00    0.2776937606E-04
   1969.00    0.2767271547E-04
   1970.00    0.2757726514E-04
   1971.00    0.2748300405E-04
   1972.00    0.2738991171E-04
   1973.00    0.2729796812E-04
   1974.00    0.2720715379E-04
   1975.00    0.2711744968E-04
   1976.00    0.2702883722E-04
   1977.00    0.2694129828E-04
   1978.00    0.2685481515E-04
   1979.00    0.2676937057E-04
   1980.00    0.2668494764E-04
   1981.00    0.2660152988E-04
   1982.00    0.2651910119E-04
   1983.00    0.2643764584E-04
   1984.00    0.2635714845E-04
   1985.00    0.2627759399E-04
   1986.00    0.2619896778E-04
   1987.00    0.2612125546E-04
   1988.00    0.2604444300E-04
   1989.00    0.2596851665E-04
   1990.00    0.2589346301E-04
   1991.00    0.2581926894E-04
   1992.00    0.2574592160E-04
   1993.00    0.2567340841E-04
   1994.00    0.2560171708E-04
   1995.00    0.2553083557E-04
   1996.00    0.2546075211E-04
   1997.00    0.2539145516E-04
   1998.00    0.2532293343E-04
   1999.00    0.2525517588E-04
   2000.00    0.2518817168E-04
   2001.00    0.2512191023E-04
   2002.00    0.2505638114E-04
   2003.00    0.2499157425E-04
   2004.00    0.2492747960E-04
   2005.00    0.2486408741E-04
   2006.00    0.2480138813E-04
   2007.00    0.2473937238E-04
   2008.00    0.2467803096E-04
   2009.00    0.2461735487E-04
   2010.00    0.2455733528E-04
   2011.00    0.2449796353E-04
   2012.00    0.2443923114E-04
   2013.00    0.2438112976E-04
   2014.00    0.2432365125E-04
   2015.00    0.2426678758E-04
   2016.00    0.2421053090E-04
   2017.00    0.2415487351E-04
   2018.00    0.2409980784E-04
   2019.00    0.2404532647E-04
   2020.00    0.2399142211E-04
   2021.00    0.2393808763E-04
   2022.00    0.2388531600E-04
   2023.00    0.2383310033E-04
   2024.00    0.2378143388E-04
   2025.00    0.2373030999E-04
   2026.00    0.2367972215E-04
   2027.00    0.2362966396E-04
   2028.00    0.2358012915E-04
   2029.00    0.2353111152E-04
   2030.00    0.2348260503E-04
   2031.00    0.2343460371E-04
   2032.00    0.2338710171E-04
   2033.00    0.2334009329E-04
   2034.00    0.2329357280E-04
   2035.00    0.2324753468E-04
   2036.00    0.2320197349E-04
   2037.00    0.2315688386E-04
   2038.00    0.2311226052E-04
   2039.00    0.2306809830E-04
   2040.00    0.2302439209E-04
   2041.00    0.2298113691E-04
   2042.00    0.2293832783E-04
   2043.00    0.2289596000E-04
   2044.00    0.2285402868E-04
   2045.00    0.2281252918E-04
   2046.00    0.2277145691E-04
   2047.00    0.2273080733E-04
   2048.00    0.2269057600E-04
   2049.00    0.2265075854E-04
   2050.00    0.2261135064E-04
   2051.00    0.2257234806E-04
   2052.00    0.2253374664E-04
   2053.00    0.2249554226E-04
   2054.00    0.2245773091E-04
   2055.00    0.2242030860E-04
   2056.00    0.2238327143E-04
   2057.00    0.2234661554E-04
   2058.00    0.2231033715E-04
   2059.00    0.2227443254E-04
   2060.00    0.2223889804E-04
   2061.00    0.2220373003E-04
   2062.00    0.2216892496E-04
   2063.00    0.2213447932E-04
   2064.00    0.2210038968E-04
   2065.00    0.2206665263E-04
   2066.00    0.2203326484E-04
   2067.00    0.2200022301E-04
   2068.00    0.2196752390E-04
   2069.00    0.2193516432E-04
   2070.00    0.2190314113E-04
   2071.00    0.2187145123E-04
   2072.00    0.2184009157E-04
   2073.00    0.2180905914E-04
   2074.00    0.2177835098E-04
   2075.00    0.2174796418E-04
   2076.00    0.2171789586E-04
   2077.00    0.2168814319E-04
   2078.00    0.2165870339E-04
   2079.00    0.2162957370E-04
   2080.00    0.2160075141E-04
   2081.00    0.2157223386E-04
   2082.00    0.2154401840E-04
   2083.00    0.2151610246E-04
   2084.00    0.2148848348E-04
   2085.00    0.2146115893E-04
   2086.00    0.2143412633E-04
   2087.00    0.2140738323E-04
   2088.00    0.2138092723E-04
   2089.00    0.2135475594E-04
   2090.00    0.2132886702E-04
   2091.00    0.2130325816E-04
   2092.00    0.2127792707E-04
   2093.00    0.2125287151E-04
   2094.00    0.2122808926E-04
   2095.00    0.2120357814E-04
   2096.00    0.2117933599E-04
   2097.00    0.2115536068E-04
   2098.00    0.2113165013E-04
   2099.00    0.2110820226E-04
   2100.00    0.2108501504E-04
   2101.00    0.2106208645E-04
   2102.00    0.2103941452E-04
   2103.00    0.2101699728E-04
   2104.00    0.2099483280E-04
   2105.00    0.2097291919E-04
   2106.00    0.2095125457E-04
   2107.00    0.2092983708E-04
   2108.00    0.2090866489E-04
   2109.00    0.2088773621E-04
   2110.00    0.2086704926E-04
   2111.00    0.2084660228E-04
   2112.00    0.2082639353E-04
   2113.00    0.2080642132E-04
   2114.00    0.2078668396E-04
   2115.00    0.2076717978E-04
   2116.00    0.2074790714E-04
   2117.00    0.2072886443E-04
   2118.00    0.2071005004E-04
   2119.00    0.2069146241E-04
   2120.00    0.2067309996E-04
   2121.00    0.2065496118E-04
   2122.00    0.2063704454E-04
   2123.00    0.2061934854E-04
   2124.00    0.2060187172E-04
   2125.00    0.2058461261E-04
   2126.00    0.2056756978E-04
   2127.00    0.2055074180E-04
   2128.00    0.2053412728E-04
   2129.00    0.2051772484E-04
   2130.00    0.2050153311E-04
   2131.00    0.2048555073E-04
   2132.00    0.2046977640E-04
   2133.00    0.2045420878E-04
   2134.00    0.2043884658E-04
   2135.00    0.2042368854E-04
   2136.00    0.2040873337E-04
   2137.00    0.2039397985E-04
   2138.00    0.2037942673E-04
   2139.00    0.2036507280E-04
   2140.00    0.2035091686E-04
   2141.00    0.2033695774E-04
   2142.00    0.2032319426E-04
   2143.00    0.2030962526E-04
   2144.00    0.2029624961E-04
   2145.00    0.2028306619E-04
   2146.00    0.2027007388E-04
   2147.00    0.2025727159E-04
   2148.00    0.2024465823E-04
   2149.00    0.2023223274E-04
   2150.00    0.2021999407E-04
   2151.00    0.2020794116E-04
   2152.00    0.2019607300E-04
   2153.00    0.2018438857E-04
   2154.00    0.2017288687E-04
   2155.00    0.2016156690E-04
   2156.00    0.2015042769E-04
   2157.00    0.2013946828E-04
   2158.00    0.2012868771E-04
   2159.00    0.2011808504E-04
   2160.00    0.2010765935E-04
   2161.00    0.2009740972E-04
   2162.00    0.2008733524E-04
   2163.00    0.2007743502E-04
   2164.00    0.2006770819E-04
   2165.00    0.2005815385E-04
   2166.00    0.2004877117E-04
   2167.00    0.2003955929E-04
   2168.00    0.2003051737E-04
   2169.00    0.2002164458E-04
   2170.00    0.2001294011E-04
   2171.00    0.2000440315E-04
   2172.00    0.1999603291E-04
   2173.00    0.1998782860E-04
   2174.00    0.1997978944E-04
   2175.00    0.1997191467E-04
   2176.00    0.1996420354E-04
   2177.00    0.1995665529E-04
   2178.00    0.1994926919E-04
   2179.00    0.1994204451E-04
   2180.00    0.1993498054E-04
   2181.00    0.1992807656E-04
   2182.00    0.1992133189E-04
   2183.00    0.1991474582E-04
   2184.00    0.1990831768E-04
   2185.00    0.1990204679E-04
   2186.00    0.1989593249E-04
   2187.00    0.1988997413E-04
   2188.00    0.1988417106E-04
   2189.00    0.1987852264E-04
   2190.00    0.1987302824E-04
   2191.00    0.1986768725E-04
   2192.00    0.1986249904E-04
   2193.00    0.1985746302E-04
   2194.00    0.1985257858E-04
   2195.00    0.1984784515E-04
   2196.00    0.1984326213E-04
   2197.00    0.1983882896E-04
   2198.00    0.1983454507E-04
   2199.00    0.1983040990E-04
   2200.00    0.1982642291E-04
   2201.00    0.1982258355E-04
   2202.00    0.1981889128E-04
   2203.00    0.1981534558E-04
   2204.00    0.1981194592E-04
   2205.00    0.1980869180E-04
   2206.00    0.1980558271E-04
   2207.00    0.1980261815E-04
   2208.00    0.1979979762E-04
   2209.00    0.1979712065E-04
   2210.00    0.1979458675E-04
   2211.00    0.1979219546E-04
   2212.00    0.1978994630E-04
   2213.00    0.1978783882E-04
   2214.00    0.1978587256E-04
   2215.00    0.1978404710E-04
   2216.00    0.1978236197E-04
   2217.00    0.1978081676E-04
   2218.00    0.1977941104E-04
   2219.00    0.1977814439E-04
   2220.00    0.1977701639E-04
   2221.00    0.1977602664E-04
   2222.00    0.1977517474E-04
   2223.00    0.1977446029E-04
   2224.00    0.1977388290E-04
   2225.00    0.1977344220E-04
   2226.00    0.1977313781E-04
   2227.00    0.1977296935E-04
   2228.00    0.1977293646E-04
   2229.00    0.1977303878E-04
   2230.00    0.1977327596E-04
   2231.00    0.1977364765E-04
   2232.00    0.1977415351E-04
   2233.00    0.1977479320E-04
   2234.00    0.1977556640E-04
   2235.00    0.1977647277E-04
   2236.00    0.1977751200E-04
   2237.00    0.1977868377E-04
   2238.00    0.1977998778E-04
   2239.00    0.1978142372E-04
   2240.00    0.1978299129E-04
   2241.00    0.1978469020E-04
   2242.00    0.1978652016E-04
   2243.00    0.1978848089E-04
   2244.00    0.1979057211E-04
   2245.00    0.1979279356E-04
   2246.00    0.1979514496E-04
   2247.00    0.1979762604E-04
   2248.00    0.1980023657E-04
   2249.00    0.1980297628E-04
   2250.00    0.1980584492E-04
   2251.00    0.1980884225E-04
   2252.00    0.1981196804E-04
   2253.00    0.1981522206E-04
   2254.00    0.1981860407E-04
   2255.00    0.1982211386E-04
   2256.00    0.1982575120E-04
   2257.00    0.1982951589E-04
   2258.00    0.1983340771E-04
   2259.00    0.1983742646E-04
   2260.00    0.1984157194E-04
   2261.00    0.1984584396E-04
   2262.00    0.1985024232E-04
   2263.00    0.1985476685E-04
   2264.00    0.1985941736E-04
   2265.00    0.1986419367E-04
   2266.00    0.1986909561E-04
   2267.00    0.1987412303E-04
   2268.00    0.1987927574E-04
   2269.00    0.1988455360E-04
   2270.00    0.1988995645E-04
   2271.00    0.1989548413E-04
   2272.00    0.1990113652E-04
   2273.00    0.1990691346E-04
   2274.00    0.1991281481E-04
   2275.00    0.1991884045E-04
   2276.00    0.1992499025E-04
   2277.00    0.1993126408E-04
   2278.00    0.1993766183E-04
   2279.00    0.1994418338E-04
   2280.00    0.1995082861E-04
   2281.00    0.1995759742E-04
   2282.00    0.1996448971E-04
   2283.00    0.1997150538E-04
   2284.00    0.1997864433E-04
   2285.00    0.1998590648E-04
   2286.00    0.1999329173E-04
   2287.00    0.2000080001E-04
   2288.00    0.2000843123E-04
   2289.00    0.2001618533E-04
   2290.00    0.2002406223E-04
   2291.00    0.2003206187E-04
   2292.00    0.2004018418E-04
   2293.00    0.2004842910E-04
   2294.00    0.2005679659E-04
   2295.00    0.2006528659E-04
   2296.00    0.2007389906E-04
   2297.00    0.2008263394E-04
   2298.00    0.2009149122E-04
   2299.00    0.2010047084E-04
   2300.00    0.2010957278E-04
   2301.00    0.2011879702E-04
   2302.00    0.2012814353E-04
   2303.00    0.2013761228E-04
   2304.00    0.2014720328E-04
   2305.00    0.2015691650E-04
   2306.00    0.2016675193E-04
   2307.00    0.2017670958E-04
   2308.00    0.2018678945E-04
   2309.00    0.2019699153E-04
   2310.00    0.2020731584E-04
   2311.00    0.2021776239E-04
   2312.00    0.2022833120E-04
   2313.00    0.2023902228E-04
   2314.00    0.2024983565E-04
   2315.00    0.2026077135E-04
   2316.00    0.2027182940E-04
   2317.00    0.2028300985E-04
   2318.00    0.2029431272E-04
   2319.00    0.2030573805E-04
   2320.00    0.2031728591E-04
   2321.00    0.2032895633E-04
   2322.00    0.2034074937E-04
   2323.00    0.2035266508E-04
   2324.00    0.2036470353E-04
   2325.00    0.2037686478E-04
   2326.00    0.2038914890E-04
   2327.00    0.2040155596E-04
   2328.00    0.2041408603E-04
   2329.00    0.2042673921E-04
   2330.00    0.2043951556E-04
   2331.00    0.2045241518E-04
   2332.00    0.2046543816E-04
   2333.00    0.2047858459E-04
   2334.00    0.2049185456E-04
   2335.00    0.2050524820E-04
   2336.00    0.2051876558E-04
   2337.00    0.2053240684E-04
   2338.00    0.2054617207E-04
   2339.00    0.2056006141E-04
   2340.00    0.2057407496E-04
   2341.00    0.2058821285E-04
   2342.00    0.2060247521E-04
   2343.00    0.2061686218E-04
   2344.00    0.2063137388E-04
   2345.00    0.2064601046E-04
   2346.00    0.2066077206E-04
   2347.00    0.2067565882E-04
   2348.00    0.2069067090E-04
   2349.00    0.2070580846E-04
   2350.00    0.2072107164E-04
   2351.00    0.2073646062E-04
   2352.00    0.2075197555E-04
   2353.00    0.2076761661E-04
   2354.00    0.2078338398E-04
   2355.00    0.2079927782E-04
   2356.00    0.2081529831E-04
   2357.00    0.2083144565E-04
   2358.00    0.2084772003E-04
   2359.00    0.2086412162E-04
   2360.00    0.2088065064E-04
   2361.00    0.2089730728E-04
   2362.00    0.2091409174E-04
   2363.00    0.2093100423E-04
   2364.00    0.2094804497E-04
   2365.00    0.2096521416E-04
   2366.00    0.2098251204E-04
   2367.00    0.2099993882E-04
   2368.00    0.2101749472E-04
   2369.00    0.2103517999E-04
   2370.00    0.2105299485E-04
   2371.00    0.2107093954E-04
   2372.00    0.2108901432E-04
   2373.00    0.2110721941E-04
   2374.00    0.2112555509E-04
   2375.00    0.2114402159E-04
   2376.00    0.2116261918E-04
   2377.00    0.2118134812E-04
   2378.00    0.2120020868E-04
   2379.00    0.2121920113E-04
   2380.00    0.2123832575E-04
   2381.00    0.2125758281E-04
   2382.00    0.2127697259E-04
   2383.00    0.2129649539E-04
   2384.00    0.2131615150E-04
   2385.00    0.2133594120E-04
   2386.00    0.2135586481E-04
   2387.00    0.2137592262E-04
   2388.00    0.2139611494E-04
   2389.00    0.2141644209E-04
   2390.00    0.2143690438E-04
   2391.00    0.2145750213E-04
   2392.00    0.2147823566E-04
   2393.00    0.2149910531E-04
   2394.00    0.2152011141E-04
   2395.00    0.2154125429E-04
   2396.00    0.2156253431E-04
   2397.00    0.2158395179E-04
   2398.00    0.2160550711E-04
   2399.00    0.2162720060E-04
   2400.00    0.2164903263E-04
   2401.00    0.2167100356E-04
   2402.00    0.2169311377E-04
   2403.00    0.2171536362E-04
   2404.00    0.2173775349E-04
   2405.00    0.2176028377E-04
   2406.00    0.2178295483E-04
   2407.00    0.2180576707E-04
   2408.00    0.2182872089E-04
   2409.00    0.2185181669E-04
   2410.00    0.2187505486E-04
   2411.00    0.2189843583E-04
   2412.00    0.2192195999E-04
   2413.00    0.2194562778E-04
   2414.00    0.2196943962E-04
   2415.00    0.2199339592E-04
   2416.00    0.2201749713E-04
   2417.00    0.2204174369E-04
   2418.00    0.2206613603E-04
   2419.00    0.2209067460E-04
   2420.00    0.2211535986E-04
   2421.00    0.2214019226E-04
   2422.00    0.2216517226E-04
   2423.00    0.2219030033E-04
   2424.00    0.2221557695E-04
   2425.00    0.2224100259E-04
   2426.00    0.2226657772E-04
   2427.00    0.2229230285E-04
   2428.00    0.2231817845E-04
   2429.00    0.2234420504E-04
   2430.00    0.2237038310E-04
   2431.00    0.2239671316E-04
   2432.00    0.2242319571E-04
   2433.00    0.2244983129E-04
   2434.00    0.2247662040E-04
   2435.00    0.2250356359E-04
   2436.00    0.2253066139E-04
   2437.00    0.2255791433E-04
   2438.00    0.2258532296E-04
   2439.00    0.2261288783E-04
   2440.00    0.2264060950E-04
   2441.00    0.2266848853E-04
   2442.00    0.2269652549E-04
   2443.00    0.2272472095E-04
   2444.00    0.2275307548E-04
   2445.00    0.2278158968E-04
   2446.00    0.2281026413E-04
   2447.00    0.2283909943E-04
   2448.00    0.2286809618E-04
   2449.00    0.2289725499E-04
   2450.00    0.2292657646E-04
   2451.00    0.2295606123E-04
   2452.00    0.2298570992E-04
   2453.00    0.2301552315E-04
   2454.00    0.2304550157E-04
   2455.00    0.2307564582E-04
   2456.00    0.2310595655E-04
   2457.00    0.2313643441E-04
   2458.00    0.2316708007E-04
   2459.00    0.2319789420E-04
   2460.00    0.2322887747E-04
   2461.00    0.2326003056E-04
   2462.00    0.2329135417E-04
   2463.00    0.2332284898E-04
   2464.00    0.2335451570E-04
   2465.00    0.2338635503E-04
   2466.00    0.2341836769E-04
   2467.00    0.2345055440E-04
   2468.00    0.2348291589E-04
   2469.00    0.2351545289E-04
   2470.00    0.2354816615E-04
   2471.00    0.2358105641E-04
   2472.00    0.2361412442E-04
   2473.00    0.2364737096E-04
   2474.00    0.2368079679E-04
   2475.00    0.2371440269E-04
   2476.00    0.2374818944E-04
   2477.00    0.2378215783E-04
   2478.00    0.2381630866E-04
   2479.00    0.2385064274E-04
   2480.00    0.2388516089E-04
   2481.00    0.2391986391E-04
   2482.00    0.2395475264E-04
   2483.00    0.2398982793E-04
   2484.00    0.2402509060E-04
   2485.00    0.2406054152E-04
   2486.00    0.2409618153E-04
   2487.00    0.2413201152E-04
   2488.00    0.2416803236E-04
   2489.00    0.2420424492E-04
   2490.00    0.2424065010E-04
   2491.00    0.2427724881E-04
   2492.00    0.2431404194E-04
   2493.00    0.2435103042E-04
   2494.00    0.2438821517E-04
   2495.00    0.2442559712E-04
   2496.00    0.2446317722E-04
   2497.00    0.2450095641E-04
   2498.00    0.2453893566E-04
   2499.00    0.2457711593E-04
   2500.00    0.2461549820E-04
   2501.00    0.2465408346E-04
   2502.00    0.2469287269E-04
   2503.00    0.2473186691E-04
   2504.00    0.2477106713E-04
   2505.00    0.2481047437E-04
   2506.00    0.2485008966E-04
   2507.00    0.2488991405E-04
   2508.00    0.2492994857E-04
   2509.00    0.2497019431E-04
   2510.00    0.2501065231E-04
   2511.00    0.2505132367E-04
   2512.00    0.2509220947E-04
   2513.00    0.2513331082E-04
   2514.00    0.2517462882E-04
   2515.00    0.2521616459E-04
   2516.00    0.2525791926E-04
   2517.00    0.2529989398E-04
   2518.00    0.2534208989E-04
   2519.00    0.2538450816E-04
   2520.00    0.2542714996E-04
   2521.00    0.2547001647E-04
   2522.00    0.2551310888E-04
   2523.00    0.2555642841E-04
   2524.00    0.2559997626E-04
   2525.00    0.2564375366E-04
   2526.00    0.2568776186E-04
   2527.00    0.2573200210E-04
   2528.00    0.2577647564E-04
   2529.00    0.2582118375E-04
   2530.00    0.2586612773E-04
   2531.00    0.2591130887E-04
   2532.00    0.2595672847E-04
   2533.00    0.2600238786E-04
   2534.00    0.2604828836E-04
   2535.00    0.2609443133E-04
   2536.00    0.2614081813E-04
   2537.00    0.2618745012E-04
   2538.00    0.2623432868E-04
   2539.00    0.2628145522E-04
   2540.00    0.2632883113E-04
   2541.00    0.2637645785E-04
   2542.00    0.2642433681E-04
   2543.00    0.2647246945E-04
   2544.00    0.2652085725E-04
   2545.00    0.2656950166E-04
   2546.00    0.2661840420E-04
   2547.00    0.2666756635E-04
   2548.00    0.2671698963E-04
   2549.00    0.2676667559E-04
   2550.00    0.2681662576E-04
   2551.00    0.2686684170E-04
   2552.00    0.2691732500E-04
   2553.00    0.2696807724E-04
   2554.00    0.2701910002E-04
   2555.00    0.2707039497E-04
   2556.00    0.2712196373E-04
   2557.00    0.2717380794E-04
   2558.00    0.2722592927E-04
   2559.00    0.2727832941E-04
   2560.00    0.2733101005E-04
   2561.00    0.2738397291E-04
   2562.00    0.2743721973E-04
   2563.00    0.2749075224E-04
   2564.00    0.2754457222E-04
   2565.00    0.2759868144E-04
   2566.00    0.2765308171E-04
   2567.00    0.2770777483E-04
   2568.00    0.2776276266E-04
   2569.00    0.2781804702E-04
   2570.00    0.2787362980E-04
   2571.00    0.2792951288E-04
   2572.00    0.2798569817E-04
   2573.00    0.2804218759E-04
   2574.00    0.2809898308E-04
   2575.00    0.2815608661E-04
   2576.00    0.2821350015E-04
   2577.00    0.2827122570E-04
   2578.00    0.2832926529E-04
   2579.00    0.2838762095E-04
   2580.00    0.2844629474E-04
   2581.00    0.2850528874E-04
   2582.00    0.2856460505E-04
   2583.00    0.2862424579E-04
   2584.00    0.2868421310E-04
   2585.00    0.2874450914E-04
   2586.00    0.2880513610E-04
   2587.00    0.2886609618E-04
   2588.00    0.2892739161E-04
   2589.00    0.2898902464E-04
   2590.00    0.2905099753E-04
   2591.00    0.2911331259E-04
   2592.00    0.2917597213E-04
   2593.00    0.2923897849E-04
   2594.00    0.2930233403E-04
   2595.00    0.2936604115E-04
   2596.00    0.2943010225E-04
   2597.00    0.2949451977E-04
   2598.00    0.2955929617E-04
   2599.00    0.2962443394E-04
   2600.00    0.2968993558E-04
   2601.00    0.2975580363E-04
   2602.00    0.2982204066E-04
   2603.00    0.2988864925E-04
   2604.00    0.2995563201E-04
   2605.00    0.3002299159E-04
   2606.00    0.3009073066E-04
   2607.00    0.3015885191E-04
   2608.00    0.3022735806E-04
   2609.00    0.3029625187E-04
   2610.00    0.3036553612E-04
   2611.00    0.3043521361E-04
   2612.00    0.3050528718E-04
   2613.00    0.3057575971E-04
   2614.00    0.3064663408E-04
   2615.00    0.3071791322E-04
   2616.00    0.3078960010E-04
   2617.00    0.3086169770E-04
   2618.00    0.3093420905E-04
   2619.00    0.3100713719E-04
   2620.00    0.3108048520E-04
   2621.00    0.3115425622E-04
   2622.00    0.3122845338E-04
   2623.00    0.3130307988E-04
   2624.00    0.3137813892E-04
   2625.00    0.3145363376E-04
   2626.00    0.3152956769E-04
   2627.00    0.3160594402E-04
   2628.00    0.3168276613E-04
   2629.00    0.3176003739E-04
   2630.00    0.3183776124E-04
   2631.00    0.3191594115E-04
   2632.00    0.3199458062E-04
   2633.00    0.3207368320E-04
   2634.00    0.3215325246E-04
   2635.00    0.3223329203E-04
   2636.00    0.3231380557E-04
   2637.00    0.3239479677E-04
   2638.00    0.3247626938E-04
   2639.00    0.3255822718E-04
   2640.00    0.3264067399E-04
   2641.00    0.3272361369E-04
   2642.00    0.3280705016E-04
   2643.00    0.3289098738E-04
   2644.00    0.3297542934E-04
   2645.00    0.3306038007E-04
   2646.00    0.3314584367E-04
   2647.00    0.3323182426E-04
   2648.00    0.3331832602E-04
   2649.00    0.3340535318E-04
   2650.00    0.3349291001E-04
   2651.00    0.3358100084E-04
   2652.00    0.3366963003E-04
   2653.00    0.3375880200E-04
   2654.00    0.3384852123E-04
   2655.00    0.3393879224E-04
   2656.00    0.3402961959E-04
   2657.00    0.3412100792E-04
   2658.00    0.3421296191E-04
   2659.00    0.3430548629E-04
   2660.00    0.3439858585E-04
   2661.00    0.3449226543E-04
   2662.00    0.3458652994E-04
   2663.00    0.3468138432E-04
   2664.00    0.3477683360E-04
   2665.00    0.3487288286E-04
   2666.00    0.3496953722E-04
   2667.00    0.3506680188E-04
   2668.00    0.3516468210E-04
   2669.00    0.3526318319E-04
   2670.00    0.3536231054E-04
   2671.00    0.3546206960E-04
   2672.00    0.3556246587E-04
   2673.00    0.3566350493E-04
   2674.00    0.3576519243E-04
   2675.00    0.3586753408E-04
   2676.00    0.3597053565E-04
   2677.00    0.3607420301E-04
   2678.00    0.3617854207E-04
   2679.00    0.3628355883E-04
   2680.00    0.3638925935E-04
   2681.00    0.3649564978E-04
   2682.00    0.3660273634E-04
   2683.00    0.3671052531E-04
   2684.00    0.3681902307E-04
   2685.00    0.3692823608E-04
   2686.00    0.3703817085E-04
   2687.00    0.3714883401E-04
   2688.00    0.3726023224E-04
   2689.00    0.3737237233E-04
   2690.00    0.3748526114E-04
   2691.00    0.3759890563E-04
   2692.00    0.3771331281E-04
   2693.00    0.3782848984E-04
   2694.00    0.3794444391E-04
   2695.00    0.3806118235E-04
   2696.00    0.3817871255E-04
   2697.00    0.3829704201E-04
   2698.00    0.3841617833E-04
   2699.00    0.3853612920E-04
   2700.00    0.3865690241E-04
   2701.00    0.3877850585E-04
   2702.00    0.3890094752E-04
   2703.00    0.3902423552E-04
   2704.00    0.3914837805E-04
   2705.00    0.3927338343E-04
   2706.00    0.3939926007E-04
   2707.00    0.3952601652E-04
   2708.00    0.3965366142E-04
   2709.00    0.3978220354E-04
   2710.00    0.3991165174E-04
   2711.00    0.4004201503E-04
   2712.00    0.4017330253E-04
   2713.00    0.4030552348E-04
   2714.00    0.4043868724E-04
   2715.00    0.4057280330E-04
   2716.00    0.4070788129E-04
   2717.00    0.4084393096E-04
   2718.00    0.4098096218E-04
   2719.00    0.4111898500E-04
   2720.00    0.4125800955E-04
   2721.00    0.4139804615E-04
   2722.00    0.4153910522E-04
   2723.00    0.4168119737E-04
   2724.00    0.4182433331E-04
   2725.00    0.4196852394E-04
   2726.00    0.4211378030E-04
   2727.00    0.4226011356E-04
   2728.00    0.4240753509E-04
   2729.00    0.4255605639E-04
   2730.00    0.4270568913E-04
   2731.00    0.4285644516E-04
   2732.00    0.4300833648E-04
   2733.00    0.4316137527E-04
   2734.00    0.4331557390E-04
   2735.00    0.4347094489E-04
   2736.00    0.4362750097E-04
   2737.00    0.4378525503E-04
   2738.00    0.4394422017E-04
   2739.00    0.4410440965E-04
   2740.00    0.4426583698E-04
   2741.00    0.4442851580E-04
   2742.00    0.4459246002E-04
   2743.00    0.4475768369E-04
   2744.00    0.4492420113E-04
   2745.00    0.4509202684E-04
   2746.00    0.4526117553E-04
   2747.00    0.4543166216E-04
   2748.00    0.4560350190E-04
   2749.00    0.4577671015E-04
   2750.00    0.4595130254E-04
   2751.00    0.4612729494E-04
   2752.00    0.4630470349E-04
   2753.00    0.4648354453E-04
   2754.00    0.4666383469E-04
   2755.00    0.4684559084E-04
   2756.00    0.4702883012E-04
   2757.00    0.4721356993E-04
   2758.00    0.4739982795E-04
   2759.00    0.4758762213E-04
   2760.00    0.4777697072E-04
   2761.00    0.4796789223E-04
   2762.00    0.4816040549E-04
   2763.00    0.4835452962E-04
   2764.00    0.4855028404E-04
   2765.00    0.4874768850E-04
   2766.00    0.4894676304E-04
   2767.00    0.4914752805E-04
   2768.00    0.4935000425E-04
   2769.00    0.4955421268E-04
   2770.00    0.4976017473E-04
   2771.00    0.4996791216E-04
   2772.00    0.5017744707E-04
   2773.00    0.5038880193E-04
   2774.00    0.5060199959E-04
   2775.00    0.5081706327E-04
   2776.00    0.5103401658E-04
   2777.00    0.5125288354E-04
   2778.00    0.5147368858E-04
   2779.00    0.5169645651E-04
   2780.00    0.5192121259E-04
   2781.00    0.5214798252E-04
   2782.00    0.5237679241E-04
   2783.00    0.5260766885E-04
   2784.00    0.5284063887E-04
   2785.00    0.5307572998E-04
   2786.00    0.5331297016E-04
   2787.00    0.5355238789E-04
   2788.00    0.5379401215E-04
   2789.00    0.5403787243E-04
   2790.00    0.5428399874E-04
   2791.00    0.5453242162E-04
   2792.00    0.5478317216E-04
   2793.00    0.5503628201E-04
   2794.00    0.5529178340E-04
   2795.00    0.5554970913E-04
   2796.00    0.5581009259E-04
   2797.00    0.5607296780E-04
   2798.00    0.5633836939E-04
   2799.00    0.5660633263E-04
   2800.00    0.5687689344E-04
   2801.00    0.5715008841E-04
   2802.00    0.5742595482E-04
   2803.00    0.5770453063E-04
   2804.00    0.5798585454E-04
   2805.00    0.5826996596E-04
   2806.00    0.5855690504E-04
   2807.00    0.5884671274E-04
   2808.00    0.5913943075E-04
   2809.00    0.5943510160E-04
   2810.00    0.5973376863E-04
   2811.00    0.6003547602E-04
   2812.00    0.6034026880E-04
   2813.00    0.6064819292E-04
   2814.00    0.6095929518E-04
   2815.00    0.6127362336E-04
   2816.00    0.6159122614E-04
   2817.00    0.6191215322E-04
   2818.00    0.6223645525E-04
   2819.00    0.6256418393E-04
   2820.00    0.6289539201E-04
   2821.00    0.6323013328E-04
   2822.00    0.6356846266E-04
   2823.00    0.6391043620E-04
   2824.00    0.6425611107E-04
   2825.00    0.6460554567E-04
   2826.00    0.6495879958E-04
   2827.00    0.6531593364E-04
   2828.00    0.6567700999E-04
   2829.00    0.6604209205E-04
   2830.00    0.6641124461E-04
   2831.00    0.6678453384E-04
   2832.00    0.6716202730E-04
   2833.00    0.6754379406E-04
   2834.00    0.6792990464E-04
   2835.00    0.6832043113E-04
   2836.00    0.6871544716E-04
   2837.00    0.6911502802E-04
   2838.00    0.6951925063E-04
   2839.00    0.6992819365E-04
   2840.00    0.7034193749E-04
   2841.00    0.7076056434E-04
   2842.00    0.7118415827E-04
   2843.00    0.7161280527E-04
   2844.00    0.7204659326E-04
   2845.00    0.7248561219E-04
   2846.00    0.7292995410E-04
   2847.00    0.7337971315E-04
   2848.00    0.7383498568E-04
   2849.00    0.7429587032E-04
   2850.00    0.7476246800E-04
   2851.00    0.7523488206E-04
   2852.00    0.7571321827E-04
   2853.00    0.7619758498E-04
   2854.00    0.7668809311E-04
   2855.00    0.7718485629E-04
   2856.00    0.7768799091E-04
   2857.00    0.7819761621E-04
   2858.00    0.7871385437E-04
   2859.00    0.7923683062E-04
   2860.00    0.7976667326E-04
   2861.00    0.8030351386E-04
   2862.00    0.8084748728E-04
   2863.00    0.8139873181E-04
   2864.00    0.8195738925E-04
   2865.00    0.8252360507E-04
   2866.00    0.8309752847E-04
   2867.00    0.8367931254E-04
   2868.00    0.8426911437E-04
   2869.00    0.8486709516E-04
   2870.00    0.8547342039E-04
   2871.00    0.8608825996E-04
   2872.00    0.8671178829E-04
   2873.00    0.8734418451E-04
   2874.00    0.8798563260E-04
   2875.00    0.8863632159E-04
   2876.00    0.8929644565E-04
   2877.00    0.8996620436E-04
   2878.00    0.9064580282E-04
   2879.00    0.9133545189E-04
   2880.00    0.9203536835E-04
   2881.00    0.9274577515E-04
   2882.00    0.9346690157E-04
   2883.00    0.9419898350E-04
   2884.00    0.9494226366E-04
   2885.00    0.9569699180E-04
   2886.00    0.9646342503E-04
   2887.00    0.9724182801E-04
   2888.00    0.9803247329E-04
   2889.00    0.9883564156E-04
   2890.00    0.9965162196E-04
   2891.00    0.1004807124E-03
   2892.00    0.1013232199E-03
   2893.00    0.1021794609E-03
   2894.00    0.1030497617E-03
   2895.00    0.1039344587E-03
   2896.00    0.1048338989E-03
   2897.00    0.1057484403E-03
   2898.00    0.1066784524E-03
   2899.00    0.1076243162E-03
   2900.00    0.1085864256E-03
   2901.00    0.1095651868E-03
   2902.00    0.1105610197E-03
   2903.00    0.1115743579E-03
   2904.00    0.1126056496E-03
   2905.00    0.1136553578E-03
   2906.00    0.1147239616E-03
   2907.00    0.1158119560E-03
   2908.00    0.1169198534E-03
   2909.00    0.1180481836E-03
   2910.00    0.1191974952E-03
   2911.00    0.1203683560E-03
   2912.00    0.1215613539E-03
   2913.00    0.1227770979E-03
   2914.00    0.1240162191E-03
   2915.00    0.1252793715E-03
   2916.00    0.1265672328E-03
   2917.00    0.1278805062E-03
   2918.00    0.1292199209E-03
   2919.00    0.1305862337E-03
   2920.00    0.1319802298E-03
   2921.00    0.1334027250E-03
   2922.00    0.1348545660E-03
   2923.00    0.1363366329E-03
   2924.00    0.1378498404E-03
   2925.00    0.1393951393E-03
   2926.00    0.1409735184E-03
   2927.00    0.1425860068E-03
   2928.00    0.1442336753E-03
   2929.00    0.1459176386E-03
   2930.00    0.1476390581E-03
   2931.00    0.1493991436E-03
   2932.00    0.1511991562E-03
   2933.00    0.1530404110E-03
   2934.00    0.1549242797E-03
   2935.00    0.1568521939E-03
   2936.00    0.1588256482E-03
   2937.00    0.1608462035E-03
   2938.00    0.1629154911E-03
   2939.00    0.1650352160E-03
   2940.00    0.1672071615E-03
   2941.00    0.1694331937E-03
   2942.00    0.1717152656E-03
   2943.00    0.1740554231E-03
   2944.00    0.1764558095E-03
   2945.00    0.1789186719E-03
   2946.00    0.1814463673E-03
   2947.00    0.1840413689E-03
   2948.00    0.1867062738E-03
   2949.00    0.1894438101E-03
   2950.00    0.1922568455E-03
   2951.00    0.1951483958E-03
   2952.00    0.1981216347E-03
   2953.00    0.2011799040E-03
   2954.00    0.2043267244E-03
   2955.00    0.2075658073E-03
   2956.00    0.2109010683E-03
   2957.00    0.2143366401E-03
   2958.00    0.2178768883E-03
   2959.00    0.2215264271E-03
   2960.00    0.2252901371E-03
   2961.00    0.2291731842E-03
   2962.00    0.2331810405E-03
   2963.00    0.2373195067E-03
   2964.00    0.2415947363E-03
   2965.00    0.2460132625E-03
   2966.00    0.2505820273E-03
   2967.00    0.2553084129E-03
   2968.00    0.2602002766E-03
   2969.00    0.2652659884E-03
   2970.00    0.2705144730E-03
   2971.00    0.2759552548E-03
   2972.00    0.2815985081E-03
   2973.00    0.2874551126E-03
   2974.00    0.2935367130E-03
   2975.00    0.2998557870E-03
   2976.00    0.3064257182E-03
   2977.00    0.3132608782E-03
   2978.00    0.3203767172E-03
   2979.00    0.3277898644E-03
   2980.00    0.3355182395E-03
   2981.00    0.3435811773E-03
   2982.00    0.3519995664E-03
   2983.00    0.3607960046E-03
   2984.00    0.3699949722E-03
   2985.00    0.3796230270E-03
   2986.00    0.3897090238E-03
   2987.00    0.4002843610E-03
   2988.00    0.4113832600E-03
   2989.00    0.4230430799E-03
   2990.00    0.4353046766E-03
   2991.00    0.4482128095E-03
   2992.00    0.4618166059E-03
   2993.00    0.4761700921E-03
   2994.00    0.4913328017E-03
   2995.00    0.5073704754E-03
   2996.00    0.5243558679E-03
   2997.00    0.5423696812E-03
   2998.00    0.5615016477E-03
   2999.00    0.5818517916E-03
   3000.00    0.6035319035E-03
   3001.00    0.6266672698E-03
   3002.00    0.6513987094E-03
   3003.00    0.6778849833E-03
   3004.00    0.7063056556E-03
   3005.00    0.7368645083E-03
   3006.00    0.7697936353E-03
   3007.00    0.8053583763E-03
   3008.00    0.8438632954E-03
   3009.00    0.8856594659E-03
   3010.00    0.9311534021E-03
   3011.00    0.9808180793E-03
   3012.00    0.1035206624E-02
   3013.00    0.1094969446E-02
   3014.00    0.1160875841E-02
   3015.00    0.1233841464E-02
   3016.00    0.1314963569E-02
   3017.00    0.1405566651E-02
   3018.00    0.1507262157E-02
   3019.00    0.1622027466E-02
   3020.00    0.1752311586E-02
   3021.00    0.1901178390E-02
   3022.00    0.2072503370E-02
   3023.00    0.2271247798E-02
   3024.00    0.2503846635E-02
   3025.00    0.2778766157E-02
   3026.00    0.3107318640E-02
   3027.00    0.3504871363E-02
   3028.00    0.3992664882E-02
   3029.00    0.4600567923E-02
   3030.00    0.5371222513E-02
   3031.00    0.6366017176E-02
   3032.00    0.7672452593E-02
   3033.00    0.9407874726E-02
   3034.00    0.1169603879E-01
   3035.00    0.1453321057E-01
   3036.00    0.1736253724E-01
   3037.00    0.1853985778E-01
   3038.00    0.1663312509E-01
   3039.00    0.1323204725E-01
   3040.00    0.1092303271E-01
   3041.00    0.1058989187E-01
   3042.00    0.1241806061E-01
   3043.00    0.1661983879E-01
   3044.00    0.2259131227E-01
   3045.00    0.2726491968E-01
   3046.00    0.2678061432E-01
   3047.00    0.2200003885E-01
   3048.00    0.1654851332E-01
   3049.00    0.1220139031E-01
   3050.00    0.9092704136E-02
   3051.00    0.6915101410E-02
   3052.00    0.5372879382E-02
   3053.00    0.4257436764E-02
   3054.00    0.3431968500E-02
   3055.00    0.2807605574E-02
   3056.00    0.2325904269E-02
   3057.00    0.1947658426E-02
   3058.00    0.1645986014E-02
   3059.00    0.1402053833E-02
   3060.00    0.1202397010E-02
   3061.00    0.1037206634E-02
   3062.00    0.8992135390E-03
   3063.00    0.7829459176E-03
   3064.00    0.6842259460E-03
   3065.00    0.5998222202E-03
   3066.00    0.5272056692E-03
   3067.00    0.4643754210E-03
   3068.00    0.4097327478E-03
   3069.00    0.3619885745E-03
   3070.00    0.3200947608E-03
   3071.00    0.2831924481E-03
   3072.00    0.2505728165E-03
   3073.00    0.2216469707E-03
   3074.00    0.1959226214E-03
   3075.00    0.1729858831E-03
   3076.00    0.1524869742E-03
   3077.00    0.1341289411E-03
   3078.00    0.1176587909E-03
   3079.00    0.1028606313E-03
   3080.00    0.8955064500E-04
   3081.00    0.7757401336E-04
   3082.00    0.6680439441E-04
   3083.00    0.5714748899E-04
   3084.00    0.4855213523E-04
   3085.00    0.4103615897E-04
   3086.00    0.3474021503E-04
   3087.00    0.3002278894E-04
   3088.00    0.2755685699E-04
   3089.00    0.2822457753E-04
   3090.00    0.3270135593E-04
   3091.00    0.4138836250E-04
   3092.00    0.5505563115E-04
   3093.00    0.7552509695E-04
   3094.00    0.1060935398E-03
   3095.00    0.1512823256E-03
   3096.00    0.2135061853E-03
   3097.00    0.2830014113E-03
   3098.00    0.3350334561E-03
   3099.00    0.3631994965E-03
   3100.00    0.3895571472E-03
   3101.00    0.4309456600E-03
   3102.00    0.4937294245E-03
   3103.00    0.5803448662E-03
   3104.00    0.6853561557E-03
   3105.00    0.7809572908E-03
   3106.00    0.8169584084E-03
   3107.00    0.7752042800E-03
   3108.00    0.6937180741E-03
   3109.00    0.6110362606E-03
   3110.00    0.5416718803E-03
   3111.00    0.4869010651E-03
   3112.00    0.4442396451E-03
   3113.00    0.4108957285E-03
   3114.00    0.3845998252E-03
   3115.00    0.3636575362E-03
   3116.00    0.3468323467E-03
   3117.00    0.3332222905E-03
   3118.00    0.3221639610E-03
   3119.00    0.3131637982E-03
   3120.00    0.3058501397E-03
   3121.00    0.2999398781E-03
   3122.00    0.2952151391E-03
   3123.00    0.2915068047E-03
   3124.00    0.2886827377E-03
   3125.00    0.2866392665E-03
   3126.00    0.2852949601E-03
   3127.00    0.2845860303E-03
   3128.00    0.2844629090E-03
   3129.00    0.2848876845E-03
   3130.00    0.2858321748E-03
   3131.00    0.2872764832E-03
   3132.00    0.2892079228E-03
   3133.00    0.2916202309E-03
   3134.00    0.2945130161E-03
   3135.00    0.2978913979E-03
   3136.00    0.3017658102E-03
   3137.00    0.3061519518E-03
   3138.00    0.3110708721E-03
   3139.00    0.3165491905E-03
   3140.00    0.3226194504E-03
   3141.00    0.3293206175E-03
   3142.00    0.3366987373E-03
   3143.00    0.3448077740E-03
   3144.00    0.3537106616E-03
   3145.00    0.3634806075E-03
   3146.00    0.3742027040E-03
   3147.00    0.3859759169E-03
   3148.00    0.3989155455E-03
   3149.00    0.4131562752E-03
   3150.00    0.4288559852E-03
   3151.00    0.4462005272E-03
   3152.00    0.4654097653E-03
   3153.00    0.4867452713E-03
   3154.00    0.5105202156E-03
   3155.00    0.5371121993E-03
   3156.00    0.5669800679E-03
   3157.00    0.6006861629E-03
   3158.00    0.6389260531E-03
   3159.00    0.6825685795E-03
   3160.00    0.7327100217E-03
   3161.00    0.7907470602E-03
   3162.00    0.8584727967E-03
   3163.00    0.9381943175E-03
   3164.00    0.1032845831E-02
   3165.00    0.1145985664E-02
   3166.00    0.1281286806E-02
   3167.00    0.1440301490E-02
   3168.00    0.1615382168E-02
   3169.00    0.1774513588E-02
   3170.00    0.1858592915E-02
   3171.00    0.1859142482E-02
   3172.00    0.1892084667E-02
   3173.00    0.2075565057E-02
   3174.00    0.2446764982E-02
   3175.00    0.3023420164E-02
   3176.00    0.3857802241E-02
   3177.00    0.5058664898E-02
   3178.00    0.6809040187E-02
   3179.00    0.9368073000E-02
   3180.00    0.1294433776E-01
   3181.00    0.1711453560E-01
   3182.00    0.1982315673E-01
   3183.00    0.1866127809E-01
   3184.00    0.1465704605E-01
   3185.00    0.1054740630E-01
   3186.00    0.7471648084E-02
   3187.00    0.5380247595E-02
   3188.00    0.3976415809E-02
   3189.00    0.3018124980E-02
   3190.00    0.2346886559E-02
   3191.00    0.1863886112E-02
   3192.00    0.1507436104E-02
   3193.00    0.1238302629E-02
   3194.00    0.1030922008E-02
   3195.00    0.8682147586E-03
   3196.00    0.7384913032E-03
   3197.00    0.6335692652E-03
   3198.00    0.5476017534E-03
   3199.00    0.4763311483E-03
   3200.00    0.4166031624E-03
   3201.00    0.3660436659E-03
   3202.00    0.3228395079E-03
   3203.00    0.2855871658E-03
   3204.00    0.2531865141E-03
   3205.00    0.2247652071E-03
   3206.00    0.1996242822E-03
   3207.00    0.1771988884E-03
   3208.00    0.1570302852E-03
   3209.00    0.1387469599E-03
   3210.00    0.1220543082E-03
   3211.00    0.1067343421E-03
   3212.00    0.9266018912E-04
   3213.00    0.7983615311E-04
   3214.00    0.6848405996E-04
   3215.00    0.5920304831E-04
   3216.00    0.5317747406E-04
   3217.00    0.5216423042E-04
   3218.00    0.5791972051E-04
   3219.00    0.7224941364E-04
   3220.00    0.1000646825E-03
   3221.00    0.1554750760E-03
   3222.00    0.2655597494E-03
   3223.00    0.4518618887E-03
   3224.00    0.6675308275E-03
   3225.00    0.7928587642E-03
   3226.00    0.7918963183E-03
   3227.00    0.7297723152E-03
   3228.00    0.6604974964E-03
   3229.00    0.6032084629E-03
   3230.00    0.5603988648E-03
   3231.00    0.5289787175E-03
   3232.00    0.5028032684E-03
   3233.00    0.4716560930E-03
   3234.00    0.4270022349E-03
   3235.00    0.3969023481E-03
   3236.00    0.4345871945E-03
   3237.00    0.5065931162E-03
   3238.00    0.5749730837E-03
   3239.00    0.6438308224E-03
   3240.00    0.7258401358E-03
   3241.00    0.8329375337E-03
   3242.00    0.9787313511E-03
   3243.00    0.1182619531E-02
   3244.00    0.1475506877E-02
   3245.00    0.1909445015E-02
   3246.00    0.2573228674E-02
   3247.00    0.3596278998E-02
   3248.00    0.5009266330E-02
   3249.00    0.6271649161E-02
   3250.00    0.6347058643E-02
   3251.00    0.5214058680E-02
   3252.00    0.3829854943E-02
   3253.00    0.2740492061E-02
   3254.00    0.1991186687E-02
   3255.00    0.1489001254E-02
   3256.00    0.1147924196E-02
   3257.00    0.9102082304E-03
   3258.00    0.7397907467E-03
   3259.00    0.6142867713E-03
   3260.00    0.5195712074E-03
   3261.00    0.4465154147E-03
   3262.00    0.3890671458E-03
   3263.00    0.3431128062E-03
   3264.00    0.3057906745E-03
   3265.00    0.2750668885E-03
   3266.00    0.2494674732E-03
   3267.00    0.2279050796E-03
   3268.00    0.2095645132E-03
   3269.00    0.1938255614E-03
   3270.00    0.1802099809E-03
   3271.00    0.1683444444E-03
   3272.00    0.1579342238E-03
   3273.00    0.1487442196E-03
   3274.00    0.1405850968E-03
   3275.00    0.1333030242E-03
   3276.00    0.1267719887E-03
   3277.00    0.1208879770E-03
   3278.00    0.1155645237E-03
   3279.00    0.1107292743E-03
   3280.00    0.1063213063E-03
   3281.00    0.1022890245E-03
   3282.00    0.9858849438E-04
   3283.00    0.9518211249E-04
   3284.00    0.9203753836E-04
   3285.00    0.8912683080E-04
   3286.00    0.8642574519E-04
   3287.00    0.8391315850E-04
   3288.00    0.8157059600E-04
   3289.00    0.7938183988E-04
   3290.00    0.7733260371E-04
   3291.00    0.7541026062E-04
   3292.00    0.7360361518E-04
   3293.00    0.7190271109E-04
   3294.00    0.7029866858E-04
   3295.00    0.6878354613E-04
   3296.00    0.6735022265E-04
   3297.00    0.6599229660E-04
   3298.00    0.6470399943E-04
   3299.00    0.6348012087E-04
   3300.00    0.6231594451E-04
   3301.00    0.6120719184E-04
   3302.00    0.6014997365E-04
   3303.00    0.5914074762E-04
   3304.00    0.5817628125E-04
   3305.00    0.5725361942E-04
   3306.00    0.5637005575E-04
   3307.00    0.5552310754E-04
   3308.00    0.5471049350E-04
   3309.00    0.5393011412E-04
   3310.00    0.5318003422E-04
   3311.00    0.5245846747E-04
   3312.00    0.5176376262E-04
   3313.00    0.5109439110E-04
   3314.00    0.5044893611E-04
   3315.00    0.4982608270E-04
   3316.00    0.4922460893E-04
   3317.00    0.4864337792E-04
   3318.00    0.4808133069E-04
   3319.00    0.4753747969E-04
   3320.00    0.4701090298E-04
   3321.00    0.4650073894E-04
   3322.00    0.4600618146E-04
   3323.00    0.4552647566E-04
   3324.00    0.4506091388E-04
   3325.00    0.4460883213E-04
   3326.00    0.4416960679E-04
   3327.00    0.4374265167E-04
   3328.00    0.4332741522E-04
   3329.00    0.4292337809E-04
   3330.00    0.4253005083E-04
   3331.00    0.4214697176E-04
   3332.00    0.4177370511E-04
   3333.00    0.4140983919E-04
   3334.00    0.4105498482E-04
   3335.00    0.4070877378E-04
   3336.00    0.4037085749E-04
   3337.00    0.4004090568E-04
   3338.00    0.3971860523E-04
   3339.00    0.3940365909E-04
   3340.00    0.3909578530E-04
   3341.00    0.3879471598E-04
   3342.00    0.3850019654E-04
   3343.00    0.3821198485E-04
   3344.00    0.3792985049E-04
   3345.00    0.3765357404E-04
   3346.00    0.3738294648E-04
   3347.00    0.3711776856E-04
   3348.00    0.3685785022E-04
   3349.00    0.3660301013E-04
   3350.00    0.3635307512E-04
   3351.00    0.3610787980E-04
   3352.00    0.3586726610E-04
   3353.00    0.3563108286E-04
   3354.00    0.3539918549E-04
   3355.00    0.3517143558E-04
   3356.00    0.3494770063E-04
   3357.00    0.3472785367E-04
   3358.00    0.3451177305E-04
   3359.00    0.3429934210E-04
   3360.00    0.3409044893E-04
   3361.00    0.3388498615E-04
   3362.00    0.3368285067E-04
   3363.00    0.3348394348E-04
   3364.00    0.3328816945E-04
   3365.00    0.3309543717E-04
   3366.00    0.3290565869E-04
   3367.00    0.3271874947E-04
   3368.00    0.3253462812E-04
   3369.00    0.3235321632E-04
   3370.00    0.3217443862E-04
   3371.00    0.3199822238E-04
   3372.00    0.3182449757E-04
   3373.00    0.3165319669E-04
   3374.00    0.3148425466E-04
   3375.00    0.3131760869E-04
   3376.00    0.3115319821E-04
   3377.00    0.3099096474E-04
   3378.00    0.3083085181E-04
   3379.00    0.3067280491E-04
   3380.00    0.3051677133E-04
   3381.00    0.3036270016E-04
   3382.00    0.3021054219E-04
   3383.00    0.3006024979E-04
   3384.00    0.2991177694E-04
   3385.00    0.2976507908E-04
   3386.00    0.2962011308E-04
   3387.00    0.2947683720E-04
   3388.00    0.2933521102E-04
   3389.00    0.2919519536E-04
   3390.00    0.2905675228E-04
   3391.00    0.2891984501E-04
   3392.00    0.2878443789E-04
   3393.00    0.2865049634E-04
   3394.00    0.2851798683E-04
   3395.00    0.2838687683E-04
   3396.00    0.2825713475E-04
   3397.00    0.2812872994E-04
   3398.00    0.2800163264E-04
   3399.00    0.2787581394E-04
   3400.00    0.2775124577E-04
   3401.00    0.2762790084E-04
   3402.00    0.2750575262E-04
   3403.00    0.2738477535E-04
   3404.00    0.2726494395E-04
   3405.00    0.2714623404E-04
   3406.00    0.2702862191E-04
   3407.00    0.2691208447E-04
   3408.00    0.2679659926E-04
   3409.00    0.2668214441E-04
   3410.00    0.2656869862E-04
   3411.00    0.2645624117E-04
   3412.00    0.2634475184E-04
   3413.00    0.2623421094E-04
   3414.00    0.2612459930E-04
   3415.00    0.2601589820E-04
   3416.00    0.2590808941E-04
   3417.00    0.2580115515E-04
   3418.00    0.2569507807E-04
   3419.00    0.2558984123E-04
   3420.00    0.2548542813E-04
   3421.00    0.2538182263E-04
   3422.00    0.2527900900E-04
   3423.00    0.2517697186E-04
   3424.00    0.2507569620E-04
   3425.00    0.2497516735E-04
   3426.00    0.2487537098E-04
   3427.00    0.2477629307E-04
   3428.00    0.2467791994E-04
   3429.00    0.2458023820E-04
   3430.00    0.2448323475E-04
   3431.00    0.2438689678E-04
   3432.00    0.2429121177E-04
   3433.00    0.2419616745E-04
   3434.00    0.2410175181E-04
   3435.00    0.2400795311E-04
   3436.00    0.2391475984E-04
   3437.00    0.2382216073E-04
   3438.00    0.2373014473E-04
   3439.00    0.2363870105E-04
   3440.00    0.2354781906E-04
   3441.00    0.2345748838E-04
   3442.00    0.2336769883E-04
   3443.00    0.2327844041E-04
   3444.00    0.2318970331E-04
   3445.00    0.2310147794E-04
   3446.00    0.2301375484E-04
   3447.00    0.2292652477E-04
   3448.00    0.2283977863E-04
   3449.00    0.2275350749E-04
   3450.00    0.2266770259E-04
   3451.00    0.2258235532E-04
   3452.00    0.2249745721E-04
   3453.00    0.2241299995E-04
   3454.00    0.2232897536E-04
   3455.00    0.2224537541E-04
   3456.00    0.2216219219E-04
   3457.00    0.2207941793E-04
   3458.00    0.2199704497E-04
   3459.00    0.2191506579E-04
   3460.00    0.2183347298E-04
   3461.00    0.2175225924E-04
   3462.00    0.2167141739E-04
   3463.00    0.2159094035E-04
   3464.00    0.2151082115E-04
   3465.00    0.2143105292E-04
   3466.00    0.2135162888E-04
   3467.00    0.2127254236E-04
   3468.00    0.2119378677E-04
   3469.00    0.2111535562E-04
   3470.00    0.2103724249E-04
   3471.00    0.2095944107E-04
   3472.00    0.2088194510E-04
   3473.00    0.2080474842E-04
   3474.00    0.2072784495E-04
   3475.00    0.2065122867E-04
   3476.00    0.2057489364E-04
   3477.00    0.2049883397E-04
   3478.00    0.2042304387E-04
   3479.00    0.2034751759E-04
   3480.00    0.2027224945E-04
   3481.00    0.2019723382E-04
   3482.00    0.2012246516E-04
   3483.00    0.2004793794E-04
   3484.00    0.1997364672E-04
   3485.00    0.1989958610E-04
   3486.00    0.1982575072E-04
   3487.00    0.1975213529E-04
   3488.00    0.1967873454E-04
   3489.00    0.1960554327E-04
   3490.00    0.1953255631E-04
   3491.00    0.1945976853E-04
   3492.00    0.1938717483E-04
   3493.00    0.1931477017E-04
   3494.00    0.1924254953E-04
   3495.00    0.1917050793E-04
   3496.00    0.1909864042E-04
   3497.00    0.1902694207E-04
   3498.00    0.1895540801E-04
   3499.00    0.1888403336E-04
   3500.00    0.1881281328E-04
   3501.00    0.1874174297E-04
   3502.00    0.1867081764E-04
   3503.00    0.1860003251E-04
   3504.00    0.1852938284E-04
   3505.00    0.1845886390E-04
   3506.00    0.1838847096E-04
   3507.00    0.1831819934E-04
   3508.00    0.1824804434E-04
   3509.00    0.1817800130E-04
   3510.00    0.1810806554E-04
   3511.00    0.1803823243E-04
   3512.00    0.1796849731E-04
   3513.00    0.1789885554E-04
   3514.00    0.1782930249E-04
   3515.00    0.1775983354E-04
   3516.00    0.1769044404E-04
   3517.00    0.1762112938E-04
   3518.00    0.1755188493E-04
   3519.00    0.1748270606E-04
   3520.00    0.1741358813E-04
   3521.00    0.1734452651E-04
   3522.00    0.1727551655E-04
   3523.00    0.1720655359E-04
   3524.00    0.1713763298E-04
   3525.00    0.1706875005E-04
   3526.00    0.1699990009E-04
   3527.00    0.1693107843E-04
   3528.00    0.1686228033E-04
   3529.00    0.1679350108E-04
   3530.00    0.1672473591E-04
   3531.00    0.1665598006E-04
   3532.00    0.1658722874E-04
   3533.00    0.1651847713E-04
   3534.00    0.1644972040E-04
   3535.00    0.1638095367E-04
   3536.00    0.1631217206E-04
   3537.00    0.1624337064E-04
   3538.00    0.1617454446E-04
   3539.00    0.1610568853E-04
   3540.00    0.1603679783E-04
   3541.00    0.1596786730E-04
   3542.00    0.1589889185E-04
   3543.00    0.1582986633E-04
   3544.00    0.1576078558E-04
   3545.00    0.1569164437E-04
   3546.00    0.1562243743E-04
   3547.00    0.1555315945E-04
   3548.00    0.1548380506E-04
   3549.00    0.1541436886E-04
   3550.00    0.1534484536E-04
   3551.00    0.1527522906E-04
   3552.00    0.1520551436E-04
   3553.00    0.1513569562E-04
   3554.00    0.1506576715E-04
   3555.00    0.1499572316E-04
   3556.00    0.1492555783E-04
   3557.00    0.1485526526E-04
   3558.00    0.1478483946E-04
   3559.00    0.1471427439E-04
   3560.00    0.1464356392E-04
   3561.00    0.1457270185E-04
   3562.00    0.1450168189E-04
   3563.00    0.1443049766E-04
   3564.00    0.1435914271E-04
   3565.00    0.1428761048E-04
   3566.00    0.1421589434E-04
   3567.00    0.1414398755E-04
   3568.00    0.1407188326E-04
   3569.00    0.1399957453E-04
   3570.00    0.1392705432E-04
   3571.00    0.1385431547E-04
   3572.00    0.1378135070E-04
   3573.00    0.1370815264E-04
   3574.00    0.1363471377E-04
   3575.00    0.1356102646E-04
   3576.00    0.1348708295E-04
   3577.00    0.1341287536E-04
   3578.00    0.1333839565E-04
   3579.00    0.1326363565E-04
   3580.00    0.1318858706E-04
   3581.00    0.1311324140E-04
   3582.00    0.1303759007E-04
   3583.00    0.1296162428E-04
   3584.00    0.1288533509E-04
   3585.00    0.1280871340E-04
   3586.00    0.1273174992E-04
   3587.00    0.1265443518E-04
   3588.00    0.1257675954E-04
   3589.00    0.1249871316E-04
   3590.00    0.1242028598E-04
   3591.00    0.1234146778E-04
   3592.00    0.1226224808E-04
   3593.00    0.1218261623E-04
   3594.00    0.1210256132E-04
   3595.00    0.1202207223E-04
   3596.00    0.1194113758E-04
   3597.00    0.1185974577E-04
   3598.00    0.1177788493E-04
   3599.00    0.1169554292E-04
   3600.00    0.1161270734E-04
   3601.00    0.1152936551E-04
   3602.00    0.1144550445E-04
   3603.00    0.1136111089E-04
   3604.00    0.1127617126E-04
   3605.00    0.1119067165E-04
   3606.00    0.1110459783E-04
   3607.00    0.1101793523E-04
   3608.00    0.1093066893E-04
   3609.00    0.1084278364E-04
   3610.00    0.1075426370E-04
   3611.00    0.1066509305E-04
   3612.00    0.1057525523E-04
   3613.00    0.1048473339E-04
   3614.00    0.1039351021E-04
   3615.00    0.1030156795E-04
   3616.00    0.1020888840E-04
   3617.00    0.1011545287E-04
   3618.00    0.1002124219E-04
   3619.00    0.9926236671E-05
   3620.00    0.9830416091E-05
   3621.00    0.9733759688E-05
   3622.00    0.9636246129E-05
   3623.00    0.9537853496E-05
   3624.00    0.9438559264E-05
   3625.00    0.9338340275E-05
   3626.00    0.9237172722E-05
   3627.00    0.9135032121E-05
   3628.00    0.9031893289E-05
   3629.00    0.8927730316E-05
   3630.00    0.8822516542E-05
   3631.00    0.8716224526E-05
   3632.00    0.8608826023E-05
   3633.00    0.8500291948E-05
   3634.00    0.8390592351E-05
   3635.00    0.8279696386E-05
   3636.00    0.8167572273E-05
   3637.00    0.8054187270E-05
   3638.00    0.7939507636E-05
   3639.00    0.7823498598E-05
   3640.00    0.7706124312E-05
   3641.00    0.7587347826E-05
   3642.00    0.7467131047E-05
   3643.00    0.7345434694E-05
   3644.00    0.7222218270E-05
   3645.00    0.7097440015E-05
   3646.00    0.6971056870E-05
   3647.00    0.6843024443E-05
   3648.00    0.6713296968E-05
   3649.00    0.6581827274E-05
   3650.00    0.6448566753E-05
   3651.00    0.6313465335E-05
   3652.00    0.6176471464E-05
   3653.00    0.6037532089E-05
   3654.00    0.5896592657E-05
   3655.00    0.5753597128E-05
   3656.00    0.5608488004E-05
   3657.00    0.5461206379E-05
   3658.00    0.5311692022E-05
   3659.00    0.5159883504E-05
   3660.00    0.5005718373E-05
   3661.00    0.4849133396E-05
   3662.00    0.4690064905E-05
   3663.00    0.4528449250E-05
   3664.00    0.4364223435E-05
   3665.00    0.4197325965E-05
   3666.00    0.4027698010E-05
   3667.00    0.3855284995E-05
   3668.00    0.3680038787E-05
   3669.00    0.3501920751E-05
   3670.00    0.3320906032E-05
   3671.00    0.3136989679E-05
   3672.00    0.2950195519E-05
   3673.00    0.2760589276E-05
   3674.00    0.2568298367E-05
   3675.00    0.2373542541E-05
   3676.00    0.2176682618E-05
   3677.00    0.1978300464E-05
   3678.00    0.1779334740E-05
   3679.00    0.1581319652E-05
   3680.00    0.1386819077E-05
   3681.00    0.1200232941E-05
   3682.00    0.1029269292E-05
   3683.00    0.8872848411E-06
   3684.00    0.7951701910E-06
   3685.00    0.7766677832E-06
   3686.00    0.8423148930E-06
   3687.00    0.9805045646E-06
   3688.00    0.1170469994E-05
   3689.00    0.1395479910E-05
   3690.00    0.1645157609E-05
   3691.00    0.1913563197E-05
   3692.00    0.2197345386E-05
   3693.00    0.2494620352E-05
   3694.00    0.2804355739E-05
   3695.00    0.3126034649E-05
   3696.00    0.3459468350E-05
   3697.00    0.3804688800E-05
   3698.00    0.4161885281E-05
   3699.00    0.4531366260E-05
   3700.00    0.4913536231E-05
   3701.00    0.5308881789E-05
   3702.00    0.5717963625E-05
   3703.00    0.6141412483E-05
   3704.00    0.6579927901E-05
   3705.00    0.7034279022E-05
   3706.00    0.7505307028E-05
   3707.00    0.7993928959E-05
   3708.00    0.8501142769E-05
   3709.00    0.9028033568E-05
   3710.00    0.9575781065E-05
   3711.00    0.1014566826E-04
   3712.00    0.1073909152E-04
   3713.00    0.1135757209E-04
   3714.00    0.1200276940E-04
   3715.00    0.1267649615E-04
   3716.00    0.1338073574E-04
   3717.00    0.1411766214E-04
   3718.00    0.1488966274E-04
   3719.00    0.1569936469E-04
   3720.00    0.1654966529E-04
   3721.00    0.1744376712E-04
   3722.00    0.1838521892E-04
   3723.00    0.1937796321E-04
   3724.00    0.2042639199E-04
   3725.00    0.2153541219E-04
   3726.00    0.2271052286E-04
   3727.00    0.2395790668E-04
   3728.00    0.2528453887E-04
   3729.00    0.2669831752E-04
   3730.00    0.2820822039E-04
   3731.00    0.2982449466E-04
   3732.00    0.3155888774E-04
   3733.00    0.3342493014E-04
   3734.00    0.3543828418E-04
   3735.00    0.3761717721E-04
   3736.00    0.3998294376E-04
   3737.00    0.4256070984E-04
   3738.00    0.4538026396E-04
   3739.00    0.4847717649E-04
   3740.00    0.5189425252E-04
   3741.00    0.5568343786E-04
   3742.00    0.5990834823E-04
   3743.00    0.6464766665E-04
   3744.00    0.6999976621E-04
   3745.00    0.7608908637E-04
   3746.00    0.8307505239E-04
   3747.00    0.9116473010E-04
   3748.00    0.1006310235E-03
   3749.00    0.1118391368E-03
   3750.00    0.1252852680E-03
   3751.00    0.1416527718E-03
   3752.00    0.1618905510E-03
   3753.00    0.1873089284E-03
   3754.00    0.2196426365E-03
   3755.00    0.2608567719E-03
   3756.00    0.3119172171E-03
   3757.00    0.3686280873E-03
   3758.00    0.4141350700E-03
   3759.00    0.4228158302E-03
   3760.00    0.3905404282E-03
   3761.00    0.3403238542E-03
   3762.00    0.2917544879E-03
   3763.00    0.2513737065E-03
   3764.00    0.2192676778E-03
   3765.00    0.1938665407E-03
   3766.00    0.1735784135E-03
   3767.00    0.1571442886E-03
   3768.00    0.1436332019E-03
   3769.00    0.1323673877E-03
   3770.00    0.1228516818E-03
   3771.00    0.1147203194E-03
   3772.00    0.1076993759E-03
   3773.00    0.1015807302E-03
   3774.00    0.9620401192E-04
   3775.00    0.9144398245E-04
   3776.00    0.8720160981E-04
   3777.00    0.8339767369E-04
   3778.00    0.7996812177E-04
   3779.00    0.7686065333E-04
   3780.00    0.7403217391E-04
   3781.00    0.7144687623E-04
   3782.00    0.6907477691E-04
   3783.00    0.6689058875E-04
   3784.00    0.6487284315E-04
   3785.00    0.6300320062E-04
   3786.00    0.6126590451E-04
   3787.00    0.5964734447E-04
   3788.00    0.5813570513E-04
   3789.00    0.5672068116E-04
   3790.00    0.5539324465E-04
   3791.00    0.5414545406E-04
   3792.00    0.5297029625E-04
   3793.00    0.5186155520E-04
   3794.00    0.5081370233E-04
   3795.00    0.4982180435E-04
   3796.00    0.4888144551E-04
   3797.00    0.4798866165E-04
   3798.00    0.4713988413E-04
   3799.00    0.4633189180E-04
   3800.00    0.4556176983E-04
   3801.00    0.4482687428E-04
   3802.00    0.4412480133E-04
   3803.00    0.4345336078E-04
   3804.00    0.4281055284E-04
   3805.00    0.4219454793E-04
   3806.00    0.4160366898E-04
   3807.00    0.4103637589E-04
   3808.00    0.4049125188E-04
   3809.00    0.3996699137E-04
   3810.00    0.3946238933E-04
   3811.00    0.3897633178E-04
   3812.00    0.3850778735E-04
   3813.00    0.3805579982E-04
   3814.00    0.3761948136E-04
   3815.00    0.3719800656E-04
   3816.00    0.3679060701E-04
   3817.00    0.3639656651E-04
   3818.00    0.3601521670E-04
   3819.00    0.3564593314E-04
   3820.00    0.3528813173E-04
   3821.00    0.3494126556E-04
   3822.00    0.3460482196E-04
   3823.00    0.3427831988E-04
   3824.00    0.3396130750E-04
   3825.00    0.3365336003E-04
   3826.00    0.3335407770E-04
   3827.00    0.3306308401E-04
   3828.00    0.3278002399E-04
   3829.00    0.3250456273E-04
   3830.00    0.3223638397E-04
   3831.00    0.3197518881E-04
   3832.00    0.3172069455E-04
   3833.00    0.3147263360E-04
   3834.00    0.3123075249E-04
   3835.00    0.3099481095E-04
   3836.00    0.3076458105E-04
   3837.00    0.3053984643E-04
   3838.00    0.3032040159E-04
   3839.00    0.3010605118E-04
   3840.00    0.2989660940E-04
   3841.00    0.2969189944E-04
   3842.00    0.2949175291E-04
   3843.00    0.2929600938E-04
   3844.00    0.2910451589E-04
   3845.00    0.2891712652E-04
   3846.00    0.2873370201E-04
   3847.00    0.2855410935E-04
   3848.00    0.2837822148E-04
   3849.00    0.2820591692E-04
   3850.00    0.2803707949E-04
   3851.00    0.2787159800E-04
   3852.00    0.2770936602E-04
   3853.00    0.2755028160E-04
   3854.00    0.2739424705E-04
   3855.00    0.2724116871E-04
   3856.00    0.2709095675E-04
   3857.00    0.2694352497E-04
   3858.00    0.2679879065E-04
   3859.00    0.2665667431E-04
   3860.00    0.2651709962E-04
   3861.00    0.2637999321E-04
   3862.00    0.2624528454E-04
   3863.00    0.2611290576E-04
   3864.00    0.2598279156E-04
   3865.00    0.2585487912E-04
   3866.00    0.2572910791E-04
   3867.00    0.2560541964E-04
   3868.00    0.2548375814E-04
   3869.00    0.2536406926E-04
   3870.00    0.2524630079E-04
   3871.00    0.2513040238E-04
   3872.00    0.2501632544E-04
   3873.00    0.2490402305E-04
   3874.00    0.2479344994E-04
   3875.00    0.2468456238E-04
   3876.00    0.2457731811E-04
   3877.00    0.2447167630E-04
   3878.00    0.2436759749E-04
   3879.00    0.2426504350E-04
   3880.00    0.2416397744E-04
   3881.00    0.2406436358E-04
   3882.00    0.2396616736E-04
   3883.00    0.2386935533E-04
   3884.00    0.2377389510E-04
   3885.00    0.2367975529E-04
   3886.00    0.2358690552E-04
   3887.00    0.2349531632E-04
   3888.00    0.2340495915E-04
   3889.00    0.2331580634E-04
   3890.00    0.2322783105E-04
   3891.00    0.2314100725E-04
   3892.00    0.2305530969E-04
   3893.00    0.2297071386E-04
   3894.00    0.2288719597E-04
   3895.00    0.2280473292E-04
   3896.00    0.2272330230E-04
   3897.00    0.2264288232E-04
   3898.00    0.2256345183E-04
   3899.00    0.2248499025E-04
   3900.00    0.2240747762E-04
   3901.00    0.2233089450E-04
   3902.00    0.2225522201E-04
   3903.00    0.2218044178E-04
   3904.00    0.2210653596E-04
   3905.00    0.2203348715E-04
   3906.00    0.2196127845E-04
   3907.00    0.2188989340E-04
   3908.00    0.2181931598E-04
   3909.00    0.2174953060E-04
   3910.00    0.2168052205E-04
   3911.00    0.2161227557E-04
   3912.00    0.2154477672E-04
   3913.00    0.2147801148E-04
   3914.00    0.2141196616E-04
   3915.00    0.2134662743E-04
   3916.00    0.2128198230E-04
   3917.00    0.2121801809E-04
   3918.00    0.2115472245E-04
   3919.00    0.2109208333E-04
   3920.00    0.2103008897E-04
   3921.00    0.2096872792E-04
   3922.00    0.2090798897E-04
   3923.00    0.2084786121E-04
   3924.00    0.2078833399E-04
   3925.00    0.2072939690E-04
   3926.00    0.2067103978E-04
   3927.00    0.2061325273E-04
   3928.00    0.2055602605E-04
   3929.00    0.2049935029E-04
   3930.00    0.2044321620E-04
   3931.00    0.2038761476E-04
   3932.00    0.2033253714E-04
   3933.00    0.2027797472E-04
   3934.00    0.2022391907E-04
   3935.00    0.2017036196E-04
   3936.00    0.2011729533E-04
   3937.00    0.2006471131E-04
   3938.00    0.2001260220E-04
   3939.00    0.1996096045E-04
   3940.00    0.1990977871E-04
   3941.00    0.1985904976E-04
   3942.00    0.1980876656E-04
   3943.00    0.1975892219E-04
   3944.00    0.1970950991E-04
   3945.00    0.1966052311E-04
   3946.00    0.1961195531E-04
   3947.00    0.1956380017E-04
   3948.00    0.1951605149E-04
   3949.00    0.1946870321E-04
   3950.00    0.1942174936E-04
   3951.00    0.1937518412E-04
   3952.00    0.1932900179E-04
   3953.00    0.1928319676E-04
   3954.00    0.1923776356E-04
   3955.00    0.1919269683E-04
   3956.00    0.1914799129E-04
   3957.00    0.1910364180E-04
   3958.00    0.1905964329E-04
   3959.00    0.1901599081E-04
   3960.00    0.1897267950E-04
   3961.00    0.1892970460E-04
   3962.00    0.1888706144E-04
   3963.00    0.1884474543E-04
   3964.00    0.1880275208E-04
   3965.00    0.1876107698E-04
   3966.00    0.1871971582E-04
   3967.00    0.1867866434E-04
   3968.00    0.1863791838E-04
   3969.00    0.1859747386E-04
   3970.00    0.1855732677E-04
   3971.00    0.1851747318E-04
   3972.00    0.1847790922E-04
   3973.00    0.1843863110E-04
   3974.00    0.1839963511E-04
   3975.00    0.1836091758E-04
   3976.00    0.1832247493E-04
   3977.00    0.1828430363E-04
   3978.00    0.1824640024E-04
   3979.00    0.1820876134E-04
   3980.00    0.1817138359E-04
   3981.00    0.1813426373E-04
   3982.00    0.1809739852E-04
   3983.00    0.1806078481E-04
   3984.00    0.1802441948E-04
   3985.00    0.1798829947E-04
   3986.00    0.1795242179E-04
   3987.00    0.1791678348E-04
   3988.00    0.1788138163E-04
   3989.00    0.1784621340E-04
   3990.00    0.1781127599E-04
   3991.00    0.1777656663E-04
   3992.00    0.1774208262E-04
   3993.00    0.1770782128E-04
   3994.00    0.1767378001E-04
   3995.00    0.1763995623E-04
   3996.00    0.1760634739E-04
   3997.00    0.1757295101E-04
   3998.00    0.1753976463E-04
   3999.00    0.1750678584E-04
   4000.00    0.1747401227E-04
