Frequencies(cm-1)    polar_2nd_xxx        
   1000.00    0.3964166185E-03
   1001.00    0.3702847310E-03
   1002.00    0.3430573921E-03
   1003.00    0.3207700630E-03
   1004.00    0.3031474978E-03
   1005.00    0.2884211208E-03
   1006.00    0.2755274874E-03
   1007.00    0.2639735057E-03
   1008.00    0.2535223352E-03
   1009.00    0.2440405325E-03
   1010.00    0.2354382531E-03
   1011.00    0.2276467503E-03
   1012.00    0.2206096836E-03
   1013.00    0.2142795202E-03
   1014.00    0.2086158664E-03
   1015.00    0.2035845725E-03
   1016.00    0.1991571788E-03
   1017.00    0.1953105435E-03
   1018.00    0.1920265913E-03
   1019.00    0.1892921637E-03
   1020.00    0.1870989676E-03
   1021.00    0.1854436282E-03
   1022.00    0.1843278572E-03
   1023.00    0.1837587554E-03
   1024.00    0.1837492744E-03
   1025.00    0.1843188732E-03
   1026.00    0.1854944205E-03
   1027.00    0.1873114083E-03
   1028.00    0.1898155707E-03
   1029.00    0.1930650298E-03
   1030.00    0.1971331266E-03
   1031.00    0.2021121219E-03
   1032.00    0.2081179279E-03
   1033.00    0.2152958156E-03
   1034.00    0.2238262322E-03
   1035.00    0.2339272322E-03
   1036.00    0.2458422329E-03
   1037.00    0.2597816080E-03
   1038.00    0.2757550994E-03
   1039.00    0.2933207973E-03
   1040.00    0.3120263474E-03
   1041.00    0.3336814805E-03
   1042.00    0.3624880086E-03
   1043.00    0.4008279470E-03
   1044.00    0.4477914732E-03
   1045.00    0.4973010112E-03
   1046.00    0.5313475510E-03
   1047.00    0.5201433021E-03
   1048.00    0.4535757948E-03
   1049.00    0.3619849043E-03
   1050.00    0.2782262342E-03
   1051.00    0.2152032834E-03
   1052.00    0.1751970324E-03
   1053.00    0.1579604203E-03
   1054.00    0.1612171913E-03
   1055.00    0.1802828129E-03
   1056.00    0.2104940094E-03
   1057.00    0.2485234403E-03
   1058.00    0.2904986062E-03
   1059.00    0.3273898898E-03
   1060.00    0.3417276605E-03
   1061.00    0.3215455409E-03
   1062.00    0.2838162911E-03
   1063.00    0.2582046943E-03
   1064.00    0.2585191438E-03
   1065.00    0.2824695033E-03
   1066.00    0.3234325232E-03
   1067.00    0.3771862804E-03
   1068.00    0.4426142868E-03
   1069.00    0.5208455139E-03
   1070.00    0.6147462332E-03
   1071.00    0.7289466254E-03
   1072.00    0.8703187631E-03
   1073.00    0.1048899187E-02
   1074.00    0.1279272770E-02
   1075.00    0.1582116773E-02
   1076.00    0.1983959962E-02
   1077.00    0.2506876206E-02
   1078.00    0.3121763114E-02
   1079.00    0.3627963900E-02
   1080.00    0.3608254960E-02
   1081.00    0.2933838883E-02
   1082.00    0.2114079812E-02
   1083.00    0.1553450075E-02
   1084.00    0.1251607825E-02
   1085.00    0.1091101542E-02
   1086.00    0.9933514332E-03
   1087.00    0.9232052007E-03
   1088.00    0.8666227188E-03
   1089.00    0.8178169647E-03
   1090.00    0.7740877519E-03
   1091.00    0.7339291735E-03
   1092.00    0.6963428272E-03
   1093.00    0.6605981716E-03
   1094.00    0.6261935514E-03
   1095.00    0.5929823224E-03
   1096.00    0.5615764028E-03
   1097.00    0.5343540255E-03
   1098.00    0.5177035561E-03
   1099.00    0.5257858973E-03
   1100.00    0.5815662886E-03
   1101.00    0.7006022070E-03
   1102.00    0.8540845088E-03
   1103.00    0.9684333287E-03
   1104.00    0.1005259761E-02
   1105.00    0.9895456220E-03
   1106.00    0.9545917778E-03
   1107.00    0.9172792128E-03
   1108.00    0.8833452643E-03
   1109.00    0.8539927273E-03
   1110.00    0.8289411939E-03
   1111.00    0.8075386891E-03
   1112.00    0.7891216871E-03
   1113.00    0.7731126495E-03
   1114.00    0.7590314741E-03
   1115.00    0.7464817658E-03
   1116.00    0.7351321917E-03
   1117.00    0.7246990653E-03
   1118.00    0.7149315102E-03
   1119.00    0.7055990377E-03
   1120.00    0.6964810333E-03
   1121.00    0.6873577763E-03
   1122.00    0.6780030796E-03
   1123.00    0.6681796539E-03
   1124.00    0.6576406126E-03
   1125.00    0.6461460083E-03
   1126.00    0.6335166946E-03
   1127.00    0.6197812534E-03
   1128.00    0.6055547176E-03
   1129.00    0.5929790559E-03
   1130.00    0.5878672949E-03
   1131.00    0.6033447840E-03
   1132.00    0.6600560764E-03
   1133.00    0.7655657478E-03
   1134.00    0.8793217396E-03
   1135.00    0.9436045048E-03
   1136.00    0.9519404778E-03
   1137.00    0.9302679035E-03
   1138.00    0.8988004128E-03
   1139.00    0.8685598855E-03
   1140.00    0.8496778100E-03
   1141.00    0.8604530746E-03
   1142.00    0.9335765038E-03
   1143.00    0.1099705520E-02
   1144.00    0.1329535564E-02
   1145.00    0.1518709474E-02
   1146.00    0.1604523443E-02
   1147.00    0.1616024815E-02
   1148.00    0.1598280661E-02
   1149.00    0.1575376468E-02
   1150.00    0.1556162292E-02
   1151.00    0.1543000136E-02
   1152.00    0.1535991655E-02
   1153.00    0.1534587603E-02
   1154.00    0.1538143352E-02
   1155.00    0.1546091027E-02
   1156.00    0.1557978621E-02
   1157.00    0.1573466069E-02
   1158.00    0.1592310029E-02
   1159.00    0.1614348056E-02
   1160.00    0.1639485387E-02
   1161.00    0.1667684878E-02
   1162.00    0.1698959883E-02
   1163.00    0.1733369630E-02
   1164.00    0.1771016727E-02
   1165.00    0.1812046532E-02
   1166.00    0.1856648226E-02
   1167.00    0.1905057555E-02
   1168.00    0.1957561336E-02
   1169.00    0.2014503915E-02
   1170.00    0.2076295932E-02
   1171.00    0.2143425931E-02
   1172.00    0.2216475553E-02
   1173.00    0.2296139394E-02
   1174.00    0.2383251029E-02
   1175.00    0.2478817305E-02
   1176.00    0.2584063867E-02
   1177.00    0.2700496056E-02
   1178.00    0.2829980939E-02
   1179.00    0.2974858226E-02
   1180.00    0.3138089887E-02
   1181.00    0.3323458709E-02
   1182.00    0.3535819319E-02
   1183.00    0.3781374068E-02
   1184.00    0.4067837144E-02
   1185.00    0.4404000364E-02
   1186.00    0.4797137720E-02
   1187.00    0.5243595675E-02
   1188.00    0.5700871183E-02
   1189.00    0.6026776775E-02
   1190.00    0.5943750256E-02
   1191.00    0.5275686657E-02
   1192.00    0.4312873693E-02
   1193.00    0.3529338821E-02
   1194.00    0.3146499820E-02
   1195.00    0.3137081976E-02
   1196.00    0.3379831757E-02
   1197.00    0.3775024322E-02
   1198.00    0.4275187547E-02
   1199.00    0.4877368782E-02
   1200.00    0.5627466631E-02
   1201.00    0.6667910896E-02
   1202.00    0.8367354809E-02
   1203.00    0.1149299139E-01
   1204.00    0.1694057678E-01
   1205.00    0.2420872569E-01
   1206.00    0.3011288401E-01
   1207.00    0.3155256814E-01
   1208.00    0.2910514835E-01
   1209.00    0.2524121570E-01
   1210.00    0.2150549098E-01
   1211.00    0.1841114657E-01
   1212.00    0.1598880703E-01
   1213.00    0.1411918359E-01
   1214.00    0.1267225880E-01
   1215.00    0.1154443331E-01
   1216.00    0.1066036668E-01
   1217.00    0.9966823764E-02
   1218.00    0.9426219732E-02
   1219.00    0.9010919559E-02
   1220.00    0.8696919992E-02
   1221.00    0.8453229380E-02
   1222.00    0.8219277060E-02
   1223.00    0.7862967807E-02
   1224.00    0.7162539618E-02
   1225.00    0.6001483546E-02
   1226.00    0.4704749189E-02
   1227.00    0.3753635983E-02
   1228.00    0.3266157451E-02
   1229.00    0.3086002286E-02
   1230.00    0.3048230521E-02
   1231.00    0.3062566175E-02
   1232.00    0.3091273041E-02
   1233.00    0.3120940930E-02
   1234.00    0.3147850361E-02
   1235.00    0.3171851513E-02
   1236.00    0.3193980538E-02
   1237.00    0.3215569398E-02
   1238.00    0.3237938404E-02
   1239.00    0.3262313124E-02
   1240.00    0.3289823608E-02
   1241.00    0.3321525931E-02
   1242.00    0.3358410900E-02
   1243.00    0.3401353776E-02
   1244.00    0.3450899026E-02
   1245.00    0.3506622132E-02
   1246.00    0.3565606982E-02
   1247.00    0.3620385720E-02
   1248.00    0.3662653293E-02
   1249.00    0.3702157255E-02
   1250.00    0.3768105305E-02
   1251.00    0.3873811234E-02
   1252.00    0.4014698552E-02
   1253.00    0.4186654509E-02
   1254.00    0.4390947926E-02
   1255.00    0.4633113086E-02
   1256.00    0.4922192241E-02
   1257.00    0.5271075268E-02
   1258.00    0.5697767850E-02
   1259.00    0.6227661547E-02
   1260.00    0.6897198428E-02
   1261.00    0.7759640901E-02
   1262.00    0.8893872572E-02
   1263.00    0.1041650166E-01
   1264.00    0.1249255415E-01
   1265.00    0.1531772227E-01
   1266.00    0.1897056919E-01
   1267.00    0.2291520219E-01
   1268.00    0.2534030696E-01
   1269.00    0.2413503304E-01
   1270.00    0.1959605325E-01
   1271.00    0.1430148199E-01
   1272.00    0.1019685220E-01
   1273.00    0.7568274780E-02
   1274.00    0.6016227375E-02
   1275.00    0.5138232676E-02
   1276.00    0.4669626534E-02
   1277.00    0.4457331670E-02
   1278.00    0.4418097101E-02
   1279.00    0.4509613591E-02
   1280.00    0.4714049322E-02
   1281.00    0.5029801736E-02
   1282.00    0.5468326016E-02
   1283.00    0.6054390605E-02
   1284.00    0.6829242626E-02
   1285.00    0.7856897974E-02
   1286.00    0.9233820888E-02
   1287.00    0.1109980963E-01
   1288.00    0.1363556841E-01
   1289.00    0.1698739015E-01
   1290.00    0.2095731336E-01
   1291.00    0.2438693107E-01
   1292.00    0.2528018105E-01
   1293.00    0.2268719740E-01
   1294.00    0.1758222279E-01
   1295.00    0.1202775074E-01
   1296.00    0.7658242316E-02
   1297.00    0.4770106901E-02
   1298.00    0.2991363734E-02
   1299.00    0.1928881525E-02
   1300.00    0.1320675898E-02
   1301.00    0.1004394892E-02
   1302.00    0.8656339050E-03
   1303.00    0.8178178237E-03
   1304.00    0.8067381546E-03
   1305.00    0.8062961701E-03
   1306.00    0.8062846033E-03
   1307.00    0.8035188920E-03
   1308.00    0.7975382941E-03
   1309.00    0.7888143836E-03
   1310.00    0.7780531059E-03
   1311.00    0.7659410865E-03
   1312.00    0.7530674611E-03
   1313.00    0.7399127235E-03
   1314.00    0.7268610754E-03
   1315.00    0.7142191152E-03
   1316.00    0.7022344586E-03
   1317.00    0.6911122638E-03
   1318.00    0.6810293818E-03
   1319.00    0.6721465175E-03
   1320.00    0.6646190139E-03
   1321.00    0.6586069463E-03
   1322.00    0.6542852624E-03
   1323.00    0.6518547800E-03
   1324.00    0.6515550043E-03
   1325.00    0.6536799848E-03
   1326.00    0.6585988307E-03
   1327.00    0.6667830832E-03
   1328.00    0.6788438994E-03
   1329.00    0.6955827424E-03
   1330.00    0.7180591862E-03
   1331.00    0.7476756349E-03
   1332.00    0.7862616988E-03
   1333.00    0.8360800507E-03
   1334.00    0.8994754940E-03
   1335.00    0.9772821530E-03
   1336.00    0.1063612189E-02
   1337.00    0.1133520532E-02
   1338.00    0.1132777537E-02
   1339.00    0.1017567398E-02
   1340.00    0.8256896093E-03
   1341.00    0.6325011901E-03
   1342.00    0.4748353531E-03
   1343.00    0.3559966165E-03
   1344.00    0.2696999717E-03
   1345.00    0.2104704502E-03
   1346.00    0.1757250398E-03
   1347.00    0.1639778645E-03
   1348.00    0.1715981352E-03
   1349.00    0.1929085586E-03
   1350.00    0.2231916486E-03
   1351.00    0.2599314415E-03
   1352.00    0.3023121104E-03
   1353.00    0.3505592173E-03
   1354.00    0.4055703197E-03
   1355.00    0.4687778425E-03
   1356.00    0.5421563941E-03
   1357.00    0.6283332175E-03
   1358.00    0.7307979262E-03
   1359.00    0.8542357679E-03
   1360.00    0.1005035961E-02
   1361.00    0.1192057777E-02
   1362.00    0.1427764354E-02
   1363.00    0.1729803918E-02
   1364.00    0.2122798185E-02
   1365.00    0.2638612705E-02
   1366.00    0.3307914017E-02
   1367.00    0.4121159992E-02
   1368.00    0.4930847949E-02
   1369.00    0.5403519696E-02
   1370.00    0.5327783803E-02
   1371.00    0.4891468278E-02
   1372.00    0.4373890509E-02
   1373.00    0.3907958001E-02
   1374.00    0.3522399794E-02
   1375.00    0.3211950425E-02
   1376.00    0.2970872862E-02
   1377.00    0.2811151283E-02
   1378.00    0.2783917416E-02
   1379.00    0.3004975932E-02
   1380.00    0.3640881187E-02
   1381.00    0.4779920062E-02
   1382.00    0.6207726851E-02
   1383.00    0.7401371856E-02
   1384.00    0.8070997574E-02
   1385.00    0.8392704972E-02
   1386.00    0.8624785609E-02
   1387.00    0.8915483122E-02
   1388.00    0.9335954560E-02
   1389.00    0.9930603823E-02
   1390.00    0.1074396999E-01
   1391.00    0.1183453401E-01
   1392.00    0.1328308337E-01
   1393.00    0.1519385917E-01
   1394.00    0.1766827627E-01
   1395.00    0.2068458400E-01
   1396.00    0.2376464546E-01
   1397.00    0.2563036942E-01
   1398.00    0.2509152547E-01
   1399.00    0.2270316290E-01
   1400.00    0.1979528701E-01
   1401.00    0.1690619138E-01
   1402.00    0.1401922840E-01
   1403.00    0.1120499124E-01
   1404.00    0.8909921128E-02
   1405.00    0.7429539020E-02
   1406.00    0.6564060987E-02
   1407.00    0.6019637779E-02
   1408.00    0.5629332018E-02
   1409.00    0.5320926069E-02
   1410.00    0.5064139414E-02
   1411.00    0.4845022917E-02
   1412.00    0.4656151986E-02
   1413.00    0.4493260692E-02
   1414.00    0.4354665108E-02
   1415.00    0.4242837550E-02
   1416.00    0.4169554428E-02
   1417.00    0.4167845359E-02
   1418.00    0.4308626708E-02
   1419.00    0.4678210797E-02
   1420.00    0.5235429633E-02
   1421.00    0.5756131356E-02
   1422.00    0.6120926280E-02
   1423.00    0.6402804203E-02
   1424.00    0.6701941879E-02
   1425.00    0.7084595545E-02
   1426.00    0.7597934297E-02
   1427.00    0.8287344125E-02
   1428.00    0.9202058697E-02
   1429.00    0.1038038002E-01
   1430.00    0.1178150792E-01
   1431.00    0.1311002592E-01
   1432.00    0.1367090049E-01
   1433.00    0.1290592266E-01
   1434.00    0.1122752307E-01
   1435.00    0.9438788625E-02
   1436.00    0.7936888230E-02
   1437.00    0.6777432623E-02
   1438.00    0.5904617697E-02
   1439.00    0.5251266530E-02
   1440.00    0.4763628100E-02
   1441.00    0.4403005326E-02
   1442.00    0.4142558523E-02
   1443.00    0.3964081332E-02
   1444.00    0.3855637199E-02
   1445.00    0.3810012112E-02
   1446.00    0.3823797931E-02
   1447.00    0.3896961453E-02
   1448.00    0.4032824131E-02
   1449.00    0.4238445630E-02
   1450.00    0.4525469739E-02
   1451.00    0.4911550719E-02
   1452.00    0.5422494480E-02
   1453.00    0.6095052801E-02
   1454.00    0.6979263579E-02
   1455.00    0.8135216880E-02
   1456.00    0.9606777285E-02
   1457.00    0.1133260774E-01
   1458.00    0.1298573033E-01
   1459.00    0.1394652134E-01
   1460.00    0.1370901548E-01
   1461.00    0.1248646724E-01
   1462.00    0.1096719948E-01
   1463.00    0.9594012108E-02
   1464.00    0.8483713729E-02
   1465.00    0.7616640078E-02
   1466.00    0.6943769826E-02
   1467.00    0.6420129949E-02
   1468.00    0.6011057151E-02
   1469.00    0.5691200967E-02
   1470.00    0.5442314480E-02
   1471.00    0.5251330565E-02
   1472.00    0.5108949644E-02
   1473.00    0.5008664833E-02
   1474.00    0.4946112595E-02
   1475.00    0.4918659531E-02
   1476.00    0.4925165464E-02
   1477.00    0.4965887687E-02
   1478.00    0.5042510514E-02
   1479.00    0.5158298683E-02
   1480.00    0.5318381053E-02
   1481.00    0.5530162576E-02
   1482.00    0.5803803519E-02
   1483.00    0.6152487766E-02
   1484.00    0.6591493964E-02
   1485.00    0.7132870042E-02
   1486.00    0.7765900184E-02
   1487.00    0.8396285363E-02
   1488.00    0.8691452164E-02
   1489.00    0.7853147634E-02
   1490.00    0.4783456523E-02
   1491.00    0.2036305883E-02
   1492.00    0.1100486906E-01
   1493.00    0.2299458912E-01
   1494.00    0.3512437097E-01
   1495.00    0.4347033961E-01
   1496.00    0.4458255651E-01
   1497.00    0.3813261329E-01
   1498.00    0.2778472586E-01
   1499.00    0.1813359392E-01
   1500.00    0.1132031531E-01
   1501.00    0.7077142327E-02
   1502.00    0.4529356662E-02
   1503.00    0.3009639778E-02
   1504.00    0.2124772876E-02
   1505.00    0.1660865256E-02
   1506.00    0.1490780165E-02
   1507.00    0.1512706510E-02
   1508.00    0.1634498669E-02
   1509.00    0.1779290575E-02
   1510.00    0.1922160025E-02
   1511.00    0.2119252293E-02
   1512.00    0.2403002678E-02
   1513.00    0.2683550490E-02
   1514.00    0.2795394304E-02
   1515.00    0.2713885885E-02
   1516.00    0.2656453570E-02
   1517.00    0.2880850355E-02
   1518.00    0.3591339276E-02
   1519.00    0.5060509447E-02
   1520.00    0.7655190852E-02
   1521.00    0.1135244394E-01
   1522.00    0.1522543877E-01
   1523.00    0.1786997315E-01
   1524.00    0.1873948009E-01
   1525.00    0.1843122094E-01
   1526.00    0.1742358009E-01
   1527.00    0.1556196433E-01
   1528.00    0.1275024749E-01
   1529.00    0.9788149983E-02
   1530.00    0.7666528648E-02
   1531.00    0.6649360334E-02
   1532.00    0.6481901228E-02
   1533.00    0.6865727450E-02
   1534.00    0.7713505791E-02
   1535.00    0.9255616887E-02
   1536.00    0.1209636777E-01
   1537.00    0.1674101046E-01
   1538.00    0.2198179975E-01
   1539.00    0.2459631475E-01
   1540.00    0.2318707670E-01
   1541.00    0.1966879932E-01
   1542.00    0.1605480615E-01
   1543.00    0.1305772943E-01
   1544.00    0.1069100942E-01
   1545.00    0.8807933091E-02
   1546.00    0.7320327021E-02
   1547.00    0.6190430144E-02
   1548.00    0.5336605771E-02
   1549.00    0.4664967749E-02
   1550.00    0.4113492276E-02
   1551.00    0.3646800150E-02
   1552.00    0.3243474851E-02
   1553.00    0.2889196531E-02
   1554.00    0.2573664383E-02
   1555.00    0.2289164585E-02
   1556.00    0.2029860048E-02
   1557.00    0.1791472622E-02
   1558.00    0.1571285030E-02
   1559.00    0.1368551981E-02
   1560.00    0.1185594624E-02
   1561.00    0.1030052270E-02
   1562.00    0.9184145598E-03
   1563.00    0.8777757916E-03
   1564.00    0.9368133540E-03
   1565.00    0.1108261891E-02
   1566.00    0.1389603325E-02
   1567.00    0.1781001154E-02
   1568.00    0.2296799749E-02
   1569.00    0.2969800796E-02
   1570.00    0.3855453730E-02
   1571.00    0.5037006856E-02
   1572.00    0.6622374890E-02
   1573.00    0.8695115429E-02
   1574.00    0.1112912522E-01
   1575.00    0.1329435354E-01
   1576.00    0.1434801469E-01
   1577.00    0.1424952213E-01
   1578.00    0.1358559939E-01
   1579.00    0.1265367783E-01
   1580.00    0.1126684632E-01
   1581.00    0.9178321355E-02
   1582.00    0.6734481178E-02
   1583.00    0.4608469227E-02
   1584.00    0.3075812117E-02
   1585.00    0.2065814833E-02
   1586.00    0.1438538572E-02
   1587.00    0.1084489805E-02
   1588.00    0.9211696656E-03
   1589.00    0.8741585463E-03
   1590.00    0.8809268186E-03
   1591.00    0.8970551467E-03
   1592.00    0.8879322214E-03
   1593.00    0.8312414235E-03
   1594.00    0.7468978823E-03
   1595.00    0.6830423126E-03
   1596.00    0.6546788496E-03
   1597.00    0.6476305369E-03
   1598.00    0.6480042419E-03
   1599.00    0.6489869223E-03
   1600.00    0.6480761346E-03
   1601.00    0.6446230345E-03
   1602.00    0.6386685562E-03
   1603.00    0.6304719804E-03
   1604.00    0.6203317418E-03
   1605.00    0.6085220620E-03
   1606.00    0.5952744590E-03
   1607.00    0.5807760972E-03
   1608.00    0.5651739157E-03
   1609.00    0.5485802155E-03
   1610.00    0.5310781041E-03
   1611.00    0.5127262898E-03
   1612.00    0.4935631638E-03
   1613.00    0.4736102873E-03
   1614.00    0.4528754811E-03
   1615.00    0.4313557769E-03
   1616.00    0.4090405716E-03
   1617.00    0.3859154815E-03
   1618.00    0.3619676718E-03
   1619.00    0.3371939794E-03
   1620.00    0.3116141809E-03
   1621.00    0.2852937999E-03
   1622.00    0.2583849675E-03
   1623.00    0.2312022346E-03
   1624.00    0.2043666835E-03
   1625.00    0.1790782082E-03
   1626.00    0.1575821158E-03
   1627.00    0.1436869237E-03
   1628.00    0.1423388709E-03
   1629.00    0.1569466046E-03
   1630.00    0.1870543391E-03
   1631.00    0.2300362483E-03
   1632.00    0.2836804159E-03
   1633.00    0.3469312675E-03
   1634.00    0.4196907864E-03
   1635.00    0.5025553752E-03
   1636.00    0.5966772892E-03
   1637.00    0.7037348204E-03
   1638.00    0.8259828013E-03
   1639.00    0.9663728626E-03
   1640.00    0.1128749960E-02
   1641.00    0.1318147582E-02
   1642.00    0.1541222779E-02
   1643.00    0.1806898339E-02
   1644.00    0.2127318281E-02
   1645.00    0.2519278357E-02
   1646.00    0.3006358355E-02
   1647.00    0.3621996485E-02
   1648.00    0.4413425849E-02
   1649.00    0.5444626577E-02
   1650.00    0.6789343005E-02
   1651.00    0.8482604229E-02
   1652.00    0.1036151910E-01
   1653.00    0.1183714216E-01
   1654.00    0.1219206320E-01
   1655.00    0.1148636868E-01
   1656.00    0.1037580109E-01
   1657.00    0.9312105766E-02
   1658.00    0.8436462728E-02
   1659.00    0.7753127024E-02
   1660.00    0.7231090951E-02
   1661.00    0.6838021883E-02
   1662.00    0.6548235390E-02
   1663.00    0.6343125149E-02
   1664.00    0.6209953451E-02
   1665.00    0.6140631451E-02
   1666.00    0.6130851875E-02
   1667.00    0.6179605580E-02
   1668.00    0.6289055699E-02
   1669.00    0.6464761632E-02
   1670.00    0.6716281891E-02
   1671.00    0.7058214335E-02
   1672.00    0.7511707080E-02
   1673.00    0.8106229748E-02
   1674.00    0.8880368315E-02
   1675.00    0.9876755483E-02
   1676.00    0.1111481164E-01
   1677.00    0.1249876865E-01
   1678.00    0.1362137838E-01
   1679.00    0.1372354627E-01
   1680.00    0.1245480557E-01
   1681.00    0.1046866808E-01
   1682.00    0.8539612901E-02
   1683.00    0.6962422305E-02
   1684.00    0.5740293083E-02
   1685.00    0.4799722215E-02
   1686.00    0.4068344779E-02
   1687.00    0.3490681656E-02
   1688.00    0.3026893114E-02
   1689.00    0.2648728346E-02
   1690.00    0.2336023678E-02
   1691.00    0.2074189293E-02
   1692.00    0.1852497955E-02
   1693.00    0.1662932954E-02
   1694.00    0.1499408783E-02
   1695.00    0.1357237787E-02
   1696.00    0.1232759890E-02
   1697.00    0.1123081598E-02
   1698.00    0.1025889234E-02
   1699.00    0.9393133411E-03
   1700.00    0.8618288711E-03
   1701.00    0.7921807503E-03
   1702.00    0.7293277007E-03
   1703.00    0.6723993556E-03
   1704.00    0.6206631755E-03
   1705.00    0.5734986759E-03
   1706.00    0.5303771631E-03
   1707.00    0.4908456667E-03
   1708.00    0.4545140962E-03
   1709.00    0.4210448980E-03
   1710.00    0.3901446679E-03
   1711.00    0.3615573045E-03
   1712.00    0.3350583861E-03
   1713.00    0.3104505261E-03
   1714.00    0.2875595151E-03
   1715.00    0.2662311026E-03
   1716.00    0.2463282967E-03
   1717.00    0.2277290927E-03
   1718.00    0.2103245523E-03
   1719.00    0.1940171768E-03
   1720.00    0.1787195246E-03
   1721.00    0.1643530372E-03
   1722.00    0.1508470419E-03
   1723.00    0.1381379099E-03
   1724.00    0.1261683523E-03
   1725.00    0.1148868450E-03
   1726.00    0.1042471792E-03
   1727.00    0.9420814570E-04
   1728.00    0.8473337441E-04
   1729.00    0.7579137240E-04
   1730.00    0.6735584426E-04
   1731.00    0.5940644537E-04
   1732.00    0.5193024810E-04
   1733.00    0.4492444719E-04
   1734.00    0.3840131299E-04
   1735.00    0.3239732785E-04
   1736.00    0.2699001859E-04
   1737.00    0.2232735708E-04
   1738.00    0.1866797561E-04
   1739.00    0.1638612340E-04
   1740.00    0.1580560924E-04
   1741.00    0.1687402955E-04
   1742.00    0.1914319654E-04
   1743.00    0.2211365927E-04
   1744.00    0.2543821866E-04
   1745.00    0.2891480466E-04
   1746.00    0.3243131635E-04
   1747.00    0.3592563384E-04
   1748.00    0.3936313279E-04
   1749.00    0.4272466703E-04
   1750.00    0.4600007976E-04
   1751.00    0.4918459418E-04
   1752.00    0.5227673584E-04
   1753.00    0.5527709639E-04
   1754.00    0.5818757593E-04
   1755.00    0.6101090651E-04
   1756.00    0.6375034644E-04
   1757.00    0.6640948078E-04
   1758.00    0.6899209010E-04
   1759.00    0.7150206363E-04
   1760.00    0.7394334230E-04
   1761.00    0.7631988205E-04
   1762.00    0.7863563122E-04
   1763.00    0.8089451795E-04
   1764.00    0.8310044481E-04
   1765.00    0.8525728873E-04
   1766.00    0.8736890506E-04
   1767.00    0.8943913479E-04
   1768.00    0.9147181449E-04
   1769.00    0.9347078854E-04
   1770.00    0.9543992352E-04
   1771.00    0.9738312466E-04
   1772.00    0.9930435449E-04
   1773.00    0.1012076537E-03
   1774.00    0.1030971645E-03
   1775.00    0.1049771571E-03
   1776.00    0.1068520591E-03
   1777.00    0.1087264891E-03
   1778.00    0.1106052943E-03
   1779.00    0.1124935939E-03
   1780.00    0.1143968288E-03
   1781.00    0.1163208183E-03
   1782.00    0.1182718268E-03
   1783.00    0.1202566405E-03
   1784.00    0.1222826582E-03
   1785.00    0.1243579978E-03
   1786.00    0.1264916226E-03
   1787.00    0.1286934926E-03
   1788.00    0.1309747452E-03
   1789.00    0.1333479142E-03
   1790.00    0.1358271958E-03
   1791.00    0.1384287739E-03
   1792.00    0.1411712219E-03
   1793.00    0.1440760010E-03
   1794.00    0.1471680844E-03
   1795.00    0.1504767450E-03
   1796.00    0.1540365587E-03
   1797.00    0.1578886938E-03
   1798.00    0.1620825839E-03
   1799.00    0.1666781217E-03
   1800.00    0.1717485678E-03
   1801.00    0.1773844488E-03
   1802.00    0.1836988435E-03
   1803.00    0.1908346346E-03
   1804.00    0.1989745631E-03
   1805.00    0.2083552948E-03
   1806.00    0.2192871960E-03
   1807.00    0.2321820189E-03
   1808.00    0.2475907357E-03
   1809.00    0.2662514864E-03
   1810.00    0.2891367178E-03
   1811.00    0.3174481551E-03
   1812.00    0.3523725562E-03
   1813.00    0.3940061739E-03
   1814.00    0.4380048021E-03
   1815.00    0.4690499662E-03
   1816.00    0.4613739643E-03
   1817.00    0.4067222522E-03
   1818.00    0.3307502209E-03
   1819.00    0.2597859558E-03
   1820.00    0.2026687401E-03
   1821.00    0.1586753450E-03
   1822.00    0.1248801711E-03
   1823.00    0.9862056462E-04
   1824.00    0.7792292851E-04
   1825.00    0.6141280208E-04
   1826.00    0.4816343154E-04
   1827.00    0.3758474887E-04
   1828.00    0.2936420447E-04
   1829.00    0.2343885454E-04
   1830.00    0.1991325821E-04
   1831.00    0.1877233637E-04
   1832.00    0.1955340133E-04
   1833.00    0.2150848579E-04
   1834.00    0.2401606700E-04
   1835.00    0.2670682279E-04
   1836.00    0.2939207560E-04
   1837.00    0.3198245906E-04
   1838.00    0.3443914037E-04
   1839.00    0.3674858063E-04
   1840.00    0.3890983132E-04
   1841.00    0.4092808360E-04
   1842.00    0.4281133867E-04
   1843.00    0.4456866868E-04
   1844.00    0.4620930858E-04
   1845.00    0.4774219166E-04
   1846.00    0.4917572572E-04
   1847.00    0.5051770076E-04
   1848.00    0.5177526806E-04
   1849.00    0.5295495734E-04
   1850.00    0.5406271293E-04
   1851.00    0.5510393847E-04
   1852.00    0.5608354396E-04
   1853.00    0.5700599203E-04
   1854.00    0.5787534166E-04
   1855.00    0.5869528850E-04
   1856.00    0.5946920169E-04
   1857.00    0.6020015694E-04
   1858.00    0.6089096632E-04
   1859.00    0.6154420480E-04
   1860.00    0.6216223399E-04
   1861.00    0.6274722319E-04
   1862.00    0.6330116823E-04
   1863.00    0.6382590819E-04
   1864.00    0.6432314033E-04
   1865.00    0.6479443337E-04
   1866.00    0.6524123938E-04
   1867.00    0.6566490439E-04
   1868.00    0.6606667789E-04
   1869.00    0.6644772134E-04
   1870.00    0.6680911583E-04
   1871.00    0.6715186890E-04
   1872.00    0.6747692080E-04
   1873.00    0.6778514998E-04
   1874.00    0.6807737819E-04
   1875.00    0.6835437499E-04
   1876.00    0.6861686188E-04
   1877.00    0.6886551605E-04
   1878.00    0.6910097375E-04
   1879.00    0.6932383339E-04
   1880.00    0.6953465834E-04
   1881.00    0.6973397953E-04
   1882.00    0.6992229771E-04
   1883.00    0.7010008568E-04
   1884.00    0.7026779019E-04
   1885.00    0.7042583374E-04
   1886.00    0.7057461627E-04
   1887.00    0.7071451661E-04
   1888.00    0.7084589393E-04
   1889.00    0.7096908898E-04
   1890.00    0.7108442530E-04
   1891.00    0.7119221029E-04
   1892.00    0.7129273624E-04
   1893.00    0.7138628125E-04
   1894.00    0.7147311010E-04
   1895.00    0.7155347504E-04
   1896.00    0.7162761653E-04
   1897.00    0.7169576397E-04
   1898.00    0.7175813627E-04
   1899.00    0.7181494252E-04
   1900.00    0.7186638249E-04
   1901.00    0.7191264719E-04
   1902.00    0.7195391930E-04
   1903.00    0.7199037369E-04
   1904.00    0.7202217778E-04
   1905.00    0.7204949196E-04
   1906.00    0.7207246998E-04
   1907.00    0.7209125925E-04
   1908.00    0.7210600119E-04
   1909.00    0.7211683154E-04
   1910.00    0.7212388062E-04
   1911.00    0.7212727362E-04
   1912.00    0.7212713086E-04
   1913.00    0.7212356799E-04
   1914.00    0.7211669624E-04
   1915.00    0.7210662262E-04
   1916.00    0.7209345015E-04
   1917.00    0.7207727798E-04
   1918.00    0.7205820163E-04
   1919.00    0.7203631313E-04
   1920.00    0.7201170116E-04
   1921.00    0.7198445124E-04
   1922.00    0.7195464584E-04
   1923.00    0.7192236452E-04
   1924.00    0.7188768405E-04
   1925.00    0.7185067855E-04
   1926.00    0.7181141958E-04
   1927.00    0.7176997626E-04
   1928.00    0.7172641537E-04
   1929.00    0.7168080145E-04
   1930.00    0.7163319687E-04
   1931.00    0.7158366196E-04
   1932.00    0.7153225504E-04
   1933.00    0.7147903256E-04
   1934.00    0.7142404911E-04
   1935.00    0.7136735755E-04
   1936.00    0.7130900903E-04
   1937.00    0.7124905309E-04
   1938.00    0.7118753772E-04
   1939.00    0.7112450938E-04
   1940.00    0.7106001312E-04
   1941.00    0.7099409256E-04
   1942.00    0.7092679001E-04
   1943.00    0.7085814647E-04
   1944.00    0.7078820172E-04
   1945.00    0.7071699432E-04
   1946.00    0.7064456168E-04
   1947.00    0.7057094011E-04
   1948.00    0.7049616481E-04
   1949.00    0.7042026998E-04
   1950.00    0.7034328880E-04
   1951.00    0.7026525348E-04
   1952.00    0.7018619532E-04
   1953.00    0.7010614469E-04
   1954.00    0.7002513110E-04
   1955.00    0.6994318321E-04
   1956.00    0.6986032890E-04
   1957.00    0.6977659521E-04
   1958.00    0.6969200847E-04
   1959.00    0.6960659423E-04
   1960.00    0.6952037737E-04
   1961.00    0.6943338204E-04
   1962.00    0.6934563175E-04
   1963.00    0.6925714936E-04
   1964.00    0.6916795709E-04
   1965.00    0.6907807658E-04
   1966.00    0.6898752886E-04
   1967.00    0.6889633440E-04
   1968.00    0.6880451312E-04
   1969.00    0.6871208441E-04
   1970.00    0.6861906714E-04
   1971.00    0.6852547966E-04
   1972.00    0.6843133986E-04
   1973.00    0.6833666515E-04
   1974.00    0.6824147246E-04
   1975.00    0.6814577832E-04
   1976.00    0.6804959878E-04
   1977.00    0.6795294951E-04
   1978.00    0.6785584575E-04
   1979.00    0.6775830235E-04
   1980.00    0.6766033378E-04
   1981.00    0.6756195414E-04
   1982.00    0.6746317716E-04
   1983.00    0.6736401623E-04
   1984.00    0.6726448438E-04
   1985.00    0.6716459434E-04
   1986.00    0.6706435848E-04
   1987.00    0.6696378888E-04
   1988.00    0.6686289731E-04
   1989.00    0.6676169524E-04
   1990.00    0.6666019386E-04
   1991.00    0.6655840407E-04
   1992.00    0.6645633651E-04
   1993.00    0.6635400153E-04
   1994.00    0.6625140925E-04
   1995.00    0.6614856952E-04
   1996.00    0.6604549195E-04
   1997.00    0.6594218593E-04
   1998.00    0.6583866058E-04
   1999.00    0.6573492482E-04
   2000.00    0.6563098736E-04
   2001.00    0.6552685667E-04
   2002.00    0.6542254103E-04
   2003.00    0.6531804851E-04
   2004.00    0.6521338698E-04
   2005.00    0.6510856413E-04
   2006.00    0.6500358744E-04
   2007.00    0.6489846422E-04
   2008.00    0.6479320161E-04
   2009.00    0.6468780657E-04
   2010.00    0.6458228588E-04
   2011.00    0.6447664617E-04
   2012.00    0.6437089389E-04
   2013.00    0.6426503536E-04
   2014.00    0.6415907672E-04
   2015.00    0.6405302398E-04
   2016.00    0.6394688299E-04
   2017.00    0.6384065948E-04
   2018.00    0.6373435901E-04
   2019.00    0.6362798703E-04
   2020.00    0.6352154885E-04
   2021.00    0.6341504964E-04
   2022.00    0.6330849447E-04
   2023.00    0.6320188827E-04
   2024.00    0.6309523584E-04
   2025.00    0.6298854189E-04
   2026.00    0.6288181100E-04
   2027.00    0.6277504764E-04
   2028.00    0.6266825616E-04
   2029.00    0.6256144084E-04
   2030.00    0.6245460582E-04
   2031.00    0.6234775514E-04
   2032.00    0.6224089278E-04
   2033.00    0.6213402257E-04
   2034.00    0.6202714829E-04
   2035.00    0.6192027360E-04
   2036.00    0.6181340209E-04
   2037.00    0.6170653725E-04
   2038.00    0.6159968248E-04
   2039.00    0.6149284111E-04
   2040.00    0.6138601637E-04
   2041.00    0.6127921144E-04
   2042.00    0.6117242939E-04
   2043.00    0.6106567322E-04
   2044.00    0.6095894588E-04
   2045.00    0.6085225022E-04
   2046.00    0.6074558903E-04
   2047.00    0.6063896502E-04
   2048.00    0.6053238084E-04
   2049.00    0.6042583908E-04
   2050.00    0.6031934226E-04
   2051.00    0.6021289282E-04
   2052.00    0.6010649316E-04
   2053.00    0.6000014562E-04
   2054.00    0.5989385245E-04
   2055.00    0.5978761588E-04
   2056.00    0.5968143806E-04
   2057.00    0.5957532109E-04
   2058.00    0.5946926701E-04
   2059.00    0.5936327783E-04
   2060.00    0.5925735547E-04
   2061.00    0.5915150182E-04
   2062.00    0.5904571874E-04
   2063.00    0.5894000800E-04
   2064.00    0.5883437134E-04
   2065.00    0.5872881047E-04
   2066.00    0.5862332704E-04
   2067.00    0.5851792264E-04
   2068.00    0.5841259885E-04
   2069.00    0.5830735717E-04
   2070.00    0.5820219909E-04
   2071.00    0.5809712604E-04
   2072.00    0.5799213942E-04
   2073.00    0.5788724058E-04
   2074.00    0.5778243084E-04
   2075.00    0.5767771148E-04
   2076.00    0.5757308375E-04
   2077.00    0.5746854884E-04
   2078.00    0.5736410794E-04
   2079.00    0.5725976218E-04
   2080.00    0.5715551266E-04
   2081.00    0.5705136045E-04
   2082.00    0.5694730659E-04
   2083.00    0.5684335209E-04
   2084.00    0.5673949791E-04
   2085.00    0.5663574502E-04
   2086.00    0.5653209431E-04
   2087.00    0.5642854668E-04
   2088.00    0.5632510297E-04
   2089.00    0.5622176403E-04
   2090.00    0.5611853065E-04
   2091.00    0.5601540361E-04
   2092.00    0.5591238365E-04
   2093.00    0.5580947149E-04
   2094.00    0.5570666784E-04
   2095.00    0.5560397337E-04
   2096.00    0.5550138872E-04
   2097.00    0.5539891452E-04
   2098.00    0.5529655137E-04
   2099.00    0.5519429984E-04
   2100.00    0.5509216051E-04
   2101.00    0.5499013389E-04
   2102.00    0.5488822050E-04
   2103.00    0.5478642084E-04
   2104.00    0.5468473538E-04
   2105.00    0.5458316456E-04
   2106.00    0.5448170883E-04
   2107.00    0.5438036859E-04
   2108.00    0.5427914423E-04
   2109.00    0.5417803614E-04
   2110.00    0.5407704467E-04
   2111.00    0.5397617015E-04
   2112.00    0.5387541292E-04
   2113.00    0.5377477327E-04
   2114.00    0.5367425149E-04
   2115.00    0.5357384786E-04
   2116.00    0.5347356263E-04
   2117.00    0.5337339605E-04
   2118.00    0.5327334833E-04
   2119.00    0.5317341968E-04
   2120.00    0.5307361031E-04
   2121.00    0.5297392039E-04
   2122.00    0.5287435009E-04
   2123.00    0.5277489955E-04
   2124.00    0.5267556892E-04
   2125.00    0.5257635833E-04
   2126.00    0.5247726789E-04
   2127.00    0.5237829768E-04
   2128.00    0.5227944781E-04
   2129.00    0.5218071835E-04
   2130.00    0.5208210935E-04
   2131.00    0.5198362088E-04
   2132.00    0.5188525296E-04
   2133.00    0.5178700563E-04
   2134.00    0.5168887890E-04
   2135.00    0.5159087278E-04
   2136.00    0.5149298726E-04
   2137.00    0.5139522233E-04
   2138.00    0.5129757796E-04
   2139.00    0.5120005411E-04
   2140.00    0.5110265075E-04
   2141.00    0.5100536780E-04
   2142.00    0.5090820522E-04
   2143.00    0.5081116292E-04
   2144.00    0.5071424082E-04
   2145.00    0.5061743883E-04
   2146.00    0.5052075685E-04
   2147.00    0.5042419476E-04
   2148.00    0.5032775246E-04
   2149.00    0.5023142980E-04
   2150.00    0.5013522667E-04
   2151.00    0.5003914291E-04
   2152.00    0.4994317838E-04
   2153.00    0.4984733292E-04
   2154.00    0.4975160637E-04
   2155.00    0.4965599854E-04
   2156.00    0.4956050927E-04
   2157.00    0.4946513836E-04
   2158.00    0.4936988562E-04
   2159.00    0.4927475085E-04
   2160.00    0.4917973385E-04
   2161.00    0.4908483440E-04
   2162.00    0.4899005228E-04
   2163.00    0.4889538727E-04
   2164.00    0.4880083913E-04
   2165.00    0.4870640762E-04
   2166.00    0.4861209251E-04
   2167.00    0.4851789354E-04
   2168.00    0.4842381045E-04
   2169.00    0.4832984299E-04
   2170.00    0.4823599090E-04
   2171.00    0.4814225389E-04
   2172.00    0.4804863169E-04
   2173.00    0.4795512402E-04
   2174.00    0.4786173059E-04
   2175.00    0.4776845112E-04
   2176.00    0.4767528530E-04
   2177.00    0.4758223283E-04
   2178.00    0.4748929341E-04
   2179.00    0.4739646673E-04
   2180.00    0.4730375248E-04
   2181.00    0.4721115032E-04
   2182.00    0.4711865995E-04
   2183.00    0.4702628103E-04
   2184.00    0.4693401323E-04
   2185.00    0.4684185621E-04
   2186.00    0.4674980964E-04
   2187.00    0.4665787317E-04
   2188.00    0.4656604646E-04
   2189.00    0.4647432915E-04
   2190.00    0.4638272089E-04
   2191.00    0.4629122132E-04
   2192.00    0.4619983008E-04
   2193.00    0.4610854681E-04
   2194.00    0.4601737113E-04
   2195.00    0.4592630267E-04
   2196.00    0.4583534107E-04
   2197.00    0.4574448593E-04
   2198.00    0.4565373689E-04
   2199.00    0.4556309355E-04
   2200.00    0.4547255553E-04
   2201.00    0.4538212243E-04
   2202.00    0.4529179387E-04
   2203.00    0.4520156945E-04
   2204.00    0.4511144877E-04
   2205.00    0.4502143143E-04
   2206.00    0.4493151702E-04
   2207.00    0.4484170514E-04
   2208.00    0.4475199538E-04
   2209.00    0.4466238733E-04
   2210.00    0.4457288057E-04
   2211.00    0.4448347468E-04
   2212.00    0.4439416926E-04
   2213.00    0.4430496387E-04
   2214.00    0.4421585809E-04
   2215.00    0.4412685150E-04
   2216.00    0.4403794367E-04
   2217.00    0.4394913416E-04
   2218.00    0.4386042256E-04
   2219.00    0.4377180841E-04
   2220.00    0.4368329129E-04
   2221.00    0.4359487076E-04
   2222.00    0.4350654638E-04
   2223.00    0.4341831770E-04
   2224.00    0.4333018428E-04
   2225.00    0.4324214568E-04
   2226.00    0.4315420144E-04
   2227.00    0.4306635113E-04
   2228.00    0.4297859428E-04
   2229.00    0.4289093044E-04
   2230.00    0.4280335916E-04
   2231.00    0.4271587998E-04
   2232.00    0.4262849245E-04
   2233.00    0.4254119611E-04
   2234.00    0.4245399048E-04
   2235.00    0.4236687512E-04
   2236.00    0.4227984956E-04
   2237.00    0.4219291332E-04
   2238.00    0.4210606595E-04
   2239.00    0.4201930698E-04
   2240.00    0.4193263593E-04
   2241.00    0.4184605234E-04
   2242.00    0.4175955572E-04
   2243.00    0.4167314562E-04
   2244.00    0.4158682154E-04
   2245.00    0.4150058302E-04
   2246.00    0.4141442958E-04
   2247.00    0.4132836073E-04
   2248.00    0.4124237600E-04
   2249.00    0.4115647491E-04
   2250.00    0.4107065697E-04
   2251.00    0.4098492169E-04
   2252.00    0.4089926860E-04
   2253.00    0.4081369720E-04
   2254.00    0.4072820702E-04
   2255.00    0.4064279755E-04
   2256.00    0.4055746831E-04
   2257.00    0.4047221881E-04
   2258.00    0.4038704856E-04
   2259.00    0.4030195706E-04
   2260.00    0.4021694382E-04
   2261.00    0.4013200835E-04
   2262.00    0.4004715014E-04
   2263.00    0.3996236870E-04
   2264.00    0.3987766354E-04
   2265.00    0.3979303415E-04
   2266.00    0.3970848004E-04
   2267.00    0.3962400070E-04
   2268.00    0.3953959562E-04
   2269.00    0.3945526432E-04
   2270.00    0.3937100628E-04
   2271.00    0.3928682100E-04
   2272.00    0.3920270797E-04
   2273.00    0.3911866669E-04
   2274.00    0.3903469664E-04
   2275.00    0.3895079733E-04
   2276.00    0.3886696824E-04
   2277.00    0.3878320886E-04
   2278.00    0.3869951868E-04
   2279.00    0.3861589719E-04
   2280.00    0.3853234388E-04
   2281.00    0.3844885822E-04
   2282.00    0.3836543972E-04
   2283.00    0.3828208785E-04
   2284.00    0.3819880209E-04
   2285.00    0.3811558194E-04
   2286.00    0.3803242686E-04
   2287.00    0.3794933635E-04
   2288.00    0.3786630989E-04
   2289.00    0.3778334695E-04
   2290.00    0.3770044701E-04
   2291.00    0.3761760956E-04
   2292.00    0.3753483406E-04
   2293.00    0.3745212001E-04
   2294.00    0.3736946686E-04
   2295.00    0.3728687410E-04
   2296.00    0.3720434121E-04
   2297.00    0.3712186765E-04
   2298.00    0.3703945289E-04
   2299.00    0.3695709642E-04
   2300.00    0.3687479770E-04
   2301.00    0.3679255621E-04
   2302.00    0.3671037141E-04
   2303.00    0.3662824276E-04
   2304.00    0.3654616975E-04
   2305.00    0.3646415183E-04
   2306.00    0.3638218848E-04
   2307.00    0.3630027916E-04
   2308.00    0.3621842333E-04
   2309.00    0.3613662046E-04
   2310.00    0.3605487002E-04
   2311.00    0.3597317146E-04
   2312.00    0.3589152424E-04
   2313.00    0.3580992784E-04
   2314.00    0.3572838170E-04
   2315.00    0.3564688530E-04
   2316.00    0.3556543808E-04
   2317.00    0.3548403950E-04
   2318.00    0.3540268903E-04
   2319.00    0.3532138612E-04
   2320.00    0.3524013022E-04
   2321.00    0.3515892080E-04
   2322.00    0.3507775729E-04
   2323.00    0.3499663916E-04
   2324.00    0.3491556587E-04
   2325.00    0.3483453685E-04
   2326.00    0.3475355156E-04
   2327.00    0.3467260946E-04
   2328.00    0.3459170999E-04
   2329.00    0.3451085259E-04
   2330.00    0.3443003672E-04
   2331.00    0.3434926182E-04
   2332.00    0.3426852734E-04
   2333.00    0.3418783273E-04
   2334.00    0.3410717742E-04
   2335.00    0.3402656086E-04
   2336.00    0.3394598249E-04
   2337.00    0.3386544175E-04
   2338.00    0.3378493808E-04
   2339.00    0.3370447093E-04
   2340.00    0.3362403973E-04
   2341.00    0.3354364392E-04
   2342.00    0.3346328293E-04
   2343.00    0.3338295620E-04
   2344.00    0.3330266317E-04
   2345.00    0.3322240326E-04
   2346.00    0.3314217592E-04
   2347.00    0.3306198057E-04
   2348.00    0.3298181665E-04
   2349.00    0.3290168357E-04
   2350.00    0.3282158078E-04
   2351.00    0.3274150771E-04
   2352.00    0.3266146376E-04
   2353.00    0.3258144839E-04
   2354.00    0.3250146100E-04
   2355.00    0.3242150102E-04
   2356.00    0.3234156787E-04
   2357.00    0.3226166098E-04
   2358.00    0.3218177977E-04
   2359.00    0.3210192365E-04
   2360.00    0.3202209204E-04
   2361.00    0.3194228437E-04
   2362.00    0.3186250004E-04
   2363.00    0.3178273847E-04
   2364.00    0.3170299907E-04
   2365.00    0.3162328127E-04
   2366.00    0.3154358446E-04
   2367.00    0.3146390806E-04
   2368.00    0.3138425148E-04
   2369.00    0.3130461413E-04
   2370.00    0.3122499541E-04
   2371.00    0.3114539472E-04
   2372.00    0.3106581148E-04
   2373.00    0.3098624508E-04
   2374.00    0.3090669493E-04
   2375.00    0.3082716043E-04
   2376.00    0.3074764097E-04
   2377.00    0.3066813595E-04
   2378.00    0.3058864477E-04
   2379.00    0.3050916683E-04
   2380.00    0.3042970151E-04
   2381.00    0.3035024821E-04
   2382.00    0.3027080633E-04
   2383.00    0.3019137524E-04
   2384.00    0.3011195435E-04
   2385.00    0.3003254302E-04
   2386.00    0.2995314066E-04
   2387.00    0.2987374664E-04
   2388.00    0.2979436035E-04
   2389.00    0.2971498117E-04
   2390.00    0.2963560847E-04
   2391.00    0.2955624163E-04
   2392.00    0.2947688004E-04
   2393.00    0.2939752306E-04
   2394.00    0.2931817006E-04
   2395.00    0.2923882043E-04
   2396.00    0.2915947352E-04
   2397.00    0.2908012872E-04
   2398.00    0.2900078537E-04
   2399.00    0.2892144285E-04
   2400.00    0.2884210053E-04
   2401.00    0.2876275776E-04
   2402.00    0.2868341390E-04
   2403.00    0.2860406831E-04
   2404.00    0.2852472035E-04
   2405.00    0.2844536938E-04
   2406.00    0.2836601474E-04
   2407.00    0.2828665578E-04
   2408.00    0.2820729186E-04
   2409.00    0.2812792232E-04
   2410.00    0.2804854651E-04
   2411.00    0.2796916377E-04
   2412.00    0.2788977344E-04
   2413.00    0.2781037487E-04
   2414.00    0.2773096739E-04
   2415.00    0.2765155033E-04
   2416.00    0.2757212304E-04
   2417.00    0.2749268483E-04
   2418.00    0.2741323505E-04
   2419.00    0.2733377302E-04
   2420.00    0.2725429806E-04
   2421.00    0.2717480950E-04
   2422.00    0.2709530667E-04
   2423.00    0.2701578887E-04
   2424.00    0.2693625543E-04
   2425.00    0.2685670566E-04
   2426.00    0.2677713887E-04
   2427.00    0.2669755438E-04
   2428.00    0.2661795149E-04
   2429.00    0.2653832952E-04
   2430.00    0.2645868775E-04
   2431.00    0.2637902550E-04
   2432.00    0.2629934206E-04
   2433.00    0.2621963674E-04
   2434.00    0.2613990881E-04
   2435.00    0.2606015759E-04
   2436.00    0.2598038234E-04
   2437.00    0.2590058238E-04
   2438.00    0.2582075696E-04
   2439.00    0.2574090539E-04
   2440.00    0.2566102693E-04
   2441.00    0.2558112087E-04
   2442.00    0.2550118648E-04
   2443.00    0.2542122302E-04
   2444.00    0.2534122978E-04
   2445.00    0.2526120601E-04
   2446.00    0.2518115097E-04
   2447.00    0.2510106394E-04
   2448.00    0.2502094417E-04
   2449.00    0.2494079090E-04
   2450.00    0.2486060340E-04
   2451.00    0.2478038091E-04
   2452.00    0.2470012269E-04
   2453.00    0.2461982796E-04
   2454.00    0.2453949598E-04
   2455.00    0.2445912598E-04
   2456.00    0.2437871720E-04
   2457.00    0.2429826887E-04
   2458.00    0.2421778021E-04
   2459.00    0.2413725045E-04
   2460.00    0.2405667882E-04
   2461.00    0.2397606453E-04
   2462.00    0.2389540679E-04
   2463.00    0.2381470483E-04
   2464.00    0.2373395785E-04
   2465.00    0.2365316505E-04
   2466.00    0.2357232565E-04
   2467.00    0.2349143883E-04
   2468.00    0.2341050380E-04
   2469.00    0.2332951974E-04
   2470.00    0.2324848585E-04
   2471.00    0.2316740131E-04
   2472.00    0.2308626530E-04
   2473.00    0.2300507701E-04
   2474.00    0.2292383560E-04
   2475.00    0.2284254024E-04
   2476.00    0.2276119011E-04
   2477.00    0.2267978437E-04
   2478.00    0.2259832218E-04
   2479.00    0.2251680269E-04
   2480.00    0.2243522505E-04
   2481.00    0.2235358842E-04
   2482.00    0.2227189194E-04
   2483.00    0.2219013474E-04
   2484.00    0.2210831597E-04
   2485.00    0.2202643476E-04
   2486.00    0.2194449024E-04
   2487.00    0.2186248152E-04
   2488.00    0.2178040773E-04
   2489.00    0.2169826799E-04
   2490.00    0.2161606140E-04
   2491.00    0.2153378707E-04
   2492.00    0.2145144412E-04
   2493.00    0.2136903162E-04
   2494.00    0.2128654869E-04
   2495.00    0.2120399440E-04
   2496.00    0.2112136784E-04
   2497.00    0.2103866810E-04
   2498.00    0.2095589424E-04
   2499.00    0.2087304534E-04
   2500.00    0.2079012047E-04
   2501.00    0.2070711869E-04
   2502.00    0.2062403905E-04
   2503.00    0.2054088060E-04
   2504.00    0.2045764240E-04
   2505.00    0.2037432348E-04
   2506.00    0.2029092288E-04
   2507.00    0.2020743964E-04
   2508.00    0.2012387277E-04
   2509.00    0.2004022131E-04
   2510.00    0.1995648426E-04
   2511.00    0.1987266064E-04
   2512.00    0.1978874945E-04
   2513.00    0.1970474970E-04
   2514.00    0.1962066038E-04
   2515.00    0.1953648048E-04
   2516.00    0.1945220897E-04
   2517.00    0.1936784485E-04
   2518.00    0.1928338708E-04
   2519.00    0.1919883463E-04
   2520.00    0.1911418646E-04
   2521.00    0.1902944153E-04
   2522.00    0.1894459878E-04
   2523.00    0.1885965716E-04
   2524.00    0.1877461561E-04
   2525.00    0.1868947305E-04
   2526.00    0.1860422841E-04
   2527.00    0.1851888061E-04
   2528.00    0.1843342857E-04
   2529.00    0.1834787118E-04
   2530.00    0.1826220736E-04
   2531.00    0.1817643598E-04
   2532.00    0.1809055595E-04
   2533.00    0.1800456613E-04
   2534.00    0.1791846540E-04
   2535.00    0.1783225264E-04
   2536.00    0.1774592669E-04
   2537.00    0.1765948641E-04
   2538.00    0.1757293065E-04
   2539.00    0.1748625825E-04
   2540.00    0.1739946803E-04
   2541.00    0.1731255883E-04
   2542.00    0.1722552946E-04
   2543.00    0.1713837873E-04
   2544.00    0.1705110545E-04
   2545.00    0.1696370840E-04
   2546.00    0.1687618638E-04
   2547.00    0.1678853816E-04
   2548.00    0.1670076253E-04
   2549.00    0.1661285823E-04
   2550.00    0.1652482404E-04
   2551.00    0.1643665870E-04
   2552.00    0.1634836094E-04
   2553.00    0.1625992951E-04
   2554.00    0.1617136312E-04
   2555.00    0.1608266050E-04
   2556.00    0.1599382034E-04
   2557.00    0.1590484136E-04
   2558.00    0.1581572224E-04
   2559.00    0.1572646165E-04
   2560.00    0.1563705829E-04
   2561.00    0.1554751080E-04
   2562.00    0.1545781785E-04
   2563.00    0.1536797808E-04
   2564.00    0.1527799013E-04
   2565.00    0.1518785263E-04
   2566.00    0.1509756420E-04
   2567.00    0.1500712344E-04
   2568.00    0.1491652897E-04
   2569.00    0.1482577935E-04
   2570.00    0.1473487319E-04
   2571.00    0.1464380905E-04
   2572.00    0.1455258549E-04
   2573.00    0.1446120106E-04
   2574.00    0.1436965430E-04
   2575.00    0.1427794375E-04
   2576.00    0.1418606793E-04
   2577.00    0.1409402534E-04
   2578.00    0.1400181449E-04
   2579.00    0.1390943386E-04
   2580.00    0.1381688194E-04
   2581.00    0.1372415719E-04
   2582.00    0.1363125807E-04
   2583.00    0.1353818302E-04
   2584.00    0.1344493048E-04
   2585.00    0.1335149888E-04
   2586.00    0.1325788662E-04
   2587.00    0.1316409210E-04
   2588.00    0.1307011372E-04
   2589.00    0.1297594985E-04
   2590.00    0.1288159886E-04
   2591.00    0.1278705910E-04
   2592.00    0.1269232891E-04
   2593.00    0.1259740662E-04
   2594.00    0.1250229055E-04
   2595.00    0.1240697900E-04
   2596.00    0.1231147027E-04
   2597.00    0.1221576263E-04
   2598.00    0.1211985435E-04
   2599.00    0.1202374369E-04
   2600.00    0.1192742888E-04
   2601.00    0.1183090816E-04
   2602.00    0.1173417973E-04
   2603.00    0.1163724180E-04
   2604.00    0.1154009256E-04
   2605.00    0.1144273017E-04
   2606.00    0.1134515281E-04
   2607.00    0.1124735861E-04
   2608.00    0.1114934571E-04
   2609.00    0.1105111223E-04
   2610.00    0.1095265627E-04
   2611.00    0.1085397593E-04
   2612.00    0.1075506927E-04
   2613.00    0.1065593435E-04
   2614.00    0.1055656924E-04
   2615.00    0.1045697195E-04
   2616.00    0.1035714051E-04
   2617.00    0.1025707291E-04
   2618.00    0.1015676715E-04
   2619.00    0.1005622120E-04
   2620.00    0.9955433011E-05
   2621.00    0.9854400530E-05
   2622.00    0.9753121685E-05
   2623.00    0.9651594387E-05
   2624.00    0.9549816532E-05
   2625.00    0.9447786003E-05
   2626.00    0.9345500666E-05
   2627.00    0.9242958371E-05
   2628.00    0.9140156954E-05
   2629.00    0.9037094236E-05
   2630.00    0.8933768022E-05
   2631.00    0.8830176103E-05
   2632.00    0.8726316252E-05
   2633.00    0.8622186230E-05
   2634.00    0.8517783783E-05
   2635.00    0.8413106642E-05
   2636.00    0.8308152522E-05
   2637.00    0.8202919125E-05
   2638.00    0.8097404140E-05
   2639.00    0.7991605241E-05
   2640.00    0.7885520090E-05
   2641.00    0.7779146335E-05
   2642.00    0.7672481613E-05
   2643.00    0.7565523546E-05
   2644.00    0.7458269750E-05
   2645.00    0.7350717827E-05
   2646.00    0.7242865370E-05
   2647.00    0.7134709964E-05
   2648.00    0.7026249186E-05
   2649.00    0.6917480606E-05
   2650.00    0.6808401791E-05
   2651.00    0.6699010301E-05
   2652.00    0.6589303698E-05
   2653.00    0.6479279540E-05
   2654.00    0.6368935391E-05
   2655.00    0.6258268818E-05
   2656.00    0.6147277395E-05
   2657.00    0.6035958707E-05
   2658.00    0.5924310355E-05
   2659.00    0.5812329955E-05
   2660.00    0.5700015150E-05
   2661.00    0.5587363609E-05
   2662.00    0.5474373035E-05
   2663.00    0.5361041174E-05
   2664.00    0.5247365821E-05
   2665.00    0.5133344830E-05
   2666.00    0.5018976123E-05
   2667.00    0.4904257703E-05
   2668.00    0.4789187672E-05
   2669.00    0.4673764239E-05
   2670.00    0.4557985749E-05
   2671.00    0.4441850698E-05
   2672.00    0.4325357762E-05
   2673.00    0.4208505830E-05
   2674.00    0.4091294038E-05
   2675.00    0.3973721814E-05
   2676.00    0.3855788931E-05
   2677.00    0.3737495570E-05
   2678.00    0.3618842394E-05
   2679.00    0.3499830643E-05
   2680.00    0.3380462246E-05
   2681.00    0.3260739960E-05
   2682.00    0.3140667544E-05
   2683.00    0.3020249969E-05
   2684.00    0.2899493698E-05
   2685.00    0.2778407021E-05
   2686.00    0.2657000505E-05
   2687.00    0.2535287560E-05
   2688.00    0.2413285193E-05
   2689.00    0.2291015007E-05
   2690.00    0.2168504534E-05
   2691.00    0.2045789069E-05
   2692.00    0.1922914205E-05
   2693.00    0.1799939413E-05
   2694.00    0.1676943201E-05
   2695.00    0.1554030703E-05
   2696.00    0.1431345118E-05
   2697.00    0.1309085433E-05
   2698.00    0.1187534690E-05
   2699.00    0.1067106568E-05
   2700.00    0.9484248806E-06
   2701.00    0.8324641148E-06
   2702.00    0.7208056758E-06
   2703.00    0.6161113955E-06
   2704.00    0.5229635114E-06
   2705.00    0.4490626245E-06
   2706.00    0.4055895620E-06
   2707.00    0.4030447735E-06
   2708.00    0.4426151116E-06
   2709.00    0.5150956039E-06
   2710.00    0.6092042696E-06
   2711.00    0.7167798499E-06
   2712.00    0.8328911710E-06
   2713.00    0.9546697218E-06
   2714.00    0.1080417657E-05
   2715.00    0.1209094306E-05
   2716.00    0.1340037256E-05
   2717.00    0.1472809707E-05
   2718.00    0.1607114484E-05
   2719.00    0.1742743888E-05
   2720.00    0.1879549396E-05
   2721.00    0.2017422758E-05
   2722.00    0.2156283836E-05
   2723.00    0.2296072565E-05
   2724.00    0.2436743512E-05
   2725.00    0.2578262107E-05
   2726.00    0.2720601978E-05
   2727.00    0.2863743043E-05
   2728.00    0.3007670105E-05
   2729.00    0.3152371816E-05
   2730.00    0.3297839898E-05
   2731.00    0.3444068545E-05
   2732.00    0.3591053971E-05
   2733.00    0.3738794048E-05
   2734.00    0.3887288031E-05
   2735.00    0.4036536334E-05
   2736.00    0.4186540354E-05
   2737.00    0.4337302329E-05
   2738.00    0.4488825222E-05
   2739.00    0.4641112626E-05
   2740.00    0.4794168691E-05
   2741.00    0.4947998055E-05
   2742.00    0.5102605795E-05
   2743.00    0.5257997384E-05
   2744.00    0.5414178650E-05
   2745.00    0.5571155752E-05
   2746.00    0.5728935150E-05
   2747.00    0.5887523583E-05
   2748.00    0.6046928054E-05
   2749.00    0.6207155812E-05
   2750.00    0.6368214344E-05
   2751.00    0.6530111357E-05
   2752.00    0.6692854774E-05
   2753.00    0.6856452726E-05
   2754.00    0.7020913544E-05
   2755.00    0.7186245758E-05
   2756.00    0.7352458085E-05
   2757.00    0.7519559434E-05
   2758.00    0.7687558900E-05
   2759.00    0.7856465759E-05
   2760.00    0.8026289474E-05
   2761.00    0.8197039686E-05
   2762.00    0.8368726220E-05
   2763.00    0.8541359081E-05
   2764.00    0.8714948456E-05
   2765.00    0.8889504714E-05
   2766.00    0.9065038409E-05
   2767.00    0.9241560278E-05
   2768.00    0.9419081246E-05
   2769.00    0.9597612425E-05
   2770.00    0.9777165117E-05
   2771.00    0.9957750818E-05
   2772.00    0.1013938122E-04
   2773.00    0.1032206820E-04
   2774.00    0.1050582385E-04
   2775.00    0.1069066047E-04
   2776.00    0.1087659055E-04
   2777.00    0.1106362679E-04
   2778.00    0.1125178212E-04
   2779.00    0.1144106966E-04
   2780.00    0.1163150279E-04
   2781.00    0.1182309508E-04
   2782.00    0.1201586034E-04
   2783.00    0.1220981261E-04
   2784.00    0.1240496618E-04
   2785.00    0.1260133556E-04
   2786.00    0.1279893553E-04
   2787.00    0.1299778110E-04
   2788.00    0.1319788756E-04
   2789.00    0.1339927045E-04
   2790.00    0.1360194556E-04
   2791.00    0.1380592898E-04
   2792.00    0.1401123707E-04
   2793.00    0.1421788647E-04
   2794.00    0.1442589412E-04
   2795.00    0.1463527723E-04
   2796.00    0.1484605335E-04
   2797.00    0.1505824032E-04
   2798.00    0.1527185629E-04
   2799.00    0.1548691976E-04
   2800.00    0.1570344953E-04
   2801.00    0.1592146476E-04
   2802.00    0.1614098495E-04
   2803.00    0.1636202995E-04
   2804.00    0.1658461998E-04
   2805.00    0.1680877563E-04
   2806.00    0.1703451786E-04
   2807.00    0.1726186802E-04
   2808.00    0.1749084787E-04
   2809.00    0.1772147957E-04
   2810.00    0.1795378569E-04
   2811.00    0.1818778924E-04
   2812.00    0.1842351366E-04
   2813.00    0.1866098283E-04
   2814.00    0.1890022110E-04
   2815.00    0.1914125329E-04
   2816.00    0.1938410470E-04
   2817.00    0.1962880111E-04
   2818.00    0.1987536883E-04
   2819.00    0.2012383468E-04
   2820.00    0.2037422599E-04
   2821.00    0.2062657068E-04
   2822.00    0.2088089718E-04
   2823.00    0.2113723454E-04
   2824.00    0.2139561236E-04
   2825.00    0.2165606087E-04
   2826.00    0.2191861092E-04
   2827.00    0.2218329398E-04
   2828.00    0.2245014217E-04
   2829.00    0.2271918832E-04
   2830.00    0.2299046590E-04
   2831.00    0.2326400912E-04
   2832.00    0.2353985290E-04
   2833.00    0.2381803292E-04
   2834.00    0.2409858562E-04
   2835.00    0.2438154822E-04
   2836.00    0.2466695877E-04
   2837.00    0.2495485613E-04
   2838.00    0.2524528004E-04
   2839.00    0.2553827110E-04
   2840.00    0.2583387083E-04
   2841.00    0.2613212167E-04
   2842.00    0.2643306703E-04
   2843.00    0.2673675130E-04
   2844.00    0.2704321988E-04
   2845.00    0.2735251922E-04
   2846.00    0.2766469685E-04
   2847.00    0.2797980140E-04
   2848.00    0.2829788264E-04
   2849.00    0.2861899152E-04
   2850.00    0.2894318020E-04
   2851.00    0.2927050207E-04
   2852.00    0.2960101183E-04
   2853.00    0.2993476549E-04
   2854.00    0.3027182043E-04
   2855.00    0.3061223543E-04
   2856.00    0.3095607073E-04
   2857.00    0.3130338806E-04
   2858.00    0.3165425071E-04
   2859.00    0.3200872354E-04
   2860.00    0.3236687307E-04
   2861.00    0.3272876753E-04
   2862.00    0.3309447688E-04
   2863.00    0.3346407291E-04
   2864.00    0.3383762926E-04
   2865.00    0.3421522153E-04
   2866.00    0.3459692729E-04
   2867.00    0.3498282619E-04
   2868.00    0.3537300002E-04
   2869.00    0.3576753276E-04
   2870.00    0.3616651068E-04
   2871.00    0.3657002241E-04
   2872.00    0.3697815902E-04
   2873.00    0.3739101411E-04
   2874.00    0.3780868389E-04
   2875.00    0.3823126729E-04
   2876.00    0.3865886604E-04
   2877.00    0.3909158478E-04
   2878.00    0.3952953114E-04
   2879.00    0.3997281590E-04
   2880.00    0.4042155306E-04
   2881.00    0.4087585996E-04
   2882.00    0.4133585745E-04
   2883.00    0.4180166995E-04
   2884.00    0.4227342565E-04
   2885.00    0.4275125661E-04
   2886.00    0.4323529893E-04
   2887.00    0.4372569291E-04
   2888.00    0.4422258316E-04
   2889.00    0.4472611885E-04
   2890.00    0.4523645383E-04
   2891.00    0.4575374683E-04
   2892.00    0.4627816165E-04
   2893.00    0.4680986739E-04
   2894.00    0.4734903862E-04
   2895.00    0.4789585563E-04
   2896.00    0.4845050468E-04
   2897.00    0.4901317820E-04
   2898.00    0.4958407507E-04
   2899.00    0.5016340093E-04
   2900.00    0.5075136838E-04
   2901.00    0.5134819736E-04
   2902.00    0.5195411542E-04
   2903.00    0.5256935803E-04
   2904.00    0.5319416899E-04
   2905.00    0.5382880074E-04
   2906.00    0.5447351475E-04
   2907.00    0.5512858194E-04
   2908.00    0.5579428311E-04
   2909.00    0.5647090933E-04
   2910.00    0.5715876249E-04
   2911.00    0.5785815575E-04
   2912.00    0.5856941404E-04
   2913.00    0.5929287468E-04
   2914.00    0.6002888790E-04
   2915.00    0.6077781748E-04
   2916.00    0.6154004139E-04
   2917.00    0.6231595250E-04
   2918.00    0.6310595925E-04
   2919.00    0.6391048648E-04
   2920.00    0.6472997621E-04
   2921.00    0.6556488847E-04
   2922.00    0.6641570227E-04
   2923.00    0.6728291651E-04
   2924.00    0.6816705103E-04
   2925.00    0.6906864767E-04
   2926.00    0.6998827144E-04
   2927.00    0.7092651173E-04
   2928.00    0.7188398360E-04
   2929.00    0.7286132914E-04
   2930.00    0.7385921898E-04
   2931.00    0.7487835378E-04
   2932.00    0.7591946596E-04
   2933.00    0.7698332140E-04
   2934.00    0.7807072133E-04
   2935.00    0.7918250437E-04
   2936.00    0.8031954862E-04
   2937.00    0.8148277396E-04
   2938.00    0.8267314450E-04
   2939.00    0.8389167115E-04
   2940.00    0.8513941443E-04
   2941.00    0.8641748742E-04
   2942.00    0.8772705897E-04
   2943.00    0.8906935712E-04
   2944.00    0.9044567272E-04
   2945.00    0.9185736342E-04
   2946.00    0.9330585783E-04
   2947.00    0.9479266007E-04
   2948.00    0.9631935465E-04
   2949.00    0.9788761172E-04
   2950.00    0.9949919266E-04
   2951.00    0.1011559562E-03
   2952.00    0.1028598650E-03
   2953.00    0.1046129928E-03
   2954.00    0.1064175316E-03
   2955.00    0.1082758006E-03
   2956.00    0.1101902548E-03
   2957.00    0.1121634947E-03
   2958.00    0.1141982765E-03
   2959.00    0.1162975241E-03
   2960.00    0.1184643411E-03
   2961.00    0.1207020241E-03
   2962.00    0.1230140776E-03
   2963.00    0.1254042298E-03
   2964.00    0.1278764497E-03
   2965.00    0.1304349667E-03
   2966.00    0.1330842906E-03
   2967.00    0.1358292345E-03
   2968.00    0.1386749396E-03
   2969.00    0.1416269024E-03
   2970.00    0.1446910042E-03
   2971.00    0.1478735442E-03
   2972.00    0.1511812754E-03
   2973.00    0.1546214443E-03
   2974.00    0.1582018346E-03
   2975.00    0.1619308155E-03
   2976.00    0.1658173955E-03
   2977.00    0.1698712812E-03
   2978.00    0.1741029436E-03
   2979.00    0.1785236905E-03
   2980.00    0.1831457480E-03
   2981.00    0.1879823514E-03
   2982.00    0.1930478458E-03
   2983.00    0.1983577995E-03
   2984.00    0.2039291304E-03
   2985.00    0.2097802485E-03
   2986.00    0.2159312159E-03
   2987.00    0.2224039262E-03
   2988.00    0.2292223090E-03
   2989.00    0.2364125591E-03
   2990.00    0.2440033980E-03
   2991.00    0.2520263701E-03
   2992.00    0.2605161810E-03
   2993.00    0.2695110824E-03
   2994.00    0.2790533143E-03
   2995.00    0.2891896114E-03
   2996.00    0.2999717865E-03
   2997.00    0.3114574035E-03
   2998.00    0.3237105565E-03
   2999.00    0.3368027747E-03
   3000.00    0.3508140764E-03
   3001.00    0.3658342005E-03
   3002.00    0.3819640521E-03
   3003.00    0.3993174035E-03
   3004.00    0.4180229049E-03
   3005.00    0.4382264707E-03
   3006.00    0.4600941237E-03
   3007.00    0.4838153996E-03
   3008.00    0.5096074430E-03
   3009.00    0.5377199589E-03
   3010.00    0.5684412311E-03
   3011.00    0.6021054772E-03
   3012.00    0.6391018933E-03
   3013.00    0.6798858431E-03
   3014.00    0.7249927982E-03
   3015.00    0.7750558265E-03
   3016.00    0.8308277025E-03
   3017.00    0.8932090912E-03
   3018.00    0.9632847879E-03
   3019.00    0.1042370759E-02
   3020.00    0.1132075817E-02
   3021.00    0.1234383369E-02
   3022.00    0.1351761028E-02
   3023.00    0.1487309418E-02
   3024.00    0.1644966879E-02
   3025.00    0.1829794991E-02
   3026.00    0.2048382556E-02
   3027.00    0.2309425327E-02
   3028.00    0.2624568576E-02
   3029.00    0.3009642522E-02
   3030.00    0.3486472254E-02
   3031.00    0.4085465636E-02
   3032.00    0.4848997973E-02
   3033.00    0.5834531862E-02
   3034.00    0.7111996628E-02
   3035.00    0.8735155848E-02
   3036.00    0.1063437086E-01
   3037.00    0.1241075346E-01
   3038.00    0.1345051811E-01
   3039.00    0.1389741066E-01
   3040.00    0.1500139779E-01
   3041.00    0.1819162337E-01
   3042.00    0.2459823877E-01
   3043.00    0.3493560276E-01
   3044.00    0.4799685486E-01
   3045.00    0.5754418497E-01
   3046.00    0.5605774519E-01
   3047.00    0.4586122598E-01
   3048.00    0.3454921190E-01
   3049.00    0.2565606021E-01
   3050.00    0.1935578196E-01
   3051.00    0.1497078568E-01
   3052.00    0.1187817675E-01
   3053.00    0.9646472539E-02
   3054.00    0.7995964047E-02
   3055.00    0.6746530980E-02
   3056.00    0.5780550679E-02
   3057.00    0.5019577974E-02
   3058.00    0.4410089354E-02
   3059.00    0.3914740111E-02
   3060.00    0.3506920349E-02
   3061.00    0.3167297767E-02
   3062.00    0.2881575743E-02
   3063.00    0.2639009141E-02
   3064.00    0.2431402120E-02
   3065.00    0.2252418723E-02
   3066.00    0.2097100324E-02
   3067.00    0.1961522387E-02
   3068.00    0.1842546653E-02
   3069.00    0.1737639723E-02
   3070.00    0.1644738547E-02
   3071.00    0.1562149487E-02
   3072.00    0.1488471732E-02
   3073.00    0.1422538597E-02
   3074.00    0.1363372075E-02
   3075.00    0.1310147349E-02
   3076.00    0.1262164826E-02
   3077.00    0.1218827935E-02
   3078.00    0.1179625344E-02
   3079.00    0.1144116632E-02
   3080.00    0.1111920629E-02
   3081.00    0.1082705876E-02
   3082.00    0.1056182748E-02
   3083.00    0.1032096878E-02
   3084.00    0.1010223639E-02
   3085.00    0.9903634291E-03
   3086.00    0.9723376255E-03
   3087.00    0.9559850805E-03
   3088.00    0.9411591474E-03
   3089.00    0.9277254047E-03
   3090.00    0.9155607002E-03
   3091.00    0.9045552819E-03
   3092.00    0.8946227611E-03
   3093.00    0.8857303181E-03
   3094.00    0.8779795505E-03
   3095.00    0.8717951991E-03
   3096.00    0.8682122342E-03
   3097.00    0.8685957135E-03
   3098.00    0.8722610563E-03
   3099.00    0.8752866601E-03
   3100.00    0.8755210479E-03
   3101.00    0.8741973163E-03
   3102.00    0.8733381155E-03
   3103.00    0.8753514945E-03
   3104.00    0.8839536657E-03
   3105.00    0.9025491529E-03
   3106.00    0.9269573899E-03
   3107.00    0.9465424898E-03
   3108.00    0.9581425883E-03
   3109.00    0.9653705979E-03
   3110.00    0.9715088277E-03
   3111.00    0.9781161771E-03
   3112.00    0.9857781934E-03
   3113.00    0.9946817375E-03
   3114.00    0.1004871067E-02
   3115.00    0.1016347250E-02
   3116.00    0.1029104770E-02
   3117.00    0.1043144311E-02
   3118.00    0.1058476698E-02
   3119.00    0.1075123702E-02
   3120.00    0.1093117842E-02
   3121.00    0.1112502010E-02
   3122.00    0.1133329199E-02
   3123.00    0.1155662429E-02
   3124.00    0.1179574894E-02
   3125.00    0.1205150317E-02
   3126.00    0.1232483520E-02
   3127.00    0.1261681206E-02
   3128.00    0.1292862946E-02
   3129.00    0.1326162395E-02
   3130.00    0.1361728753E-02
   3131.00    0.1399728498E-02
   3132.00    0.1440347426E-02
   3133.00    0.1483793053E-02
   3134.00    0.1530297429E-02
   3135.00    0.1580120446E-02
   3136.00    0.1633553726E-02
   3137.00    0.1690925210E-02
   3138.00    0.1752604581E-02
   3139.00    0.1819009704E-02
   3140.00    0.1890614307E-02
   3141.00    0.1967957171E-02
   3142.00    0.2051653199E-02
   3143.00    0.2142406799E-02
   3144.00    0.2241028173E-02
   3145.00    0.2348453256E-02
   3146.00    0.2465768285E-02
   3147.00    0.2594240294E-02
   3148.00    0.2735355234E-02
   3149.00    0.2890866030E-02
   3150.00    0.3062853673E-02
   3151.00    0.3253805619E-02
   3152.00    0.3466717399E-02
   3153.00    0.3705225707E-02
   3154.00    0.3973784732E-02
   3155.00    0.4277902588E-02
   3156.00    0.4624462401E-02
   3157.00    0.5022164090E-02
   3158.00    0.5482140333E-02
   3159.00    0.6018826133E-02
   3160.00    0.6651199098E-02
   3161.00    0.7404557115E-02
   3162.00    0.8313047524E-02
   3163.00    0.9423134927E-02
   3164.00    0.1079781098E-01
   3165.00    0.1251959233E-01
   3166.00    0.1468378342E-01
   3167.00    0.1735200867E-01
   3168.00    0.2038370231E-01
   3169.00    0.2305430942E-01
   3170.00    0.2392688578E-01
   3171.00    0.2227663211E-01
   3172.00    0.1933348739E-01
   3173.00    0.1674106866E-01
   3174.00    0.1550677329E-01
   3175.00    0.1629435728E-01
   3176.00    0.1962670876E-01
   3177.00    0.2605268233E-01
   3178.00    0.3654772340E-01
   3179.00    0.5276234858E-01
   3180.00    0.7634198918E-01
   3181.00    0.1051957824E+00
   3182.00    0.1263364625E+00
   3183.00    0.1227318817E+00
   3184.00    0.9906142617E-01
   3185.00    0.7299037810E-01
   3186.00    0.5277431973E-01
   3187.00    0.3868006734E-01
   3188.00    0.2902567680E-01
   3189.00    0.2231857064E-01
   3190.00    0.1754589728E-01
   3191.00    0.1406165730E-01
   3192.00    0.1145557335E-01
   3193.00    0.9462964846E-02
   3194.00    0.7909223067E-02
   3195.00    0.6676383348E-02
   3196.00    0.5682880626E-02
   3197.00    0.4871079511E-02
   3198.00    0.4199430828E-02
   3199.00    0.3637429254E-02
   3200.00    0.3162301791E-02
   3201.00    0.2756788616E-02
   3202.00    0.2407628071E-02
   3203.00    0.2104505155E-02
   3204.00    0.1839311872E-02
   3205.00    0.1605622923E-02
   3206.00    0.1398325901E-02
   3207.00    0.1213370262E-02
   3208.00    0.1047620594E-02
   3209.00    0.8988240368E-03
   3210.00    0.7657390588E-03
   3211.00    0.6485369457E-03
   3212.00    0.5496729006E-03
   3213.00    0.4753474552E-03
   3214.00    0.4365839531E-03
   3215.00    0.4461994036E-03
   3216.00    0.5108544681E-03
   3217.00    0.6299573733E-03
   3218.00    0.8048552061E-03
   3219.00    0.1046440477E-02
   3220.00    0.1378321066E-02
   3221.00    0.1835675218E-02
   3222.00    0.2445006468E-02
   3223.00    0.3143533115E-02
   3224.00    0.3668071052E-02
   3225.00    0.3753440225E-02
   3226.00    0.3519092025E-02
   3227.00    0.3235373007E-02
   3228.00    0.3029070004E-02
   3229.00    0.2931080948E-02
   3230.00    0.2970290478E-02
   3231.00    0.3237407564E-02
   3232.00    0.3936293587E-02
   3233.00    0.5331193925E-02
   3234.00    0.7364033312E-02
   3235.00    0.9044327937E-02
   3236.00    0.9180532205E-02
   3237.00    0.8273320664E-02
   3238.00    0.7606431661E-02
   3239.00    0.7737981641E-02
   3240.00    0.8655412943E-02
   3241.00    0.1027551192E-01
   3242.00    0.1265421052E-01
   3243.00    0.1602773457E-01
   3244.00    0.2085032427E-01
   3245.00    0.2787270769E-01
   3246.00    0.3819859805E-01
   3247.00    0.5295182300E-01
   3248.00    0.7132435086E-01
   3249.00    0.8607313110E-01
   3250.00    0.8534577391E-01
   3251.00    0.6962873653E-01
   3252.00    0.5102072268E-01
   3253.00    0.3639294977E-01
   3254.00    0.2628778233E-01
   3255.00    0.1948194345E-01
   3256.00    0.1484046759E-01
   3257.00    0.1159613801E-01
   3258.00    0.9266510865E-02
   3259.00    0.7550208603E-02
   3260.00    0.6255975049E-02
   3261.00    0.5259586341E-02
   3262.00    0.4478322053E-02
   3263.00    0.3855745950E-02
   3264.00    0.3352469625E-02
   3265.00    0.2940422611E-02
   3266.00    0.2599215500E-02
   3267.00    0.2313779329E-02
   3268.00    0.2072800490E-02
   3269.00    0.1867662247E-02
   3270.00    0.1691715552E-02
   3271.00    0.1539768075E-02
   3272.00    0.1407720442E-02
   3273.00    0.1292303468E-02
   3274.00    0.1190885779E-02
   3275.00    0.1101331181E-02
   3276.00    0.1021891686E-02
   3277.00    0.9511264157E-03
   3278.00    0.8878394922E-03
   3279.00    0.8310320331E-03
   3280.00    0.7798647152E-03
   3281.00    0.7336283438E-03
   3282.00    0.6917205344E-03
   3283.00    0.6536271057E-03
   3284.00    0.6189071286E-03
   3285.00    0.5871808378E-03
   3286.00    0.5581197968E-03
   3287.00    0.5314388516E-03
   3288.00    0.5068895116E-03
   3289.00    0.4842544761E-03
   3290.00    0.4633430870E-03
   3291.00    0.4439875327E-03
   3292.00    0.4260396655E-03
   3293.00    0.4093683218E-03
   3294.00    0.3938570566E-03
   3295.00    0.3794022219E-03
   3296.00    0.3659113294E-03
   3297.00    0.3533016510E-03
   3298.00    0.3414990199E-03
   3299.00    0.3304367979E-03
   3300.00    0.3200549852E-03
   3301.00    0.3102994496E-03
   3302.00    0.3011212576E-03
   3303.00    0.2924760922E-03
   3304.00    0.2843237453E-03
   3305.00    0.2766276732E-03
   3306.00    0.2693546071E-03
   3307.00    0.2624742106E-03
   3308.00    0.2559587784E-03
   3309.00    0.2497829698E-03
   3310.00    0.2439235732E-03
   3311.00    0.2383592972E-03
   3312.00    0.2330705855E-03
   3313.00    0.2280394514E-03
   3314.00    0.2232493309E-03
   3315.00    0.2186849513E-03
   3316.00    0.2143322138E-03
   3317.00    0.2101780876E-03
   3318.00    0.2062105160E-03
   3319.00    0.2024183308E-03
   3320.00    0.1987911761E-03
   3321.00    0.1953194394E-03
   3322.00    0.1919941887E-03
   3323.00    0.1888071167E-03
   3324.00    0.1857504896E-03
   3325.00    0.1828171006E-03
   3326.00    0.1800002282E-03
   3327.00    0.1772935977E-03
   3328.00    0.1746913467E-03
   3329.00    0.1721879934E-03
   3330.00    0.1697784075E-03
   3331.00    0.1674577840E-03
   3332.00    0.1652216191E-03
   3333.00    0.1630656877E-03
   3334.00    0.1609860240E-03
   3335.00    0.1589789019E-03
   3336.00    0.1570408190E-03
   3337.00    0.1551684800E-03
   3338.00    0.1533587831E-03
   3339.00    0.1516088061E-03
   3340.00    0.1499157945E-03
   3341.00    0.1482771504E-03
   3342.00    0.1466904215E-03
   3343.00    0.1451532923E-03
   3344.00    0.1436635744E-03
   3345.00    0.1422191988E-03
   3346.00    0.1408182080E-03
   3347.00    0.1394587494E-03
   3348.00    0.1381390679E-03
   3349.00    0.1368575006E-03
   3350.00    0.1356124709E-03
   3351.00    0.1344024831E-03
   3352.00    0.1332261176E-03
   3353.00    0.1320820264E-03
   3354.00    0.1309689290E-03
   3355.00    0.1298856079E-03
   3356.00    0.1288309057E-03
   3357.00    0.1278037209E-03
   3358.00    0.1268030052E-03
   3359.00    0.1258277604E-03
   3360.00    0.1248770354E-03
   3361.00    0.1239499236E-03
   3362.00    0.1230455607E-03
   3363.00    0.1221631222E-03
   3364.00    0.1213018211E-03
   3365.00    0.1204609062E-03
   3366.00    0.1196396600E-03
   3367.00    0.1188373969E-03
   3368.00    0.1180534616E-03
   3369.00    0.1172872273E-03
   3370.00    0.1165380948E-03
   3371.00    0.1158054903E-03
   3372.00    0.1150888647E-03
   3373.00    0.1143876923E-03
   3374.00    0.1137014691E-03
   3375.00    0.1130297126E-03
   3376.00    0.1123719598E-03
   3377.00    0.1117277669E-03
   3378.00    0.1110967082E-03
   3379.00    0.1104783752E-03
   3380.00    0.1098723756E-03
   3381.00    0.1092783328E-03
   3382.00    0.1086958853E-03
   3383.00    0.1081246853E-03
   3384.00    0.1075643988E-03
   3385.00    0.1070147046E-03
   3386.00    0.1064752940E-03
   3387.00    0.1059458696E-03
   3388.00    0.1054261457E-03
   3389.00    0.1049158469E-03
   3390.00    0.1044147082E-03
   3391.00    0.1039224745E-03
   3392.00    0.1034388998E-03
   3393.00    0.1029637472E-03
   3394.00    0.1024967884E-03
   3395.00    0.1020378030E-03
   3396.00    0.1015865788E-03
   3397.00    0.1011429109E-03
   3398.00    0.1007066016E-03
   3399.00    0.1002774601E-03
   3400.00    0.9985530231E-04
   3401.00    0.9943995030E-04
   3402.00    0.9903123230E-04
   3403.00    0.9862898236E-04
   3404.00    0.9823304011E-04
   3405.00    0.9784325054E-04
   3406.00    0.9745946378E-04
   3407.00    0.9708153494E-04
   3408.00    0.9670932383E-04
   3409.00    0.9634269486E-04
   3410.00    0.9598151683E-04
   3411.00    0.9562566272E-04
   3412.00    0.9527500960E-04
   3413.00    0.9492943843E-04
   3414.00    0.9458883392E-04
   3415.00    0.9425308440E-04
   3416.00    0.9392208166E-04
   3417.00    0.9359572084E-04
   3418.00    0.9327390033E-04
   3419.00    0.9295652158E-04
   3420.00    0.9264348907E-04
   3421.00    0.9233471015E-04
   3422.00    0.9203009494E-04
   3423.00    0.9172955625E-04
   3424.00    0.9143300946E-04
   3425.00    0.9114037247E-04
   3426.00    0.9085156556E-04
   3427.00    0.9056651134E-04
   3428.00    0.9028513466E-04
   3429.00    0.9000736253E-04
   3430.00    0.8973312406E-04
   3431.00    0.8946235036E-04
   3432.00    0.8919497450E-04
   3433.00    0.8893093144E-04
   3434.00    0.8867015795E-04
   3435.00    0.8841259256E-04
   3436.00    0.8815817550E-04
   3437.00    0.8790684867E-04
   3438.00    0.8765855552E-04
   3439.00    0.8741324109E-04
   3440.00    0.8717085186E-04
   3441.00    0.8693133580E-04
   3442.00    0.8669464225E-04
   3443.00    0.8646072191E-04
   3444.00    0.8622952679E-04
   3445.00    0.8600101016E-04
   3446.00    0.8577512655E-04
   3447.00    0.8555183165E-04
   3448.00    0.8533108232E-04
   3449.00    0.8511283653E-04
   3450.00    0.8489705337E-04
   3451.00    0.8468369294E-04
   3452.00    0.8447271639E-04
   3453.00    0.8426408585E-04
   3454.00    0.8405776443E-04
   3455.00    0.8385371615E-04
   3456.00    0.8365190596E-04
   3457.00    0.8345229967E-04
   3458.00    0.8325486397E-04
   3459.00    0.8305956636E-04
   3460.00    0.8286637517E-04
   3461.00    0.8267525949E-04
   3462.00    0.8248618920E-04
   3463.00    0.8229913490E-04
   3464.00    0.8211406793E-04
   3465.00    0.8193096032E-04
   3466.00    0.8174978478E-04
   3467.00    0.8157051470E-04
   3468.00    0.8139312412E-04
   3469.00    0.8121758768E-04
   3470.00    0.8104388066E-04
   3471.00    0.8087197893E-04
   3472.00    0.8070185895E-04
   3473.00    0.8053349773E-04
   3474.00    0.8036687284E-04
   3475.00    0.8020196240E-04
   3476.00    0.8003874505E-04
   3477.00    0.7987719992E-04
   3478.00    0.7971730667E-04
   3479.00    0.7955904544E-04
   3480.00    0.7940239682E-04
   3481.00    0.7924734191E-04
   3482.00    0.7909386223E-04
   3483.00    0.7894193974E-04
   3484.00    0.7879155685E-04
   3485.00    0.7864269640E-04
   3486.00    0.7849534161E-04
   3487.00    0.7834947612E-04
   3488.00    0.7820508399E-04
   3489.00    0.7806214962E-04
   3490.00    0.7792065782E-04
   3491.00    0.7778059375E-04
   3492.00    0.7764194296E-04
   3493.00    0.7750469131E-04
   3494.00    0.7736882506E-04
   3495.00    0.7723433076E-04
   3496.00    0.7710119532E-04
   3497.00    0.7696940597E-04
   3498.00    0.7683895026E-04
   3499.00    0.7670981606E-04
   3500.00    0.7658199153E-04
   3501.00    0.7645546515E-04
   3502.00    0.7633022568E-04
   3503.00    0.7620626220E-04
   3504.00    0.7608356404E-04
   3505.00    0.7596212083E-04
   3506.00    0.7584192247E-04
   3507.00    0.7572295915E-04
   3508.00    0.7560522129E-04
   3509.00    0.7548869961E-04
   3510.00    0.7537338507E-04
   3511.00    0.7525926889E-04
   3512.00    0.7514634253E-04
   3513.00    0.7503459772E-04
   3514.00    0.7492402640E-04
   3515.00    0.7481462079E-04
   3516.00    0.7470637332E-04
   3517.00    0.7459927666E-04
   3518.00    0.7449332371E-04
   3519.00    0.7438850761E-04
   3520.00    0.7428482170E-04
   3521.00    0.7418225958E-04
   3522.00    0.7408081504E-04
   3523.00    0.7398048210E-04
   3524.00    0.7388125499E-04
   3525.00    0.7378312816E-04
   3526.00    0.7368609628E-04
   3527.00    0.7359015422E-04
   3528.00    0.7349529705E-04
   3529.00    0.7340152007E-04
   3530.00    0.7330881876E-04
   3531.00    0.7321718882E-04
   3532.00    0.7312662616E-04
   3533.00    0.7303712688E-04
   3534.00    0.7294868728E-04
   3535.00    0.7286130385E-04
   3536.00    0.7277497331E-04
   3537.00    0.7268969256E-04
   3538.00    0.7260545869E-04
   3539.00    0.7252226899E-04
   3540.00    0.7244012096E-04
   3541.00    0.7235901229E-04
   3542.00    0.7227894087E-04
   3543.00    0.7219990476E-04
   3544.00    0.7212190226E-04
   3545.00    0.7204493184E-04
   3546.00    0.7196899217E-04
   3547.00    0.7189408211E-04
   3548.00    0.7182020074E-04
   3549.00    0.7174734731E-04
   3550.00    0.7167552130E-04
   3551.00    0.7160472236E-04
   3552.00    0.7153495037E-04
   3553.00    0.7146620537E-04
   3554.00    0.7139848766E-04
   3555.00    0.7133179769E-04
   3556.00    0.7126613615E-04
   3557.00    0.7120150392E-04
   3558.00    0.7113790210E-04
   3559.00    0.7107533200E-04
   3560.00    0.7101379513E-04
   3561.00    0.7095329323E-04
   3562.00    0.7089382825E-04
   3563.00    0.7083540236E-04
   3564.00    0.7077801794E-04
   3565.00    0.7072167762E-04
   3566.00    0.7066638424E-04
   3567.00    0.7061214087E-04
   3568.00    0.7055895081E-04
   3569.00    0.7050681761E-04
   3570.00    0.7045574505E-04
   3571.00    0.7040573716E-04
   3572.00    0.7035679821E-04
   3573.00    0.7030893272E-04
   3574.00    0.7026214548E-04
   3575.00    0.7021644151E-04
   3576.00    0.7017182612E-04
   3577.00    0.7012830489E-04
   3578.00    0.7008588365E-04
   3579.00    0.7004456854E-04
   3580.00    0.7000436595E-04
   3581.00    0.6996528259E-04
   3582.00    0.6992732544E-04
   3583.00    0.6989050181E-04
   3584.00    0.6985481928E-04
   3585.00    0.6982028579E-04
   3586.00    0.6978690957E-04
   3587.00    0.6975469918E-04
   3588.00    0.6972366352E-04
   3589.00    0.6969381185E-04
   3590.00    0.6966515375E-04
   3591.00    0.6963769920E-04
   3592.00    0.6961145850E-04
   3593.00    0.6958644238E-04
   3594.00    0.6956266192E-04
   3595.00    0.6954012861E-04
   3596.00    0.6951885434E-04
   3597.00    0.6949885145E-04
   3598.00    0.6948013266E-04
   3599.00    0.6946271116E-04
   3600.00    0.6944660060E-04
   3601.00    0.6943181508E-04
   3602.00    0.6941836918E-04
   3603.00    0.6940627798E-04
   3604.00    0.6939555705E-04
   3605.00    0.6938622251E-04
   3606.00    0.6937829098E-04
   3607.00    0.6937177967E-04
   3608.00    0.6936670633E-04
   3609.00    0.6936308931E-04
   3610.00    0.6936094756E-04
   3611.00    0.6936030065E-04
   3612.00    0.6936116880E-04
   3613.00    0.6936357289E-04
   3614.00    0.6936753449E-04
   3615.00    0.6937307587E-04
   3616.00    0.6938022002E-04
   3617.00    0.6938899071E-04
   3618.00    0.6939941248E-04
   3619.00    0.6941151066E-04
   3620.00    0.6942531142E-04
   3621.00    0.6944084182E-04
   3622.00    0.6945812977E-04
   3623.00    0.6947720413E-04
   3624.00    0.6949809472E-04
   3625.00    0.6952083233E-04
   3626.00    0.6954544880E-04
   3627.00    0.6957197701E-04
   3628.00    0.6960045097E-04
   3629.00    0.6963090581E-04
   3630.00    0.6966337788E-04
   3631.00    0.6969790472E-04
   3632.00    0.6973452520E-04
   3633.00    0.6977327948E-04
   3634.00    0.6981420911E-04
   3635.00    0.6985735710E-04
   3636.00    0.6990276794E-04
   3637.00    0.6995048765E-04
   3638.00    0.7000056391E-04
   3639.00    0.7005304606E-04
   3640.00    0.7010798518E-04
   3641.00    0.7016543421E-04
   3642.00    0.7022544796E-04
   3643.00    0.7028808324E-04
   3644.00    0.7035339893E-04
   3645.00    0.7042145607E-04
   3646.00    0.7049231793E-04
   3647.00    0.7056605017E-04
   3648.00    0.7064272088E-04
   3649.00    0.7072240073E-04
   3650.00    0.7080516307E-04
   3651.00    0.7089108405E-04
   3652.00    0.7098024278E-04
   3653.00    0.7107272142E-04
   3654.00    0.7116860538E-04
   3655.00    0.7126798342E-04
   3656.00    0.7137094785E-04
   3657.00    0.7147759469E-04
   3658.00    0.7158802385E-04
   3659.00    0.7170233933E-04
   3660.00    0.7182064943E-04
   3661.00    0.7194306694E-04
   3662.00    0.7206970941E-04
   3663.00    0.7220069937E-04
   3664.00    0.7233616461E-04
   3665.00    0.7247623844E-04
   3666.00    0.7262105999E-04
   3667.00    0.7277077454E-04
   3668.00    0.7292553383E-04
   3669.00    0.7308549646E-04
   3670.00    0.7325082824E-04
   3671.00    0.7342170259E-04
   3672.00    0.7359830102E-04
   3673.00    0.7378081356E-04
   3674.00    0.7396943927E-04
   3675.00    0.7416438679E-04
   3676.00    0.7436587491E-04
   3677.00    0.7457413317E-04
   3678.00    0.7478940255E-04
   3679.00    0.7501193617E-04
   3680.00    0.7524200004E-04
   3681.00    0.7547987392E-04
   3682.00    0.7572585220E-04
   3683.00    0.7598024485E-04
   3684.00    0.7624337844E-04
   3685.00    0.7651559732E-04
   3686.00    0.7679726478E-04
   3687.00    0.7708876437E-04
   3688.00    0.7739050137E-04
   3689.00    0.7770290427E-04
   3690.00    0.7802642652E-04
   3691.00    0.7836154829E-04
   3692.00    0.7870877853E-04
   3693.00    0.7906865709E-04
   3694.00    0.7944175715E-04
   3695.00    0.7982868776E-04
   3696.00    0.8023009670E-04
   3697.00    0.8064667364E-04
   3698.00    0.8107915348E-04
   3699.00    0.8152832020E-04
   3700.00    0.8199501095E-04
   3701.00    0.8248012064E-04
   3702.00    0.8298460699E-04
   3703.00    0.8350949614E-04
   3704.00    0.8405588879E-04
   3705.00    0.8462496716E-04
   3706.00    0.8521800260E-04
   3707.00    0.8583636413E-04
   3708.00    0.8648152800E-04
   3709.00    0.8715508835E-04
   3710.00    0.8785876915E-04
   3711.00    0.8859443773E-04
   3712.00    0.8936411987E-04
   3713.00    0.9017001698E-04
   3714.00    0.9101452545E-04
   3715.00    0.9190025870E-04
   3716.00    0.9283007217E-04
   3717.00    0.9380709202E-04
   3718.00    0.9483474774E-04
   3719.00    0.9591680984E-04
   3720.00    0.9705743312E-04
   3721.00    0.9826120668E-04
   3722.00    0.9953321205E-04
   3723.00    0.1008790907E-03
   3724.00    0.1023051230E-03
   3725.00    0.1038183210E-03
   3726.00    0.1054265376E-03
   3727.00    0.1071385956E-03
   3728.00    0.1089644419E-03
   3729.00    0.1109153308E-03
   3730.00    0.1130040449E-03
   3731.00    0.1152451622E-03
   3732.00    0.1176553798E-03
   3733.00    0.1202539111E-03
   3734.00    0.1230629736E-03
   3735.00    0.1261083950E-03
   3736.00    0.1294203688E-03
   3737.00    0.1330344079E-03
   3738.00    0.1369925541E-03
   3739.00    0.1413449294E-03
   3740.00    0.1461517436E-03
   3741.00    0.1514859194E-03
   3742.00    0.1574365644E-03
   3743.00    0.1641136138E-03
   3744.00    0.1716541190E-03
   3745.00    0.1802308709E-03
   3746.00    0.1900643796E-03
   3747.00    0.2014397277E-03
   3748.00    0.2147305417E-03
   3749.00    0.2304333511E-03
   3750.00    0.2492168127E-03
   3751.00    0.2719909372E-03
   3752.00    0.2999983393E-03
   3753.00    0.3349108455E-03
   3754.00    0.3788394605E-03
   3755.00    0.4339019385E-03
   3756.00    0.5002084083E-03
   3757.00    0.5697457803E-03
   3758.00    0.6166825906E-03
   3759.00    0.6063595289E-03
   3760.00    0.5391656160E-03
   3761.00    0.4520937793E-03
   3762.00    0.3727522091E-03
   3763.00    0.3087155321E-03
   3764.00    0.2587022843E-03
   3765.00    0.2196073817E-03
   3766.00    0.1886550814E-03
   3767.00    0.1637523876E-03
   3768.00    0.1433913771E-03
   3769.00    0.1264924306E-03
   3770.00    0.1122760436E-03
   3771.00    0.1001714897E-03
   3772.00    0.8975429992E-04
   3773.00    0.8070377851E-04
   3774.00    0.7277396038E-04
   3775.00    0.6577352455E-04
   3776.00    0.5955170691E-04
   3777.00    0.5398827536E-04
   3778.00    0.4898629225E-04
   3779.00    0.4446681634E-04
   3780.00    0.4036497368E-04
   3781.00    0.3662700821E-04
   3782.00    0.3320804319E-04
   3783.00    0.3007036555E-04
   3784.00    0.2718210014E-04
   3785.00    0.2451617947E-04
   3786.00    0.2204954154E-04
   3787.00    0.1976250854E-04
   3788.00    0.1763831503E-04
   3789.00    0.1566276840E-04
   3790.00    0.1382403898E-04
   3791.00    0.1211259750E-04
   3792.00    0.1052134857E-04
   3793.00    0.9046065555E-05
   3794.00    0.7686338823E-05
   3795.00    0.6447450329E-05
   3796.00    0.5343914710E-05
   3797.00    0.4405622988E-05
   3798.00    0.3685645434E-05
   3799.00    0.3258242704E-05
   3800.00    0.3179072168E-05
   3801.00    0.3422097489E-05
   3802.00    0.3889925909E-05
   3803.00    0.4484577590E-05
   3804.00    0.5140749217E-05
   3805.00    0.5821104036E-05
   3806.00    0.6505122197E-05
   3807.00    0.7181534368E-05
   3808.00    0.7844139139E-05
   3809.00    0.8489576321E-05
   3810.00    0.9116124630E-05
   3811.00    0.9723032582E-05
   3812.00    0.1031013348E-04
   3813.00    0.1087761680E-04
   3814.00    0.1142588857E-04
   3815.00    0.1195548416E-04
   3816.00    0.1246701272E-04
   3817.00    0.1296112132E-04
   3818.00    0.1343847160E-04
   3819.00    0.1389972455E-04
   3820.00    0.1434553061E-04
   3821.00    0.1477652333E-04
   3822.00    0.1519331550E-04
   3823.00    0.1559649685E-04
   3824.00    0.1598663286E-04
   3825.00    0.1636426441E-04
   3826.00    0.1672990788E-04
   3827.00    0.1708405558E-04
   3828.00    0.1742717651E-04
   3829.00    0.1775971714E-04
   3830.00    0.1808210234E-04
   3831.00    0.1839473639E-04
   3832.00    0.1869800390E-04
   3833.00    0.1899227082E-04
   3834.00    0.1927788539E-04
   3835.00    0.1955517906E-04
   3836.00    0.1982446739E-04
   3837.00    0.2008605088E-04
   3838.00    0.2034021582E-04
   3839.00    0.2058723503E-04
   3840.00    0.2082736860E-04
   3841.00    0.2106086461E-04
   3842.00    0.2128795972E-04
   3843.00    0.2150887985E-04
   3844.00    0.2172384072E-04
   3845.00    0.2193304840E-04
   3846.00    0.2213669987E-04
   3847.00    0.2233498342E-04
   3848.00    0.2252807917E-04
   3849.00    0.2271615950E-04
   3850.00    0.2289938940E-04
   3851.00    0.2307792690E-04
   3852.00    0.2325192341E-04
   3853.00    0.2342152406E-04
   3854.00    0.2358686799E-04
   3855.00    0.2374808868E-04
   3856.00    0.2390531425E-04
   3857.00    0.2405866765E-04
   3858.00    0.2420826698E-04
   3859.00    0.2435422571E-04
   3860.00    0.2449665288E-04
   3861.00    0.2463565332E-04
   3862.00    0.2477132787E-04
   3863.00    0.2490377353E-04
   3864.00    0.2503308367E-04
   3865.00    0.2515934818E-04
   3866.00    0.2528265363E-04
   3867.00    0.2540308344E-04
   3868.00    0.2552071798E-04
   3869.00    0.2563563474E-04
   3870.00    0.2574790845E-04
   3871.00    0.2585761120E-04
   3872.00    0.2596481254E-04
   3873.00    0.2606957963E-04
   3874.00    0.2617197727E-04
   3875.00    0.2627206808E-04
   3876.00    0.2636991255E-04
   3877.00    0.2646556911E-04
   3878.00    0.2655909428E-04
   3879.00    0.2665054267E-04
   3880.00    0.2673996711E-04
   3881.00    0.2682741871E-04
   3882.00    0.2691294694E-04
   3883.00    0.2699659964E-04
   3884.00    0.2707842318E-04
   3885.00    0.2715846242E-04
   3886.00    0.2723676084E-04
   3887.00    0.2731336055E-04
   3888.00    0.2738830236E-04
   3889.00    0.2746162583E-04
   3890.00    0.2753336932E-04
   3891.00    0.2760357003E-04
   3892.00    0.2767226404E-04
   3893.00    0.2773948635E-04
   3894.00    0.2780527092E-04
   3895.00    0.2786965073E-04
   3896.00    0.2793265778E-04
   3897.00    0.2799432316E-04
   3898.00    0.2805467704E-04
   3899.00    0.2811374875E-04
   3900.00    0.2817156678E-04
   3901.00    0.2822815882E-04
   3902.00    0.2828355177E-04
   3903.00    0.2833777180E-04
   3904.00    0.2839084435E-04
   3905.00    0.2844279415E-04
   3906.00    0.2849364526E-04
   3907.00    0.2854342112E-04
   3908.00    0.2859214448E-04
   3909.00    0.2863983753E-04
   3910.00    0.2868652185E-04
   3911.00    0.2873221845E-04
   3912.00    0.2877694778E-04
   3913.00    0.2882072979E-04
   3914.00    0.2886358387E-04
   3915.00    0.2890552893E-04
   3916.00    0.2894658341E-04
   3917.00    0.2898676524E-04
   3918.00    0.2902609195E-04
   3919.00    0.2906458057E-04
   3920.00    0.2910224776E-04
   3921.00    0.2913910972E-04
   3922.00    0.2917518228E-04
   3923.00    0.2921048086E-04
   3924.00    0.2924502052E-04
   3925.00    0.2927881594E-04
   3926.00    0.2931188146E-04
   3927.00    0.2934423107E-04
   3928.00    0.2937587841E-04
   3929.00    0.2940683681E-04
   3930.00    0.2943711930E-04
   3931.00    0.2946673857E-04
   3932.00    0.2949570704E-04
   3933.00    0.2952403683E-04
   3934.00    0.2955173978E-04
   3935.00    0.2957882746E-04
   3936.00    0.2960531118E-04
   3937.00    0.2963120199E-04
   3938.00    0.2965651068E-04
   3939.00    0.2968124781E-04
   3940.00    0.2970542370E-04
   3941.00    0.2972904843E-04
   3942.00    0.2975213187E-04
   3943.00    0.2977468367E-04
   3944.00    0.2979671326E-04
   3945.00    0.2981822988E-04
   3946.00    0.2983924254E-04
   3947.00    0.2985976009E-04
   3948.00    0.2987979118E-04
   3949.00    0.2989934425E-04
   3950.00    0.2991842759E-04
   3951.00    0.2993704929E-04
   3952.00    0.2995521731E-04
   3953.00    0.2997293939E-04
   3954.00    0.2999022314E-04
   3955.00    0.3000707601E-04
   3956.00    0.3002350530E-04
   3957.00    0.3003951813E-04
   3958.00    0.3005512151E-04
   3959.00    0.3007032228E-04
   3960.00    0.3008512717E-04
   3961.00    0.3009954275E-04
   3962.00    0.3011357546E-04
   3963.00    0.3012723161E-04
   3964.00    0.3014051741E-04
   3965.00    0.3015343891E-04
   3966.00    0.3016600206E-04
   3967.00    0.3017821269E-04
   3968.00    0.3019007652E-04
   3969.00    0.3020159916E-04
   3970.00    0.3021278608E-04
   3971.00    0.3022364270E-04
   3972.00    0.3023417428E-04
   3973.00    0.3024438602E-04
   3974.00    0.3025428300E-04
   3975.00    0.3026387020E-04
   3976.00    0.3027315253E-04
   3977.00    0.3028213478E-04
   3978.00    0.3029082166E-04
   3979.00    0.3029921780E-04
   3980.00    0.3030732773E-04
   3981.00    0.3031515591E-04
   3982.00    0.3032270670E-04
   3983.00    0.3032998440E-04
   3984.00    0.3033699322E-04
   3985.00    0.3034373730E-04
   3986.00    0.3035022069E-04
   3987.00    0.3035644738E-04
   3988.00    0.3036242128E-04
   3989.00    0.3036814623E-04
   3990.00    0.3037362603E-04
   3991.00    0.3037886436E-04
   3992.00    0.3038386487E-04
   3993.00    0.3038863114E-04
   3994.00    0.3039316669E-04
   3995.00    0.3039747497E-04
   3996.00    0.3040155936E-04
   3997.00    0.3040542321E-04
   3998.00    0.3040906979E-04
   3999.00    0.3041250231E-04
   4000.00    0.3041572394E-04
