Frequencies(cm-1)    polar_2nd_yyy        
   1000.00    0.2186771223E+01
   1001.00    0.2248650085E+01
   1002.00    0.2290363533E+01
   1003.00    0.2296973639E+01
   1004.00    0.2280817758E+01
   1005.00    0.2254385081E+01
   1006.00    0.2223579107E+01
   1007.00    0.2190394019E+01
   1008.00    0.2155188936E+01
   1009.00    0.2117710873E+01
   1010.00    0.2077486525E+01
   1011.00    0.2033961730E+01
   1012.00    0.1986546528E+01
   1013.00    0.1934626506E+01
   1014.00    0.1877564074E+01
   1015.00    0.1814700240E+01
   1016.00    0.1745363939E+01
   1017.00    0.1668897483E+01
   1018.00    0.1584712764E+01
   1019.00    0.1492406338E+01
   1020.00    0.1391989858E+01
   1021.00    0.1284352024E+01
   1022.00    0.1172191443E+01
   1023.00    0.1061883317E+01
   1024.00    0.9669379537E+00
   1025.00    0.9127024725E+00
   1026.00    0.9364539015E+00
   1027.00    0.1072327373E+01
   1028.00    0.1333605269E+01
   1029.00    0.1720007194E+01
   1030.00    0.2235412703E+01
   1031.00    0.2896125341E+01
   1032.00    0.3733585368E+01
   1033.00    0.4797759837E+01
   1034.00    0.6163422759E+01
   1035.00    0.7939589985E+01
   1036.00    0.1027894295E+02
   1037.00    0.1336998108E+02
   1038.00    0.1734640007E+02
   1039.00    0.2195177199E+02
   1040.00    0.2596238135E+02
   1041.00    0.2760799307E+02
   1042.00    0.2667566112E+02
   1043.00    0.2453980098E+02
   1044.00    0.2231104777E+02
   1045.00    0.2039557950E+02
   1046.00    0.1884943879E+02
   1047.00    0.1762390907E+02
   1048.00    0.1665501741E+02
   1049.00    0.1588772174E+02
   1050.00    0.1527954969E+02
   1051.00    0.1479892436E+02
   1052.00    0.1442265182E+02
   1053.00    0.1413362025E+02
   1054.00    0.1391863072E+02
   1055.00    0.1376561898E+02
   1056.00    0.1365841459E+02
   1057.00    0.1356473378E+02
   1058.00    0.1341018779E+02
   1059.00    0.1304566495E+02
   1060.00    0.1231232142E+02
   1061.00    0.1134631335E+02
   1062.00    0.1059195226E+02
   1063.00    0.1022296698E+02
   1064.00    0.1009938091E+02
   1065.00    0.1007156427E+02
   1066.00    0.1006154848E+02
   1067.00    0.1003544791E+02
   1068.00    0.9977950477E+01
   1069.00    0.9880685596E+01
   1070.00    0.9738502462E+01
   1071.00    0.9550489463E+01
   1072.00    0.9326454148E+01
   1073.00    0.9104134132E+01
   1074.00    0.8989492453E+01
   1075.00    0.9236713856E+01
   1076.00    0.1034604252E+02
   1077.00    0.1303224115E+02
   1078.00    0.1792486180E+02
   1079.00    0.2500398240E+02
   1080.00    0.3269153126E+02
   1081.00    0.3820737019E+02
   1082.00    0.4053965250E+02
   1083.00    0.4094987086E+02
   1084.00    0.4077468506E+02
   1085.00    0.4066709937E+02
   1086.00    0.4086037834E+02
   1087.00    0.4142450390E+02
   1088.00    0.4238190963E+02
   1089.00    0.4375122052E+02
   1090.00    0.4556395467E+02
   1091.00    0.4787275778E+02
   1092.00    0.5075837805E+02
   1093.00    0.5433859430E+02
   1094.00    0.5878111655E+02
   1095.00    0.6432204561E+02
   1096.00    0.7129006717E+02
   1097.00    0.8012986085E+02
   1098.00    0.9139203212E+02
   1099.00    0.1055671882E+03
   1100.00    0.1223937186E+03
   1101.00    0.1389864121E+03
   1102.00    0.1478710513E+03
   1103.00    0.1419558316E+03
   1104.00    0.1245824565E+03
   1105.00    0.1047297317E+03
   1106.00    0.8739831035E+02
   1107.00    0.7356363891E+02
   1108.00    0.6274768765E+02
   1109.00    0.5424969307E+02
   1110.00    0.4747999531E+02
   1111.00    0.4199974748E+02
   1112.00    0.3749271248E+02
   1113.00    0.3373141750E+02
   1114.00    0.3055062399E+02
   1115.00    0.2782858787E+02
   1116.00    0.2547421645E+02
   1117.00    0.2341829947E+02
   1118.00    0.2160747845E+02
   1119.00    0.2000004911E+02
   1120.00    0.1856299901E+02
   1121.00    0.1726988674E+02
   1122.00    0.1609930213E+02
   1123.00    0.1503373367E+02
   1124.00    0.1405872616E+02
   1125.00    0.1316225047E+02
   1126.00    0.1233423629E+02
   1127.00    0.1156624501E+02
   1128.00    0.1085129687E+02
   1129.00    0.1018393392E+02
   1130.00    0.9560733516E+01
   1131.00    0.8981614078E+01
   1132.00    0.8451419476E+01
   1133.00    0.7975790658E+01
   1134.00    0.7541765770E+01
   1135.00    0.7115054826E+01
   1136.00    0.6681222435E+01
   1137.00    0.6249885453E+01
   1138.00    0.5830658684E+01
   1139.00    0.5427291326E+01
   1140.00    0.5040508635E+01
   1141.00    0.4670477936E+01
   1142.00    0.4318277565E+01
   1143.00    0.3986163849E+01
   1144.00    0.3673661169E+01
   1145.00    0.3371501648E+01
   1146.00    0.3070310860E+01
   1147.00    0.2771019212E+01
   1148.00    0.2477882301E+01
   1149.00    0.2192916806E+01
   1150.00    0.1915803819E+01
   1151.00    0.1644070193E+01
   1152.00    0.1371947943E+01
   1153.00    0.1087500327E+01
   1154.00    0.7679599457E+00
   1155.00    0.3807544448E+00
   1156.00    0.2532168273E+00
   1157.00    0.9185276835E+00
   1158.00    0.1677095639E+01
   1159.00    0.2321982140E+01
   1160.00    0.2801249318E+01
   1161.00    0.3174195167E+01
   1162.00    0.3501566627E+01
   1163.00    0.3817277584E+01
   1164.00    0.4137197025E+01
   1165.00    0.4468446929E+01
   1166.00    0.4814323976E+01
   1167.00    0.5176549907E+01
   1168.00    0.5556267421E+01
   1169.00    0.5954482144E+01
   1170.00    0.6372262440E+01
   1171.00    0.6810833565E+01
   1172.00    0.7271626702E+01
   1173.00    0.7756310324E+01
   1174.00    0.8266816770E+01
   1175.00    0.8805370399E+01
   1176.00    0.9374520850E+01
   1177.00    0.9977183762E+01
   1178.00    0.1061669097E+02
   1179.00    0.1129685234E+02
   1180.00    0.1202203187E+02
   1181.00    0.1279724118E+02
   1182.00    0.1362825483E+02
   1183.00    0.1452175276E+02
   1184.00    0.1548549722E+02
   1185.00    0.1652855381E+02
   1186.00    0.1766156942E+02
   1187.00    0.1889712452E+02
   1188.00    0.2025018334E+02
   1189.00    0.2173867461E+02
   1190.00    0.2338424815E+02
   1191.00    0.2521327144E+02
   1192.00    0.2725815776E+02
   1193.00    0.2955915919E+02
   1194.00    0.3216682094E+02
   1195.00    0.3514539378E+02
   1196.00    0.3857766134E+02
   1197.00    0.4257190948E+02
   1198.00    0.4727224296E+02
   1199.00    0.5287437339E+02
   1200.00    0.5965093977E+02
   1201.00    0.6799481266E+02
   1202.00    0.7849786155E+02
   1203.00    0.9208608852E+02
   1204.00    0.1101163749E+03
   1205.00    0.1338203376E+03
   1206.00    0.1623810887E+03
   1207.00    0.1903090138E+03
   1208.00    0.2059242883E+03
   1209.00    0.2002309420E+03
   1210.00    0.1794514021E+03
   1211.00    0.1555096357E+03
   1212.00    0.1345001884E+03
   1213.00    0.1176359946E+03
   1214.00    0.1044209043E+03
   1215.00    0.9407403833E+02
   1216.00    0.8592436445E+02
   1217.00    0.7946683992E+02
   1218.00    0.7433403062E+02
   1219.00    0.7025262279E+02
   1220.00    0.6699297750E+02
   1221.00    0.6429215634E+02
   1222.00    0.6170410141E+02
   1223.00    0.5834290938E+02
   1224.00    0.5283901492E+02
   1225.00    0.4472366013E+02
   1226.00    0.3642178470E+02
   1227.00    0.3082698789E+02
   1228.00    0.2810769274E+02
   1229.00    0.2701817430E+02
   1230.00    0.2660151474E+02
   1231.00    0.2640960797E+02
   1232.00    0.2627257981E+02
   1233.00    0.2613609929E+02
   1234.00    0.2598897465E+02
   1235.00    0.2583488792E+02
   1236.00    0.2568194754E+02
   1237.00    0.2553907788E+02
   1238.00    0.2541498805E+02
   1239.00    0.2531807207E+02
   1240.00    0.2525654644E+02
   1241.00    0.2523838238E+02
   1242.00    0.2527037470E+02
   1243.00    0.2535476575E+02
   1244.00    0.2547926349E+02
   1245.00    0.2559002862E+02
   1246.00    0.2552748288E+02
   1247.00    0.2492665034E+02
   1248.00    0.2330105841E+02
   1249.00    0.2078926721E+02
   1250.00    0.1856162015E+02
   1251.00    0.1738635255E+02
   1252.00    0.1703143941E+02
   1253.00    0.1706398668E+02
   1254.00    0.1723350145E+02
   1255.00    0.1743539570E+02
   1256.00    0.1763316378E+02
   1257.00    0.1781733989E+02
   1258.00    0.1798839503E+02
   1259.00    0.1815010467E+02
   1260.00    0.1830707613E+02
   1261.00    0.1846388171E+02
   1262.00    0.1862477783E+02
   1263.00    0.1879355385E+02
   1264.00    0.1897317737E+02
   1265.00    0.1916469760E+02
   1266.00    0.1936420014E+02
   1267.00    0.1955561915E+02
   1268.00    0.1970036556E+02
   1269.00    0.1975130728E+02
   1270.00    0.1974212715E+02
   1271.00    0.1981139702E+02
   1272.00    0.2002662723E+02
   1273.00    0.2035448596E+02
   1274.00    0.2075567589E+02
   1275.00    0.2121352006E+02
   1276.00    0.2172645866E+02
   1277.00    0.2230053970E+02
   1278.00    0.2294614237E+02
   1279.00    0.2367708646E+02
   1280.00    0.2451088900E+02
   1281.00    0.2546969464E+02
   1282.00    0.2658179292E+02
   1283.00    0.2788383493E+02
   1284.00    0.2942399749E+02
   1285.00    0.3126645365E+02
   1286.00    0.3349753258E+02
   1287.00    0.3623358898E+02
   1288.00    0.3962876546E+02
   1289.00    0.4387386257E+02
   1290.00    0.4915389739E+02
   1291.00    0.5546222143E+02
   1292.00    0.6203707382E+02
   1293.00    0.6638569029E+02
   1294.00    0.6483843628E+02
   1295.00    0.5697929873E+02
   1296.00    0.4673871967E+02
   1297.00    0.3740592161E+02
   1298.00    0.2992951696E+02
   1299.00    0.2414988213E+02
   1300.00    0.1967902582E+02
   1301.00    0.1617408129E+02
   1302.00    0.1337993816E+02
   1303.00    0.1111520943E+02
   1304.00    0.9251718877E+01
   1305.00    0.7698225493E+01
   1306.00    0.6389118850E+01
   1307.00    0.5276935491E+01
   1308.00    0.4327591005E+01
   1309.00    0.3517618873E+01
   1310.00    0.2833115413E+01
   1311.00    0.2270396346E+01
   1312.00    0.1838016102E+01
   1313.00    0.1556519520E+01
   1314.00    0.1444767756E+01
   1315.00    0.1491346462E+01
   1316.00    0.1650199636E+01
   1317.00    0.1871510170E+01
   1318.00    0.2121580058E+01
   1319.00    0.2381858804E+01
   1320.00    0.2642986906E+01
   1321.00    0.2900545276E+01
   1322.00    0.3152724920E+01
   1323.00    0.3399125548E+01
   1324.00    0.3640139957E+01
   1325.00    0.3876639243E+01
   1326.00    0.4109817457E+01
   1327.00    0.4341125328E+01
   1328.00    0.4572256444E+01
   1329.00    0.4805162801E+01
   1330.00    0.5042074241E+01
   1331.00    0.5285468668E+01
   1332.00    0.5537852013E+01
   1333.00    0.5800955877E+01
   1334.00    0.6073270310E+01
   1335.00    0.6343106223E+01
   1336.00    0.6571565324E+01
   1337.00    0.6665390888E+01
   1338.00    0.6498837986E+01
   1339.00    0.6109545329E+01
   1340.00    0.5790317644E+01
   1341.00    0.5721509648E+01
   1342.00    0.5846669719E+01
   1343.00    0.6068045139E+01
   1344.00    0.6329834049E+01
   1345.00    0.6608880020E+01
   1346.00    0.6897617332E+01
   1347.00    0.7195066496E+01
   1348.00    0.7503019563E+01
   1349.00    0.7824552042E+01
   1350.00    0.8163503689E+01
   1351.00    0.8524371390E+01
   1352.00    0.8912397317E+01
   1353.00    0.9333775574E+01
   1354.00    0.9795961923E+01
   1355.00    0.1030810369E+02
   1356.00    0.1088163148E+02
   1357.00    0.1153108094E+02
   1358.00    0.1227524754E+02
   1359.00    0.1313882376E+02
   1360.00    0.1415472184E+02
   1361.00    0.1536731378E+02
   1362.00    0.1683668500E+02
   1363.00    0.1864320231E+02
   1364.00    0.2088853097E+02
   1365.00    0.2367820146E+02
   1366.00    0.2703723308E+02
   1367.00    0.3064092861E+02
   1368.00    0.3330519938E+02
   1369.00    0.3311460321E+02
   1370.00    0.2958793000E+02
   1371.00    0.2458948000E+02
   1372.00    0.1988320639E+02
   1373.00    0.1604950925E+02
   1374.00    0.1305306448E+02
   1375.00    0.1071364057E+02
   1376.00    0.8862922262E+01
   1377.00    0.7373357219E+01
   1378.00    0.6153587385E+01
   1379.00    0.5138965780E+01
   1380.00    0.4283700352E+01
   1381.00    0.3555401270E+01
   1382.00    0.2931644401E+01
   1383.00    0.2398167300E+01
   1384.00    0.1948576516E+01
   1385.00    0.1585601369E+01
   1386.00    0.1322992185E+01
   1387.00    0.1182548674E+01
   1388.00    0.1176456658E+01
   1389.00    0.1287349051E+01
   1390.00    0.1479066711E+01
   1391.00    0.1720903793E+01
   1392.00    0.1995254595E+01
   1393.00    0.2294410167E+01
   1394.00    0.2616248412E+01
   1395.00    0.2960315861E+01
   1396.00    0.3321634175E+01
   1397.00    0.3675679026E+01
   1398.00    0.3943846784E+01
   1399.00    0.3953234040E+01
   1400.00    0.3529633352E+01
   1401.00    0.2826909151E+01
   1402.00    0.2410132241E+01
   1403.00    0.2674072350E+01
   1404.00    0.3254325820E+01
   1405.00    0.3774162436E+01
   1406.00    0.4189867251E+01
   1407.00    0.4551871075E+01
   1408.00    0.4898136309E+01
   1409.00    0.5248517417E+01
   1410.00    0.5613608587E+01
   1411.00    0.6000271406E+01
   1412.00    0.6414206830E+01
   1413.00    0.6861142515E+01
   1414.00    0.7347469454E+01
   1415.00    0.7880696835E+01
   1416.00    0.8469893947E+01
   1417.00    0.9126214323E+01
   1418.00    0.9863579675E+01
   1419.00    0.1069961258E+02
   1420.00    0.1165694008E+02
   1421.00    0.1276504776E+02
   1422.00    0.1406295368E+02
   1423.00    0.1560310205E+02
   1424.00    0.1745704044E+02
   1425.00    0.1972355472E+02
   1426.00    0.2253958340E+02
   1427.00    0.2609183572E+02
   1428.00    0.3061692202E+02
   1429.00    0.3634182201E+02
   1430.00    0.4321477709E+02
   1431.00    0.5016105318E+02
   1432.00    0.5431637452E+02
   1433.00    0.5299662230E+02
   1434.00    0.4741457594E+02
   1435.00    0.4077739211E+02
   1436.00    0.3487998848E+02
   1437.00    0.3011510648E+02
   1438.00    0.2635618279E+02
   1439.00    0.2338313564E+02
   1440.00    0.2100357516E+02
   1441.00    0.1907131832E+02
   1442.00    0.1747946438E+02
   1443.00    0.1615019180E+02
   1444.00    0.1502635038E+02
   1445.00    0.1406536485E+02
   1446.00    0.1323498135E+02
   1447.00    0.1251032444E+02
   1448.00    0.1187185972E+02
   1449.00    0.1130399709E+02
   1450.00    0.1079419898E+02
   1451.00    0.1033261040E+02
   1452.00    0.9912493198E+01
   1453.00    0.9532337324E+01
   1454.00    0.9201860897E+01
   1455.00    0.8956348036E+01
   1456.00    0.8881344187E+01
   1457.00    0.9109435045E+01
   1458.00    0.9654511804E+01
   1459.00    0.1019919879E+02
   1460.00    0.1043633618E+02
   1461.00    0.1040836821E+02
   1462.00    0.1026968446E+02
   1463.00    0.1011241344E+02
   1464.00    0.9972541861E+01
   1465.00    0.9860640587E+01
   1466.00    0.9778006417E+01
   1467.00    0.9723035496E+01
   1468.00    0.9693500074E+01
   1469.00    0.9687296172E+01
   1470.00    0.9702643494E+01
   1471.00    0.9738096826E+01
   1472.00    0.9792498276E+01
   1473.00    0.9864915403E+01
   1474.00    0.9954579138E+01
   1475.00    0.1006082391E+02
   1476.00    0.1018302811E+02
   1477.00    0.1032055133E+02
   1478.00    0.1047266417E+02
   1479.00    0.1063846627E+02
   1480.00    0.1081678886E+02
   1481.00    0.1100608184E+02
   1482.00    0.1120429523E+02
   1483.00    0.1140879338E+02
   1484.00    0.1161641474E+02
   1485.00    0.1182398613E+02
   1486.00    0.1203011737E+02
   1487.00    0.1224046995E+02
   1488.00    0.1248220626E+02
   1489.00    0.1284116540E+02
   1490.00    0.1354359248E+02
   1491.00    0.1505637340E+02
   1492.00    0.1790550586E+02
   1493.00    0.2180449261E+02
   1494.00    0.2541231489E+02
   1495.00    0.2808144235E+02
   1496.00    0.3048202483E+02
   1497.00    0.3343239787E+02
   1498.00    0.3688817304E+02
   1499.00    0.4021283024E+02
   1500.00    0.4330935274E+02
   1501.00    0.4653830647E+02
   1502.00    0.5024524687E+02
   1503.00    0.5468929362E+02
   1504.00    0.6011051770E+02
   1505.00    0.6678744537E+02
   1506.00    0.7507341005E+02
   1507.00    0.8541079477E+02
   1508.00    0.9831830763E+02
   1509.00    0.1144570966E+03
   1510.00    0.1350117459E+03
   1511.00    0.1614896323E+03
   1512.00    0.1931969348E+03
   1513.00    0.2228901639E+03
   1514.00    0.2362239729E+03
   1515.00    0.2262348609E+03
   1516.00    0.2029087209E+03
   1517.00    0.1782577427E+03
   1518.00    0.1572877567E+03
   1519.00    0.1405593363E+03
   1520.00    0.1270855707E+03
   1521.00    0.1153965824E+03
   1522.00    0.1042285911E+03
   1523.00    0.9398206598E+02
   1524.00    0.8646699834E+02
   1525.00    0.8203708601E+02
   1526.00    0.7969713060E+02
   1527.00    0.7861887021E+02
   1528.00    0.7841894160E+02
   1529.00    0.7897163947E+02
   1530.00    0.8027636048E+02
   1531.00    0.8240400134E+02
   1532.00    0.8548064633E+02
   1533.00    0.8968174363E+02
   1534.00    0.9521136950E+02
   1535.00    0.1022099186E+03
   1536.00    0.1104354142E+03
   1537.00    0.1183975367E+03
   1538.00    0.1220077109E+03
   1539.00    0.1158813422E+03
   1540.00    0.1009657816E+03
   1541.00    0.8626075460E+02
   1542.00    0.7922989801E+02
   1543.00    0.8143543810E+02
   1544.00    0.8969007736E+02
   1545.00    0.9721809427E+02
   1546.00    0.9668807008E+02
   1547.00    0.8747819208E+02
   1548.00    0.7499344957E+02
   1549.00    0.6331326394E+02
   1550.00    0.5365952174E+02
   1551.00    0.4596160912E+02
   1552.00    0.3984215357E+02
   1553.00    0.3493651014E+02
   1554.00    0.3095811268E+02
   1555.00    0.2769423805E+02
   1556.00    0.2498895005E+02
   1557.00    0.2272753960E+02
   1558.00    0.2082485815E+02
   1559.00    0.1921707142E+02
   1560.00    0.1785593344E+02
   1561.00    0.1670482321E+02
   1562.00    0.1573600211E+02
   1563.00    0.1492872576E+02
   1564.00    0.1426797145E+02
   1565.00    0.1374363025E+02
   1566.00    0.1335007746E+02
   1567.00    0.1308608467E+02
   1568.00    0.1295508264E+02
   1569.00    0.1296583322E+02
   1570.00    0.1313363084E+02
   1571.00    0.1348223909E+02
   1572.00    0.1404688465E+02
   1573.00    0.1487876770E+02
   1574.00    0.1605160466E+02
   1575.00    0.1767024006E+02
   1576.00    0.1987858800E+02
   1577.00    0.2285286887E+02
   1578.00    0.2672782149E+02
   1579.00    0.3131271885E+02
   1580.00    0.3547460730E+02
   1581.00    0.3708250775E+02
   1582.00    0.3524935446E+02
   1583.00    0.3160922793E+02
   1584.00    0.2796577898E+02
   1585.00    0.2503363368E+02
   1586.00    0.2289025356E+02
   1587.00    0.2143073085E+02
   1588.00    0.2053390906E+02
   1589.00    0.2008840985E+02
   1590.00    0.1995061837E+02
   1591.00    0.1982747163E+02
   1592.00    0.1910086476E+02
   1593.00    0.1697582233E+02
   1594.00    0.1348736746E+02
   1595.00    0.9806757957E+01
   1596.00    0.6859780381E+01
   1597.00    0.4821262799E+01
   1598.00    0.3556945362E+01
   1599.00    0.2896254230E+01
   1600.00    0.2662709875E+01
   1601.00    0.2677509735E+01
   1602.00    0.2805876167E+01
   1603.00    0.2973450681E+01
   1604.00    0.3146665692E+01
   1605.00    0.3312336362E+01
   1606.00    0.3466291608E+01
   1607.00    0.3608108876E+01
   1608.00    0.3738809592E+01
   1609.00    0.3859871305E+01
   1610.00    0.3972815794E+01
   1611.00    0.4079049352E+01
   1612.00    0.4179813037E+01
   1613.00    0.4276179611E+01
   1614.00    0.4369068821E+01
   1615.00    0.4459268379E+01
   1616.00    0.4547455201E+01
   1617.00    0.4634214736E+01
   1618.00    0.4720057744E+01
   1619.00    0.4805434500E+01
   1620.00    0.4890746702E+01
   1621.00    0.4976357405E+01
   1622.00    0.5062599329E+01
   1623.00    0.5149781836E+01
   1624.00    0.5238196847E+01
   1625.00    0.5328123910E+01
   1626.00    0.5419834610E+01
   1627.00    0.5513596475E+01
   1628.00    0.5609676494E+01
   1629.00    0.5708344371E+01
   1630.00    0.5809875594E+01
   1631.00    0.5914554411E+01
   1632.00    0.6022676784E+01
   1633.00    0.6134553381E+01
   1634.00    0.6250512690E+01
   1635.00    0.6370904308E+01
   1636.00    0.6496102486E+01
   1637.00    0.6626509988E+01
   1638.00    0.6762562376E+01
   1639.00    0.6904732789E+01
   1640.00    0.7053537333E+01
   1641.00    0.7209541221E+01
   1642.00    0.7373365799E+01
   1643.00    0.7545696646E+01
   1644.00    0.7727292971E+01
   1645.00    0.7918998568E+01
   1646.00    0.8121754669E+01
   1647.00    0.8336615085E+01
   1648.00    0.8564764161E+01
   1649.00    0.8807538168E+01
   1650.00    0.9066450938E+01
   1651.00    0.9343224766E+01
   1652.00    0.9639827878E+01
   1653.00    0.9958520148E+01
   1654.00    0.1030190923E+02
   1655.00    0.1067302009E+02
   1656.00    0.1107538161E+02
   1657.00    0.1151313550E+02
   1658.00    0.1199117408E+02
   1659.00    0.1251531671E+02
   1660.00    0.1309253733E+02
   1661.00    0.1373126145E+02
   1662.00    0.1444175765E+02
   1663.00    0.1523666001E+02
   1664.00    0.1613167368E+02
   1665.00    0.1714654049E+02
   1666.00    0.1830637809E+02
   1667.00    0.1964356258E+02
   1668.00    0.2120040981E+02
   1669.00    0.2303303632E+02
   1670.00    0.2521695445E+02
   1671.00    0.2785514335E+02
   1672.00    0.3108934572E+02
   1673.00    0.3511436116E+02
   1674.00    0.4019016972E+02
   1675.00    0.4662758686E+02
   1676.00    0.5465920460E+02
   1677.00    0.6394709570E+02
   1678.00    0.7242464518E+02
   1679.00    0.7575579051E+02
   1680.00    0.7131661692E+02
   1681.00    0.6213162556E+02
   1682.00    0.5249637505E+02
   1683.00    0.4430568292E+02
   1684.00    0.3779305896E+02
   1685.00    0.3267941976E+02
   1686.00    0.2863425284E+02
   1687.00    0.2538892346E+02
   1688.00    0.2274458622E+02
   1689.00    0.2055747930E+02
   1690.00    0.1872355241E+02
   1691.00    0.1716669323E+02
   1692.00    0.1583043281E+02
   1693.00    0.1467223990E+02
   1694.00    0.1365960216E+02
   1695.00    0.1276731346E+02
   1696.00    0.1197557333E+02
   1697.00    0.1126863727E+02
   1698.00    0.1063384475E+02
   1699.00    0.1006090956E+02
   1700.00    0.9541394860E+01
   1701.00    0.9068319930E+01
   1702.00    0.8635862103E+01
   1703.00    0.8239128365E+01
   1704.00    0.7873978504E+01
   1705.00    0.7536886831E+01
   1706.00    0.7224833103E+01
   1707.00    0.6935215730E+01
   1708.00    0.6665782177E+01
   1709.00    0.6414572733E+01
   1710.00    0.6179874754E+01
   1711.00    0.5960185202E+01
   1712.00    0.5754179764E+01
   1713.00    0.5560687268E+01
   1714.00    0.5378668350E+01
   1715.00    0.5207197595E+01
   1716.00    0.5045448489E+01
   1717.00    0.4892680705E+01
   1718.00    0.4748229290E+01
   1719.00    0.4611495452E+01
   1720.00    0.4481938662E+01
   1721.00    0.4359069869E+01
   1722.00    0.4242445643E+01
   1723.00    0.4131663109E+01
   1724.00    0.4026355544E+01
   1725.00    0.3926188542E+01
   1726.00    0.3830856666E+01
   1727.00    0.3740080516E+01
   1728.00    0.3653604147E+01
   1729.00    0.3571192806E+01
   1730.00    0.3492630926E+01
   1731.00    0.3417720360E+01
   1732.00    0.3346278808E+01
   1733.00    0.3278138429E+01
   1734.00    0.3213144605E+01
   1735.00    0.3151154834E+01
   1736.00    0.3092037751E+01
   1737.00    0.3035672255E+01
   1738.00    0.2981946721E+01
   1739.00    0.2930758308E+01
   1740.00    0.2882012330E+01
   1741.00    0.2835621702E+01
   1742.00    0.2791506441E+01
   1743.00    0.2749593227E+01
   1744.00    0.2709815007E+01
   1745.00    0.2672110647E+01
   1746.00    0.2636424630E+01
   1747.00    0.2602706779E+01
   1748.00    0.2570912032E+01
   1749.00    0.2541000239E+01
   1750.00    0.2512935991E+01
   1751.00    0.2486688483E+01
   1752.00    0.2462231405E+01
   1753.00    0.2439542858E+01
   1754.00    0.2418605299E+01
   1755.00    0.2399405512E+01
   1756.00    0.2381934610E+01
   1757.00    0.2366188060E+01
   1758.00    0.2352165741E+01
   1759.00    0.2339872026E+01
   1760.00    0.2329315903E+01
   1761.00    0.2320511126E+01
   1762.00    0.2313476396E+01
   1763.00    0.2308235594E+01
   1764.00    0.2304818045E+01
   1765.00    0.2303258835E+01
   1766.00    0.2303599179E+01
   1767.00    0.2305886848E+01
   1768.00    0.2310176660E+01
   1769.00    0.2316531049E+01
   1770.00    0.2325020717E+01
   1771.00    0.2335725380E+01
   1772.00    0.2348734630E+01
   1773.00    0.2364148923E+01
   1774.00    0.2382080714E+01
   1775.00    0.2402655767E+01
   1776.00    0.2426014665E+01
   1777.00    0.2452314557E+01
   1778.00    0.2481731182E+01
   1779.00    0.2514461227E+01
   1780.00    0.2550725068E+01
   1781.00    0.2590769987E+01
   1782.00    0.2634873942E+01
   1783.00    0.2683350021E+01
   1784.00    0.2736551699E+01
   1785.00    0.2794879113E+01
   1786.00    0.2858786535E+01
   1787.00    0.2928791367E+01
   1788.00    0.3005484988E+01
   1789.00    0.3089545938E+01
   1790.00    0.3181756021E+01
   1791.00    0.3283020107E+01
   1792.00    0.3394390673E+01
   1793.00    0.3517098402E+01
   1794.00    0.3652590683E+01
   1795.00    0.3802580438E+01
   1796.00    0.3969108613E+01
   1797.00    0.4154624949E+01
   1798.00    0.4362093437E+01
   1799.00    0.4595131572E+01
   1800.00    0.4858196385E+01
   1801.00    0.5156836101E+01
   1802.00    0.5498035104E+01
   1803.00    0.5890693289E+01
   1804.00    0.6346301488E+01
   1805.00    0.6879905957E+01
   1806.00    0.7511501750E+01
   1807.00    0.8268060031E+01
   1808.00    0.9186468347E+01
   1809.00    0.1031767861E+02
   1810.00    0.1173203120E+02
   1811.00    0.1352399027E+02
   1812.00    0.1580768140E+02
   1813.00    0.1867151085E+02
   1814.00    0.2200206860E+02
   1815.00    0.2506988208E+02
   1816.00    0.2634771464E+02
   1817.00    0.2493167296E+02
   1818.00    0.2187565016E+02
   1819.00    0.1864708871E+02
   1820.00    0.1589222062E+02
   1821.00    0.1369580584E+02
   1822.00    0.1196798208E+02
   1823.00    0.1059966046E+02
   1824.00    0.9501388030E+01
   1825.00    0.8606581296E+01
   1826.00    0.7866902991E+01
   1827.00    0.7247254463E+01
   1828.00    0.6721893300E+01
   1829.00    0.6271678810E+01
   1830.00    0.5882167861E+01
   1831.00    0.5542302157E+01
   1832.00    0.5243496741E+01
   1833.00    0.4978999796E+01
   1834.00    0.4743437020E+01
   1835.00    0.4532482895E+01
   1836.00    0.4342620302E+01
   1837.00    0.4170962430E+01
   1838.00    0.4015119209E+01
   1839.00    0.3873095952E+01
   1840.00    0.3743215609E+01
   1841.00    0.3624058506E+01
   1842.00    0.3514415194E+01
   1843.00    0.3413249221E+01
   1844.00    0.3319667491E+01
   1845.00    0.3232896481E+01
   1846.00    0.3152263006E+01
   1847.00    0.3077178567E+01
   1848.00    0.3007126526E+01
   1849.00    0.2941651526E+01
   1850.00    0.2880350724E+01
   1851.00    0.2822866481E+01
   1852.00    0.2768880225E+01
   1853.00    0.2718107299E+01
   1854.00    0.2670292588E+01
   1855.00    0.2625206808E+01
   1856.00    0.2582643335E+01
   1857.00    0.2542415498E+01
   1858.00    0.2504354235E+01
   1859.00    0.2468306082E+01
   1860.00    0.2434131429E+01
   1861.00    0.2401702996E+01
   1862.00    0.2370904519E+01
   1863.00    0.2341629584E+01
   1864.00    0.2313780619E+01
   1865.00    0.2287268002E+01
   1866.00    0.2262009269E+01
   1867.00    0.2237928425E+01
   1868.00    0.2214955323E+01
   1869.00    0.2193025122E+01
   1870.00    0.2172077793E+01
   1871.00    0.2152057690E+01
   1872.00    0.2132913160E+01
   1873.00    0.2114596195E+01
   1874.00    0.2097062116E+01
   1875.00    0.2080269300E+01
   1876.00    0.2064178918E+01
   1877.00    0.2048754711E+01
   1878.00    0.2033962786E+01
   1879.00    0.2019771423E+01
   1880.00    0.2006150908E+01
   1881.00    0.1993073383E+01
   1882.00    0.1980512699E+01
   1883.00    0.1968444293E+01
   1884.00    0.1956845069E+01
   1885.00    0.1945693293E+01
   1886.00    0.1934968496E+01
   1887.00    0.1924651384E+01
   1888.00    0.1914723755E+01
   1889.00    0.1905168428E+01
   1890.00    0.1895969169E+01
   1891.00    0.1887110631E+01
   1892.00    0.1878578293E+01
   1893.00    0.1870358408E+01
   1894.00    0.1862437954E+01
   1895.00    0.1854804586E+01
   1896.00    0.1847446591E+01
   1897.00    0.1840352854E+01
   1898.00    0.1833512820E+01
   1899.00    0.1826916456E+01
   1900.00    0.1820554224E+01
   1901.00    0.1814417051E+01
   1902.00    0.1808496299E+01
   1903.00    0.1802783742E+01
   1904.00    0.1797271544E+01
   1905.00    0.1791952231E+01
   1906.00    0.1786818679E+01
   1907.00    0.1781864085E+01
   1908.00    0.1777081960E+01
   1909.00    0.1772466100E+01
   1910.00    0.1768010582E+01
   1911.00    0.1763709742E+01
   1912.00    0.1759558161E+01
   1913.00    0.1755550658E+01
   1914.00    0.1751682271E+01
   1915.00    0.1747948250E+01
   1916.00    0.1744344045E+01
   1917.00    0.1740865295E+01
   1918.00    0.1737507821E+01
   1919.00    0.1734267613E+01
   1920.00    0.1731140827E+01
   1921.00    0.1728123771E+01
   1922.00    0.1725212902E+01
   1923.00    0.1722404818E+01
   1924.00    0.1719696251E+01
   1925.00    0.1717084060E+01
   1926.00    0.1714565226E+01
   1927.00    0.1712136844E+01
   1928.00    0.1709796124E+01
   1929.00    0.1707540378E+01
   1930.00    0.1705367021E+01
   1931.00    0.1703273563E+01
   1932.00    0.1701257607E+01
   1933.00    0.1699316845E+01
   1934.00    0.1697449051E+01
   1935.00    0.1695652081E+01
   1936.00    0.1693923868E+01
   1937.00    0.1692262420E+01
   1938.00    0.1690665813E+01
   1939.00    0.1689132194E+01
   1940.00    0.1687659772E+01
   1941.00    0.1686246819E+01
   1942.00    0.1684891669E+01
   1943.00    0.1683592711E+01
   1944.00    0.1682348388E+01
   1945.00    0.1681157198E+01
   1946.00    0.1680017690E+01
   1947.00    0.1678928458E+01
   1948.00    0.1677888146E+01
   1949.00    0.1676895443E+01
   1950.00    0.1675949078E+01
   1951.00    0.1675047825E+01
   1952.00    0.1674190495E+01
   1953.00    0.1673375940E+01
   1954.00    0.1672603047E+01
   1955.00    0.1671870739E+01
   1956.00    0.1671177972E+01
   1957.00    0.1670523738E+01
   1958.00    0.1669907058E+01
   1959.00    0.1669326984E+01
   1960.00    0.1668782598E+01
   1961.00    0.1668273010E+01
   1962.00    0.1667797357E+01
   1963.00    0.1667354803E+01
   1964.00    0.1666944538E+01
   1965.00    0.1666565775E+01
   1966.00    0.1666217751E+01
   1967.00    0.1665899726E+01
   1968.00    0.1665610983E+01
   1969.00    0.1665350825E+01
   1970.00    0.1665118575E+01
   1971.00    0.1664913578E+01
   1972.00    0.1664735197E+01
   1973.00    0.1664582813E+01
   1974.00    0.1664455825E+01
   1975.00    0.1664353650E+01
   1976.00    0.1664275721E+01
   1977.00    0.1664221488E+01
   1978.00    0.1664190416E+01
   1979.00    0.1664181985E+01
   1980.00    0.1664195690E+01
   1981.00    0.1664231040E+01
   1982.00    0.1664287558E+01
   1983.00    0.1664364780E+01
   1984.00    0.1664462255E+01
   1985.00    0.1664579543E+01
   1986.00    0.1664716219E+01
   1987.00    0.1664871866E+01
   1988.00    0.1665046083E+01
   1989.00    0.1665238474E+01
   1990.00    0.1665448660E+01
   1991.00    0.1665676266E+01
   1992.00    0.1665920932E+01
   1993.00    0.1666182306E+01
   1994.00    0.1666460044E+01
   1995.00    0.1666753812E+01
   1996.00    0.1667063286E+01
   1997.00    0.1667388149E+01
   1998.00    0.1667728092E+01
   1999.00    0.1668082816E+01
   2000.00    0.1668452029E+01
   2001.00    0.1668835445E+01
   2002.00    0.1669232788E+01
   2003.00    0.1669643786E+01
   2004.00    0.1670068177E+01
   2005.00    0.1670505704E+01
   2006.00    0.1670956118E+01
   2007.00    0.1671419173E+01
   2008.00    0.1671894634E+01
   2009.00    0.1672382269E+01
   2010.00    0.1672881851E+01
   2011.00    0.1673393161E+01
   2012.00    0.1673915984E+01
   2013.00    0.1674450112E+01
   2014.00    0.1674995340E+01
   2015.00    0.1675551470E+01
   2016.00    0.1676118307E+01
   2017.00    0.1676695663E+01
   2018.00    0.1677283353E+01
   2019.00    0.1677881197E+01
   2020.00    0.1678489020E+01
   2021.00    0.1679106650E+01
   2022.00    0.1679733921E+01
   2023.00    0.1680370669E+01
   2024.00    0.1681016735E+01
   2025.00    0.1681671965E+01
   2026.00    0.1682336206E+01
   2027.00    0.1683009312E+01
   2028.00    0.1683691137E+01
   2029.00    0.1684381541E+01
   2030.00    0.1685080386E+01
   2031.00    0.1685787540E+01
   2032.00    0.1686502870E+01
   2033.00    0.1687226248E+01
   2034.00    0.1687957551E+01
   2035.00    0.1688696657E+01
   2036.00    0.1689443445E+01
   2037.00    0.1690197801E+01
   2038.00    0.1690959611E+01
   2039.00    0.1691728765E+01
   2040.00    0.1692505154E+01
   2041.00    0.1693288672E+01
   2042.00    0.1694079218E+01
   2043.00    0.1694876689E+01
   2044.00    0.1695680989E+01
   2045.00    0.1696492020E+01
   2046.00    0.1697309690E+01
   2047.00    0.1698133906E+01
   2048.00    0.1698964579E+01
   2049.00    0.1699801623E+01
   2050.00    0.1700644951E+01
   2051.00    0.1701494480E+01
   2052.00    0.1702350129E+01
   2053.00    0.1703211819E+01
   2054.00    0.1704079472E+01
   2055.00    0.1704953012E+01
   2056.00    0.1705832365E+01
   2057.00    0.1706717458E+01
   2058.00    0.1707608221E+01
   2059.00    0.1708504586E+01
   2060.00    0.1709406483E+01
   2061.00    0.1710313849E+01
   2062.00    0.1711226617E+01
   2063.00    0.1712144727E+01
   2064.00    0.1713068115E+01
   2065.00    0.1713996722E+01
   2066.00    0.1714930489E+01
   2067.00    0.1715869360E+01
   2068.00    0.1716813278E+01
   2069.00    0.1717762189E+01
   2070.00    0.1718716039E+01
   2071.00    0.1719674777E+01
   2072.00    0.1720638351E+01
   2073.00    0.1721606712E+01
   2074.00    0.1722579811E+01
   2075.00    0.1723557601E+01
   2076.00    0.1724540035E+01
   2077.00    0.1725527069E+01
   2078.00    0.1726518658E+01
   2079.00    0.1727514759E+01
   2080.00    0.1728515330E+01
   2081.00    0.1729520330E+01
   2082.00    0.1730529719E+01
   2083.00    0.1731543457E+01
   2084.00    0.1732561507E+01
   2085.00    0.1733583831E+01
   2086.00    0.1734610392E+01
   2087.00    0.1735641156E+01
   2088.00    0.1736676086E+01
   2089.00    0.1737715151E+01
   2090.00    0.1738758316E+01
   2091.00    0.1739805549E+01
   2092.00    0.1740856818E+01
   2093.00    0.1741912094E+01
   2094.00    0.1742971345E+01
   2095.00    0.1744034544E+01
   2096.00    0.1745101660E+01
   2097.00    0.1746172667E+01
   2098.00    0.1747247538E+01
   2099.00    0.1748326246E+01
   2100.00    0.1749408765E+01
   2101.00    0.1750495070E+01
   2102.00    0.1751585136E+01
   2103.00    0.1752678941E+01
   2104.00    0.1753776460E+01
   2105.00    0.1754877671E+01
   2106.00    0.1755982552E+01
   2107.00    0.1757091082E+01
   2108.00    0.1758203239E+01
   2109.00    0.1759319003E+01
   2110.00    0.1760438355E+01
   2111.00    0.1761561275E+01
   2112.00    0.1762687744E+01
   2113.00    0.1763817745E+01
   2114.00    0.1764951259E+01
   2115.00    0.1766088269E+01
   2116.00    0.1767228759E+01
   2117.00    0.1768372712E+01
   2118.00    0.1769520112E+01
   2119.00    0.1770670944E+01
   2120.00    0.1771825194E+01
   2121.00    0.1772982846E+01
   2122.00    0.1774143887E+01
   2123.00    0.1775308302E+01
   2124.00    0.1776476080E+01
   2125.00    0.1777647206E+01
   2126.00    0.1778821669E+01
   2127.00    0.1779999457E+01
   2128.00    0.1781180557E+01
   2129.00    0.1782364960E+01
   2130.00    0.1783552653E+01
   2131.00    0.1784743626E+01
   2132.00    0.1785937870E+01
   2133.00    0.1787135375E+01
   2134.00    0.1788336130E+01
   2135.00    0.1789540127E+01
   2136.00    0.1790747358E+01
   2137.00    0.1791957813E+01
   2138.00    0.1793171485E+01
   2139.00    0.1794388365E+01
   2140.00    0.1795608447E+01
   2141.00    0.1796831723E+01
   2142.00    0.1798058186E+01
   2143.00    0.1799287830E+01
   2144.00    0.1800520648E+01
   2145.00    0.1801756635E+01
   2146.00    0.1802995784E+01
   2147.00    0.1804238091E+01
   2148.00    0.1805483549E+01
   2149.00    0.1806732155E+01
   2150.00    0.1807983903E+01
   2151.00    0.1809238789E+01
   2152.00    0.1810496810E+01
   2153.00    0.1811757960E+01
   2154.00    0.1813022236E+01
   2155.00    0.1814289636E+01
   2156.00    0.1815560156E+01
   2157.00    0.1816833792E+01
   2158.00    0.1818110543E+01
   2159.00    0.1819390406E+01
   2160.00    0.1820673378E+01
   2161.00    0.1821959458E+01
   2162.00    0.1823248643E+01
   2163.00    0.1824540933E+01
   2164.00    0.1825836326E+01
   2165.00    0.1827134820E+01
   2166.00    0.1828436415E+01
   2167.00    0.1829741110E+01
   2168.00    0.1831048904E+01
   2169.00    0.1832359797E+01
   2170.00    0.1833673790E+01
   2171.00    0.1834990881E+01
   2172.00    0.1836311071E+01
   2173.00    0.1837634361E+01
   2174.00    0.1838960751E+01
   2175.00    0.1840290241E+01
   2176.00    0.1841622834E+01
   2177.00    0.1842958529E+01
   2178.00    0.1844297329E+01
   2179.00    0.1845639234E+01
   2180.00    0.1846984246E+01
   2181.00    0.1848332368E+01
   2182.00    0.1849683600E+01
   2183.00    0.1851037946E+01
   2184.00    0.1852395407E+01
   2185.00    0.1853755986E+01
   2186.00    0.1855119686E+01
   2187.00    0.1856486508E+01
   2188.00    0.1857856457E+01
   2189.00    0.1859229535E+01
   2190.00    0.1860605745E+01
   2191.00    0.1861985091E+01
   2192.00    0.1863367576E+01
   2193.00    0.1864753204E+01
   2194.00    0.1866141978E+01
   2195.00    0.1867533903E+01
   2196.00    0.1868928982E+01
   2197.00    0.1870327221E+01
   2198.00    0.1871728622E+01
   2199.00    0.1873133191E+01
   2200.00    0.1874540931E+01
   2201.00    0.1875951849E+01
   2202.00    0.1877365948E+01
   2203.00    0.1878783235E+01
   2204.00    0.1880203712E+01
   2205.00    0.1881627387E+01
   2206.00    0.1883054264E+01
   2207.00    0.1884484349E+01
   2208.00    0.1885917648E+01
   2209.00    0.1887354166E+01
   2210.00    0.1888793908E+01
   2211.00    0.1890236882E+01
   2212.00    0.1891683093E+01
   2213.00    0.1893132547E+01
   2214.00    0.1894585251E+01
   2215.00    0.1896041210E+01
   2216.00    0.1897500433E+01
   2217.00    0.1898962924E+01
   2218.00    0.1900428692E+01
   2219.00    0.1901897742E+01
   2220.00    0.1903370083E+01
   2221.00    0.1904845720E+01
   2222.00    0.1906324661E+01
   2223.00    0.1907806914E+01
   2224.00    0.1909292486E+01
   2225.00    0.1910781385E+01
   2226.00    0.1912273617E+01
   2227.00    0.1913769191E+01
   2228.00    0.1915268115E+01
   2229.00    0.1916770397E+01
   2230.00    0.1918276044E+01
   2231.00    0.1919785065E+01
   2232.00    0.1921297469E+01
   2233.00    0.1922813262E+01
   2234.00    0.1924332455E+01
   2235.00    0.1925855055E+01
   2236.00    0.1927381071E+01
   2237.00    0.1928910512E+01
   2238.00    0.1930443387E+01
   2239.00    0.1931979704E+01
   2240.00    0.1933519473E+01
   2241.00    0.1935062703E+01
   2242.00    0.1936609403E+01
   2243.00    0.1938159583E+01
   2244.00    0.1939713251E+01
   2245.00    0.1941270418E+01
   2246.00    0.1942831092E+01
   2247.00    0.1944395285E+01
   2248.00    0.1945963005E+01
   2249.00    0.1947534262E+01
   2250.00    0.1949109067E+01
   2251.00    0.1950687430E+01
   2252.00    0.1952269360E+01
   2253.00    0.1953854868E+01
   2254.00    0.1955443964E+01
   2255.00    0.1957036659E+01
   2256.00    0.1958632964E+01
   2257.00    0.1960232888E+01
   2258.00    0.1961836444E+01
   2259.00    0.1963443641E+01
   2260.00    0.1965054490E+01
   2261.00    0.1966669003E+01
   2262.00    0.1968287190E+01
   2263.00    0.1969909063E+01
   2264.00    0.1971534633E+01
   2265.00    0.1973163912E+01
   2266.00    0.1974796910E+01
   2267.00    0.1976433640E+01
   2268.00    0.1978074112E+01
   2269.00    0.1979718340E+01
   2270.00    0.1981366334E+01
   2271.00    0.1983018106E+01
   2272.00    0.1984673669E+01
   2273.00    0.1986333035E+01
   2274.00    0.1987996215E+01
   2275.00    0.1989663222E+01
   2276.00    0.1991334068E+01
   2277.00    0.1993008767E+01
   2278.00    0.1994687329E+01
   2279.00    0.1996369769E+01
   2280.00    0.1998056098E+01
   2281.00    0.1999746329E+01
   2282.00    0.2001440476E+01
   2283.00    0.2003138551E+01
   2284.00    0.2004840567E+01
   2285.00    0.2006546538E+01
   2286.00    0.2008256477E+01
   2287.00    0.2009970396E+01
   2288.00    0.2011688310E+01
   2289.00    0.2013410232E+01
   2290.00    0.2015136176E+01
   2291.00    0.2016866155E+01
   2292.00    0.2018600183E+01
   2293.00    0.2020338275E+01
   2294.00    0.2022080443E+01
   2295.00    0.2023826702E+01
   2296.00    0.2025577066E+01
   2297.00    0.2027331550E+01
   2298.00    0.2029090167E+01
   2299.00    0.2030852933E+01
   2300.00    0.2032619861E+01
   2301.00    0.2034390966E+01
   2302.00    0.2036166264E+01
   2303.00    0.2037945768E+01
   2304.00    0.2039729494E+01
   2305.00    0.2041517456E+01
   2306.00    0.2043309670E+01
   2307.00    0.2045106151E+01
   2308.00    0.2046906914E+01
   2309.00    0.2048711975E+01
   2310.00    0.2050521349E+01
   2311.00    0.2052335051E+01
   2312.00    0.2054153097E+01
   2313.00    0.2055975503E+01
   2314.00    0.2057802285E+01
   2315.00    0.2059633459E+01
   2316.00    0.2061469040E+01
   2317.00    0.2063309045E+01
   2318.00    0.2065153489E+01
   2319.00    0.2067002391E+01
   2320.00    0.2068855764E+01
   2321.00    0.2070713628E+01
   2322.00    0.2072575997E+01
   2323.00    0.2074442888E+01
   2324.00    0.2076314319E+01
   2325.00    0.2078190306E+01
   2326.00    0.2080070867E+01
   2327.00    0.2081956018E+01
   2328.00    0.2083845776E+01
   2329.00    0.2085740160E+01
   2330.00    0.2087639186E+01
   2331.00    0.2089542872E+01
   2332.00    0.2091451235E+01
   2333.00    0.2093364294E+01
   2334.00    0.2095282065E+01
   2335.00    0.2097204568E+01
   2336.00    0.2099131820E+01
   2337.00    0.2101063838E+01
   2338.00    0.2103000643E+01
   2339.00    0.2104942251E+01
   2340.00    0.2106888682E+01
   2341.00    0.2108839953E+01
   2342.00    0.2110796084E+01
   2343.00    0.2112757093E+01
   2344.00    0.2114723000E+01
   2345.00    0.2116693823E+01
   2346.00    0.2118669581E+01
   2347.00    0.2120650294E+01
   2348.00    0.2122635981E+01
   2349.00    0.2124626661E+01
   2350.00    0.2126622354E+01
   2351.00    0.2128623081E+01
   2352.00    0.2130628859E+01
   2353.00    0.2132639710E+01
   2354.00    0.2134655654E+01
   2355.00    0.2136676710E+01
   2356.00    0.2138702899E+01
   2357.00    0.2140734242E+01
   2358.00    0.2142770758E+01
   2359.00    0.2144812469E+01
   2360.00    0.2146859395E+01
   2361.00    0.2148911557E+01
   2362.00    0.2150968976E+01
   2363.00    0.2153031673E+01
   2364.00    0.2155099670E+01
   2365.00    0.2157172987E+01
   2366.00    0.2159251647E+01
   2367.00    0.2161335670E+01
   2368.00    0.2163425079E+01
   2369.00    0.2165519895E+01
   2370.00    0.2167620141E+01
   2371.00    0.2169725838E+01
   2372.00    0.2171837009E+01
   2373.00    0.2173953677E+01
   2374.00    0.2176075863E+01
   2375.00    0.2178203590E+01
   2376.00    0.2180336881E+01
   2377.00    0.2182475760E+01
   2378.00    0.2184620248E+01
   2379.00    0.2186770369E+01
   2380.00    0.2188926148E+01
   2381.00    0.2191087606E+01
   2382.00    0.2193254767E+01
   2383.00    0.2195427656E+01
   2384.00    0.2197606296E+01
   2385.00    0.2199790711E+01
   2386.00    0.2201980925E+01
   2387.00    0.2204176963E+01
   2388.00    0.2206378850E+01
   2389.00    0.2208586608E+01
   2390.00    0.2210800264E+01
   2391.00    0.2213019842E+01
   2392.00    0.2215245368E+01
   2393.00    0.2217476865E+01
   2394.00    0.2219714361E+01
   2395.00    0.2221957880E+01
   2396.00    0.2224207447E+01
   2397.00    0.2226463089E+01
   2398.00    0.2228724832E+01
   2399.00    0.2230992701E+01
   2400.00    0.2233266723E+01
   2401.00    0.2235546924E+01
   2402.00    0.2237833331E+01
   2403.00    0.2240125970E+01
   2404.00    0.2242424869E+01
   2405.00    0.2244730054E+01
   2406.00    0.2247041553E+01
   2407.00    0.2249359393E+01
   2408.00    0.2251683601E+01
   2409.00    0.2254014206E+01
   2410.00    0.2256351235E+01
   2411.00    0.2258694715E+01
   2412.00    0.2261044676E+01
   2413.00    0.2263401146E+01
   2414.00    0.2265764153E+01
   2415.00    0.2268133727E+01
   2416.00    0.2270509895E+01
   2417.00    0.2272892686E+01
   2418.00    0.2275282132E+01
   2419.00    0.2277678260E+01
   2420.00    0.2280081100E+01
   2421.00    0.2282490682E+01
   2422.00    0.2284907036E+01
   2423.00    0.2287330193E+01
   2424.00    0.2289760182E+01
   2425.00    0.2292197035E+01
   2426.00    0.2294640781E+01
   2427.00    0.2297091452E+01
   2428.00    0.2299549079E+01
   2429.00    0.2302013693E+01
   2430.00    0.2304485326E+01
   2431.00    0.2306964010E+01
   2432.00    0.2309449776E+01
   2433.00    0.2311942656E+01
   2434.00    0.2314442683E+01
   2435.00    0.2316949890E+01
   2436.00    0.2319464308E+01
   2437.00    0.2321985972E+01
   2438.00    0.2324514914E+01
   2439.00    0.2327051166E+01
   2440.00    0.2329594764E+01
   2441.00    0.2332145741E+01
   2442.00    0.2334704131E+01
   2443.00    0.2337269967E+01
   2444.00    0.2339843284E+01
   2445.00    0.2342424118E+01
   2446.00    0.2345012503E+01
   2447.00    0.2347608473E+01
   2448.00    0.2350212064E+01
   2449.00    0.2352823313E+01
   2450.00    0.2355442254E+01
   2451.00    0.2358068923E+01
   2452.00    0.2360703357E+01
   2453.00    0.2363345592E+01
   2454.00    0.2365995666E+01
   2455.00    0.2368653614E+01
   2456.00    0.2371319474E+01
   2457.00    0.2373993284E+01
   2458.00    0.2376675080E+01
   2459.00    0.2379364902E+01
   2460.00    0.2382062787E+01
   2461.00    0.2384768774E+01
   2462.00    0.2387482901E+01
   2463.00    0.2390205207E+01
   2464.00    0.2392935731E+01
   2465.00    0.2395674514E+01
   2466.00    0.2398421594E+01
   2467.00    0.2401177011E+01
   2468.00    0.2403940807E+01
   2469.00    0.2406713020E+01
   2470.00    0.2409493693E+01
   2471.00    0.2412282865E+01
   2472.00    0.2415080579E+01
   2473.00    0.2417886877E+01
   2474.00    0.2420701799E+01
   2475.00    0.2423525388E+01
   2476.00    0.2426357686E+01
   2477.00    0.2429198737E+01
   2478.00    0.2432048583E+01
   2479.00    0.2434907268E+01
   2480.00    0.2437774835E+01
   2481.00    0.2440651328E+01
   2482.00    0.2443536791E+01
   2483.00    0.2446431269E+01
   2484.00    0.2449334807E+01
   2485.00    0.2452247450E+01
   2486.00    0.2455169243E+01
   2487.00    0.2458100232E+01
   2488.00    0.2461040463E+01
   2489.00    0.2463989983E+01
   2490.00    0.2466948838E+01
   2491.00    0.2469917075E+01
   2492.00    0.2472894741E+01
   2493.00    0.2475881885E+01
   2494.00    0.2478878554E+01
   2495.00    0.2481884797E+01
   2496.00    0.2484900662E+01
   2497.00    0.2487926199E+01
   2498.00    0.2490961457E+01
   2499.00    0.2494006485E+01
   2500.00    0.2497061334E+01
   2501.00    0.2500126054E+01
   2502.00    0.2503200696E+01
   2503.00    0.2506285311E+01
   2504.00    0.2509379951E+01
   2505.00    0.2512484668E+01
   2506.00    0.2515599513E+01
   2507.00    0.2518724540E+01
   2508.00    0.2521859802E+01
   2509.00    0.2525005351E+01
   2510.00    0.2528161242E+01
   2511.00    0.2531327530E+01
   2512.00    0.2534504268E+01
   2513.00    0.2537691511E+01
   2514.00    0.2540889316E+01
   2515.00    0.2544097737E+01
   2516.00    0.2547316831E+01
   2517.00    0.2550546655E+01
   2518.00    0.2553787265E+01
   2519.00    0.2557038720E+01
   2520.00    0.2560301076E+01
   2521.00    0.2563574393E+01
   2522.00    0.2566858728E+01
   2523.00    0.2570154142E+01
   2524.00    0.2573460693E+01
   2525.00    0.2576778442E+01
   2526.00    0.2580107450E+01
   2527.00    0.2583447776E+01
   2528.00    0.2586799483E+01
   2529.00    0.2590162633E+01
   2530.00    0.2593537288E+01
   2531.00    0.2596923510E+01
   2532.00    0.2600321363E+01
   2533.00    0.2603730911E+01
   2534.00    0.2607152218E+01
   2535.00    0.2610585349E+01
   2536.00    0.2614030368E+01
   2537.00    0.2617487342E+01
   2538.00    0.2620956337E+01
   2539.00    0.2624437420E+01
   2540.00    0.2627930657E+01
   2541.00    0.2631436118E+01
   2542.00    0.2634953869E+01
   2543.00    0.2638483980E+01
   2544.00    0.2642026520E+01
   2545.00    0.2645581559E+01
   2546.00    0.2649149167E+01
   2547.00    0.2652729416E+01
   2548.00    0.2656322377E+01
   2549.00    0.2659928122E+01
   2550.00    0.2663546724E+01
   2551.00    0.2667178256E+01
   2552.00    0.2670822792E+01
   2553.00    0.2674480407E+01
   2554.00    0.2678151174E+01
   2555.00    0.2681835171E+01
   2556.00    0.2685532473E+01
   2557.00    0.2689243156E+01
   2558.00    0.2692967299E+01
   2559.00    0.2696704980E+01
   2560.00    0.2700456276E+01
   2561.00    0.2704221268E+01
   2562.00    0.2708000036E+01
   2563.00    0.2711792659E+01
   2564.00    0.2715599220E+01
   2565.00    0.2719419799E+01
   2566.00    0.2723254481E+01
   2567.00    0.2727103347E+01
   2568.00    0.2730966483E+01
   2569.00    0.2734843971E+01
   2570.00    0.2738735899E+01
   2571.00    0.2742642352E+01
   2572.00    0.2746563416E+01
   2573.00    0.2750499179E+01
   2574.00    0.2754449730E+01
   2575.00    0.2758415156E+01
   2576.00    0.2762395549E+01
   2577.00    0.2766390998E+01
   2578.00    0.2770401594E+01
   2579.00    0.2774427429E+01
   2580.00    0.2778468597E+01
   2581.00    0.2782525190E+01
   2582.00    0.2786597302E+01
   2583.00    0.2790685030E+01
   2584.00    0.2794788468E+01
   2585.00    0.2798907714E+01
   2586.00    0.2803042865E+01
   2587.00    0.2807194018E+01
   2588.00    0.2811361275E+01
   2589.00    0.2815544734E+01
   2590.00    0.2819744496E+01
   2591.00    0.2823960664E+01
   2592.00    0.2828193339E+01
   2593.00    0.2832442626E+01
   2594.00    0.2836708629E+01
   2595.00    0.2840991453E+01
   2596.00    0.2845291205E+01
   2597.00    0.2849607991E+01
   2598.00    0.2853941920E+01
   2599.00    0.2858293102E+01
   2600.00    0.2862661645E+01
   2601.00    0.2867047662E+01
   2602.00    0.2871451264E+01
   2603.00    0.2875872564E+01
   2604.00    0.2880311676E+01
   2605.00    0.2884768716E+01
   2606.00    0.2889243799E+01
   2607.00    0.2893737042E+01
   2608.00    0.2898248565E+01
   2609.00    0.2902778485E+01
   2610.00    0.2907326923E+01
   2611.00    0.2911894002E+01
   2612.00    0.2916479842E+01
   2613.00    0.2921084568E+01
   2614.00    0.2925708305E+01
   2615.00    0.2930351178E+01
   2616.00    0.2935013315E+01
   2617.00    0.2939694844E+01
   2618.00    0.2944395894E+01
   2619.00    0.2949116596E+01
   2620.00    0.2953857081E+01
   2621.00    0.2958617483E+01
   2622.00    0.2963397936E+01
   2623.00    0.2968198576E+01
   2624.00    0.2973019539E+01
   2625.00    0.2977860963E+01
   2626.00    0.2982722988E+01
   2627.00    0.2987605755E+01
   2628.00    0.2992509405E+01
   2629.00    0.2997434082E+01
   2630.00    0.3002379931E+01
   2631.00    0.3007347098E+01
   2632.00    0.3012335730E+01
   2633.00    0.3017345976E+01
   2634.00    0.3022377987E+01
   2635.00    0.3027431915E+01
   2636.00    0.3032507912E+01
   2637.00    0.3037606134E+01
   2638.00    0.3042726736E+01
   2639.00    0.3047869878E+01
   2640.00    0.3053035717E+01
   2641.00    0.3058224415E+01
   2642.00    0.3063436135E+01
   2643.00    0.3068671039E+01
   2644.00    0.3073929295E+01
   2645.00    0.3079211070E+01
   2646.00    0.3084516532E+01
   2647.00    0.3089845852E+01
   2648.00    0.3095199202E+01
   2649.00    0.3100576757E+01
   2650.00    0.3105978692E+01
   2651.00    0.3111405186E+01
   2652.00    0.3116856417E+01
   2653.00    0.3122332567E+01
   2654.00    0.3127833818E+01
   2655.00    0.3133360356E+01
   2656.00    0.3138912367E+01
   2657.00    0.3144490041E+01
   2658.00    0.3150093567E+01
   2659.00    0.3155723139E+01
   2660.00    0.3161378950E+01
   2661.00    0.3167061198E+01
   2662.00    0.3172770082E+01
   2663.00    0.3178505801E+01
   2664.00    0.3184268559E+01
   2665.00    0.3190058560E+01
   2666.00    0.3195876013E+01
   2667.00    0.3201721125E+01
   2668.00    0.3207594108E+01
   2669.00    0.3213495176E+01
   2670.00    0.3219424545E+01
   2671.00    0.3225382433E+01
   2672.00    0.3231369061E+01
   2673.00    0.3237384652E+01
   2674.00    0.3243429430E+01
   2675.00    0.3249503624E+01
   2676.00    0.3255607464E+01
   2677.00    0.3261741182E+01
   2678.00    0.3267905014E+01
   2679.00    0.3274099197E+01
   2680.00    0.3280323972E+01
   2681.00    0.3286579582E+01
   2682.00    0.3292866271E+01
   2683.00    0.3299184290E+01
   2684.00    0.3305533888E+01
   2685.00    0.3311915320E+01
   2686.00    0.3318328842E+01
   2687.00    0.3324774714E+01
   2688.00    0.3331253198E+01
   2689.00    0.3337764559E+01
   2690.00    0.3344309067E+01
   2691.00    0.3350886992E+01
   2692.00    0.3357498608E+01
   2693.00    0.3364144194E+01
   2694.00    0.3370824030E+01
   2695.00    0.3377538399E+01
   2696.00    0.3384287590E+01
   2697.00    0.3391071892E+01
   2698.00    0.3397891599E+01
   2699.00    0.3404747009E+01
   2700.00    0.3411638422E+01
   2701.00    0.3418566142E+01
   2702.00    0.3425530477E+01
   2703.00    0.3432531737E+01
   2704.00    0.3439570239E+01
   2705.00    0.3446646301E+01
   2706.00    0.3453760244E+01
   2707.00    0.3460912395E+01
   2708.00    0.3468103085E+01
   2709.00    0.3475332646E+01
   2710.00    0.3482601418E+01
   2711.00    0.3489909742E+01
   2712.00    0.3497257964E+01
   2713.00    0.3504646435E+01
   2714.00    0.3512075508E+01
   2715.00    0.3519545544E+01
   2716.00    0.3527056904E+01
   2717.00    0.3534609958E+01
   2718.00    0.3542205076E+01
   2719.00    0.3549842636E+01
   2720.00    0.3557523019E+01
   2721.00    0.3565246611E+01
   2722.00    0.3573013803E+01
   2723.00    0.3580824991E+01
   2724.00    0.3588680576E+01
   2725.00    0.3596580962E+01
   2726.00    0.3604526562E+01
   2727.00    0.3612517790E+01
   2728.00    0.3620555069E+01
   2729.00    0.3628638825E+01
   2730.00    0.3636769490E+01
   2731.00    0.3644947502E+01
   2732.00    0.3653173303E+01
   2733.00    0.3661447343E+01
   2734.00    0.3669770077E+01
   2735.00    0.3678141965E+01
   2736.00    0.3686563474E+01
   2737.00    0.3695035076E+01
   2738.00    0.3703557251E+01
   2739.00    0.3712130483E+01
   2740.00    0.3720755264E+01
   2741.00    0.3729432093E+01
   2742.00    0.3738161474E+01
   2743.00    0.3746943918E+01
   2744.00    0.3755779944E+01
   2745.00    0.3764670078E+01
   2746.00    0.3773614850E+01
   2747.00    0.3782614801E+01
   2748.00    0.3791670479E+01
   2749.00    0.3800782436E+01
   2750.00    0.3809951235E+01
   2751.00    0.3819177445E+01
   2752.00    0.3828461645E+01
   2753.00    0.3837804418E+01
   2754.00    0.3847206360E+01
   2755.00    0.3856668071E+01
   2756.00    0.3866190161E+01
   2757.00    0.3875773250E+01
   2758.00    0.3885417965E+01
   2759.00    0.3895124942E+01
   2760.00    0.3904894826E+01
   2761.00    0.3914728272E+01
   2762.00    0.3924625943E+01
   2763.00    0.3934588513E+01
   2764.00    0.3944616666E+01
   2765.00    0.3954711093E+01
   2766.00    0.3964872497E+01
   2767.00    0.3975101593E+01
   2768.00    0.3985399103E+01
   2769.00    0.3995765761E+01
   2770.00    0.4006202313E+01
   2771.00    0.4016709514E+01
   2772.00    0.4027288131E+01
   2773.00    0.4037938944E+01
   2774.00    0.4048662742E+01
   2775.00    0.4059460327E+01
   2776.00    0.4070332514E+01
   2777.00    0.4081280129E+01
   2778.00    0.4092304011E+01
   2779.00    0.4103405012E+01
   2780.00    0.4114583996E+01
   2781.00    0.4125841842E+01
   2782.00    0.4137179441E+01
   2783.00    0.4148597699E+01
   2784.00    0.4160097535E+01
   2785.00    0.4171679884E+01
   2786.00    0.4183345693E+01
   2787.00    0.4195095926E+01
   2788.00    0.4206931562E+01
   2789.00    0.4218853595E+01
   2790.00    0.4230863035E+01
   2791.00    0.4242960908E+01
   2792.00    0.4255148257E+01
   2793.00    0.4267426142E+01
   2794.00    0.4279795639E+01
   2795.00    0.4292257841E+01
   2796.00    0.4304813863E+01
   2797.00    0.4317464832E+01
   2798.00    0.4330211900E+01
   2799.00    0.4343056232E+01
   2800.00    0.4355999018E+01
   2801.00    0.4369041463E+01
   2802.00    0.4382184796E+01
   2803.00    0.4395430264E+01
   2804.00    0.4408779136E+01
   2805.00    0.4422232704E+01
   2806.00    0.4435792279E+01
   2807.00    0.4449459198E+01
   2808.00    0.4463234818E+01
   2809.00    0.4477120522E+01
   2810.00    0.4491117714E+01
   2811.00    0.4505227824E+01
   2812.00    0.4519452309E+01
   2813.00    0.4533792649E+01
   2814.00    0.4548250350E+01
   2815.00    0.4562826948E+01
   2816.00    0.4577524002E+01
   2817.00    0.4592343102E+01
   2818.00    0.4607285866E+01
   2819.00    0.4622353941E+01
   2820.00    0.4637549003E+01
   2821.00    0.4652872761E+01
   2822.00    0.4668326953E+01
   2823.00    0.4683913351E+01
   2824.00    0.4699633757E+01
   2825.00    0.4715490009E+01
   2826.00    0.4731483980E+01
   2827.00    0.4747617576E+01
   2828.00    0.4763892739E+01
   2829.00    0.4780311450E+01
   2830.00    0.4796875726E+01
   2831.00    0.4813587623E+01
   2832.00    0.4830449237E+01
   2833.00    0.4847462704E+01
   2834.00    0.4864630202E+01
   2835.00    0.4881953952E+01
   2836.00    0.4899436218E+01
   2837.00    0.4917079307E+01
   2838.00    0.4934885576E+01
   2839.00    0.4952857425E+01
   2840.00    0.4970997304E+01
   2841.00    0.4989307712E+01
   2842.00    0.5007791199E+01
   2843.00    0.5026450366E+01
   2844.00    0.5045287868E+01
   2845.00    0.5064306415E+01
   2846.00    0.5083508772E+01
   2847.00    0.5102897763E+01
   2848.00    0.5122476268E+01
   2849.00    0.5142247231E+01
   2850.00    0.5162213657E+01
   2851.00    0.5182378614E+01
   2852.00    0.5202745236E+01
   2853.00    0.5223316726E+01
   2854.00    0.5244096353E+01
   2855.00    0.5265087459E+01
   2856.00    0.5286293460E+01
   2857.00    0.5307717844E+01
   2858.00    0.5329364180E+01
   2859.00    0.5351236111E+01
   2860.00    0.5373337367E+01
   2861.00    0.5395671759E+01
   2862.00    0.5418243183E+01
   2863.00    0.5441055626E+01
   2864.00    0.5464113165E+01
   2865.00    0.5487419970E+01
   2866.00    0.5510980310E+01
   2867.00    0.5534798549E+01
   2868.00    0.5558879158E+01
   2869.00    0.5583226711E+01
   2870.00    0.5607845889E+01
   2871.00    0.5632741487E+01
   2872.00    0.5657918413E+01
   2873.00    0.5683381695E+01
   2874.00    0.5709136483E+01
   2875.00    0.5735188051E+01
   2876.00    0.5761541805E+01
   2877.00    0.5788203282E+01
   2878.00    0.5815178160E+01
   2879.00    0.5842472257E+01
   2880.00    0.5870091538E+01
   2881.00    0.5898042119E+01
   2882.00    0.5926330275E+01
   2883.00    0.5954962437E+01
   2884.00    0.5983945208E+01
   2885.00    0.6013285360E+01
   2886.00    0.6042989842E+01
   2887.00    0.6073065788E+01
   2888.00    0.6103520521E+01
   2889.00    0.6134361559E+01
   2890.00    0.6165596624E+01
   2891.00    0.6197233648E+01
   2892.00    0.6229280776E+01
   2893.00    0.6261746381E+01
   2894.00    0.6294639066E+01
   2895.00    0.6327967673E+01
   2896.00    0.6361741295E+01
   2897.00    0.6395969279E+01
   2898.00    0.6430661242E+01
   2899.00    0.6465827073E+01
   2900.00    0.6501476950E+01
   2901.00    0.6537621346E+01
   2902.00    0.6574271042E+01
   2903.00    0.6611437136E+01
   2904.00    0.6649131058E+01
   2905.00    0.6687364582E+01
   2906.00    0.6726149835E+01
   2907.00    0.6765499316E+01
   2908.00    0.6805425907E+01
   2909.00    0.6845942888E+01
   2910.00    0.6887063955E+01
   2911.00    0.6928803232E+01
   2912.00    0.6971175294E+01
   2913.00    0.7014195177E+01
   2914.00    0.7057878406E+01
   2915.00    0.7102241008E+01
   2916.00    0.7147299533E+01
   2917.00    0.7193071081E+01
   2918.00    0.7239573318E+01
   2919.00    0.7286824505E+01
   2920.00    0.7334843521E+01
   2921.00    0.7383649889E+01
   2922.00    0.7433263804E+01
   2923.00    0.7483706166E+01
   2924.00    0.7534998604E+01
   2925.00    0.7587163513E+01
   2926.00    0.7640224088E+01
   2927.00    0.7694204359E+01
   2928.00    0.7749129230E+01
   2929.00    0.7805024516E+01
   2930.00    0.7861916990E+01
   2931.00    0.7919834425E+01
   2932.00    0.7978805640E+01
   2933.00    0.8038860555E+01
   2934.00    0.8100030237E+01
   2935.00    0.8162346960E+01
   2936.00    0.8225844266E+01
   2937.00    0.8290557023E+01
   2938.00    0.8356521494E+01
   2939.00    0.8423775407E+01
   2940.00    0.8492358032E+01
   2941.00    0.8562310257E+01
   2942.00    0.8633674675E+01
   2943.00    0.8706495672E+01
   2944.00    0.8780819524E+01
   2945.00    0.8856694499E+01
   2946.00    0.8934170963E+01
   2947.00    0.9013301499E+01
   2948.00    0.9094141027E+01
   2949.00    0.9176746938E+01
   2950.00    0.9261179233E+01
   2951.00    0.9347500673E+01
   2952.00    0.9435776941E+01
   2953.00    0.9526076814E+01
   2954.00    0.9618472348E+01
   2955.00    0.9713039072E+01
   2956.00    0.9809856205E+01
   2957.00    0.9909006883E+01
   2958.00    0.1001057840E+02
   2959.00    0.1011466248E+02
   2960.00    0.1022135555E+02
   2961.00    0.1033075905E+02
   2962.00    0.1044297978E+02
   2963.00    0.1055813022E+02
   2964.00    0.1067632897E+02
   2965.00    0.1079770111E+02
   2966.00    0.1092237867E+02
   2967.00    0.1105050117E+02
   2968.00    0.1118221607E+02
   2969.00    0.1131767941E+02
   2970.00    0.1145705643E+02
   2971.00    0.1160052222E+02
   2972.00    0.1174826252E+02
   2973.00    0.1190047451E+02
   2974.00    0.1205736771E+02
   2975.00    0.1221916496E+02
   2976.00    0.1238610349E+02
   2977.00    0.1255843612E+02
   2978.00    0.1273643254E+02
   2979.00    0.1292038073E+02
   2980.00    0.1311058859E+02
   2981.00    0.1330738562E+02
   2982.00    0.1351112489E+02
   2983.00    0.1372218518E+02
   2984.00    0.1394097335E+02
   2985.00    0.1416792700E+02
   2986.00    0.1440351740E+02
   2987.00    0.1464825283E+02
   2988.00    0.1490268223E+02
   2989.00    0.1516739938E+02
   2990.00    0.1544304756E+02
   2991.00    0.1573032479E+02
   2992.00    0.1602998979E+02
   2993.00    0.1634286868E+02
   2994.00    0.1666986267E+02
   2995.00    0.1701195672E+02
   2996.00    0.1737022947E+02
   2997.00    0.1774586467E+02
   2998.00    0.1814016424E+02
   2999.00    0.1855456333E+02
   3000.00    0.1899064777E+02
   3001.00    0.1945017430E+02
   3002.00    0.1993509418E+02
   3003.00    0.2044758070E+02
   3004.00    0.2099006163E+02
   3005.00    0.2156525738E+02
   3006.00    0.2217622623E+02
   3007.00    0.2282641823E+02
   3008.00    0.2351973961E+02
   3009.00    0.2426063030E+02
   3010.00    0.2505415772E+02
   3011.00    0.2590613087E+02
   3012.00    0.2682324005E+02
   3013.00    0.2781322918E+02
   3014.00    0.2888510977E+02
   3015.00    0.3004942860E+02
   3016.00    0.3131860556E+02
   3017.00    0.3270736345E+02
   3018.00    0.3423328017E+02
   3019.00    0.3591750495E+02
   3020.00    0.3778569755E+02
   3021.00    0.3986927348E+02
   3022.00    0.4220707525E+02
   3023.00    0.4484764367E+02
   3024.00    0.4785234628E+02
   3025.00    0.5129974506E+02
   3026.00    0.5529177772E+02
   3027.00    0.5996261544E+02
   3028.00    0.6549147906E+02
   3029.00    0.7212123739E+02
   3030.00    0.8018506304E+02
   3031.00    0.9014274980E+02
   3032.00    0.1026224664E+03
   3033.00    0.1184382167E+03
   3034.00    0.1384601120E+03
   3035.00    0.1629290707E+03
   3036.00    0.1892856371E+03
   3037.00    0.2086318285E+03
   3038.00    0.2087320344E+03
   3039.00    0.1892226509E+03
   3040.00    0.1622545894E+03
   3041.00    0.1370964766E+03
   3042.00    0.1164622736E+03
   3043.00    0.1000484049E+03
   3044.00    0.8682283486E+02
   3045.00    0.7588095058E+02
   3046.00    0.6685651782E+02
   3047.00    0.5968127636E+02
   3048.00    0.5401191509E+02
   3049.00    0.4939103531E+02
   3050.00    0.4550154402E+02
   3051.00    0.4215642923E+02
   3052.00    0.3923911094E+02
   3053.00    0.3666944559E+02
   3054.00    0.3438814325E+02
   3055.00    0.3234932733E+02
   3056.00    0.3051652497E+02
   3057.00    0.2886022337E+02
   3058.00    0.2735623522E+02
   3059.00    0.2598453622E+02
   3060.00    0.2472840563E+02
   3061.00    0.2357377459E+02
   3062.00    0.2250872326E+02
   3063.00    0.2152308756E+02
   3064.00    0.2060814835E+02
   3065.00    0.1975638341E+02
   3066.00    0.1896126792E+02
   3067.00    0.1821711273E+02
   3068.00    0.1751893213E+02
   3069.00    0.1686233517E+02
   3070.00    0.1624343550E+02
   3071.00    0.1565877599E+02
   3072.00    0.1510526539E+02
   3073.00    0.1458012431E+02
   3074.00    0.1408083889E+02
   3075.00    0.1360512044E+02
   3076.00    0.1315086974E+02
   3077.00    0.1271614484E+02
   3078.00    0.1229913133E+02
   3079.00    0.1189811417E+02
   3080.00    0.1151145015E+02
   3081.00    0.1113754007E+02
   3082.00    0.1077480013E+02
   3083.00    0.1042163198E+02
   3084.00    0.1007639188E+02
   3085.00    0.9737361645E+01
   3086.00    0.9402728299E+01
   3087.00    0.9070591000E+01
   3088.00    0.8739039750E+01
   3089.00    0.8406413355E+01
   3090.00    0.8071997426E+01
   3091.00    0.7737802489E+01
   3092.00    0.7412993108E+01
   3093.00    0.7124644171E+01
   3094.00    0.6941747680E+01
   3095.00    0.7014436405E+01
   3096.00    0.7569867112E+01
   3097.00    0.8673429120E+01
   3098.00    0.9856025590E+01
   3099.00    0.1049745632E+02
   3100.00    0.1055881801E+02
   3101.00    0.1032970428E+02
   3102.00    0.1000302346E+02
   3103.00    0.9617740404E+01
   3104.00    0.9094928071E+01
   3105.00    0.8303354091E+01
   3106.00    0.7292498356E+01
   3107.00    0.6414714170E+01
   3108.00    0.5887544913E+01
   3109.00    0.5620461604E+01
   3110.00    0.5472880223E+01
   3111.00    0.5367340493E+01
   3112.00    0.5272546975E+01
   3113.00    0.5177744639E+01
   3114.00    0.5079990001E+01
   3115.00    0.4979063060E+01
   3116.00    0.4875569676E+01
   3117.00    0.4770263910E+01
   3118.00    0.4663825455E+01
   3119.00    0.4556803549E+01
   3120.00    0.4449618724E+01
   3121.00    0.4342581766E+01
   3122.00    0.4235915122E+01
   3123.00    0.4129771901E+01
   3124.00    0.4024251354E+01
   3125.00    0.3919410981E+01
   3126.00    0.3815275807E+01
   3127.00    0.3711845432E+01
   3128.00    0.3609099329E+01
   3129.00    0.3507000816E+01
   3130.00    0.3405500013E+01
   3131.00    0.3304536007E+01
   3132.00    0.3204038430E+01
   3133.00    0.3103928557E+01
   3134.00    0.3004120048E+01
   3135.00    0.2904519402E+01
   3136.00    0.2805026182E+01
   3137.00    0.2705533067E+01
   3138.00    0.2605925773E+01
   3139.00    0.2506082889E+01
   3140.00    0.2405875687E+01
   3141.00    0.2305167964E+01
   3142.00    0.2203816050E+01
   3143.00    0.2101669103E+01
   3144.00    0.1998569997E+01
   3145.00    0.1894357187E+01
   3146.00    0.1788868278E+01
   3147.00    0.1681946485E+01
   3148.00    0.1573452067E+01
   3149.00    0.1463282422E+01
   3150.00    0.1351407601E+01
   3151.00    0.1237933941E+01
   3152.00    0.1123220465E+01
   3153.00    0.1008097089E+01
   3154.00    0.8942832782E+00
   3155.00    0.7851982658E+00
   3156.00    0.6874656668E+00
   3157.00    0.6131950428E+00
   3158.00    0.5811278725E+00
   3159.00    0.6106538050E+00
   3160.00    0.7091806046E+00
   3161.00    0.8708969864E+00
   3162.00    0.1088259958E+01
   3163.00    0.1359204710E+01
   3164.00    0.1688003781E+01
   3165.00    0.2084196295E+01
   3166.00    0.2559959753E+01
   3167.00    0.3120979653E+01
   3168.00    0.3736892042E+01
   3169.00    0.4274762125E+01
   3170.00    0.4468476270E+01
   3171.00    0.4164815370E+01
   3172.00    0.3601604965E+01
   3173.00    0.3143108493E+01
   3174.00    0.3000174805E+01
   3175.00    0.3226807579E+01
   3176.00    0.3790775708E+01
   3177.00    0.4659122840E+01
   3178.00    0.5841761844E+01
   3179.00    0.7381615222E+01
   3180.00    0.9289738544E+01
   3181.00    0.1136424112E+02
   3182.00    0.1293845354E+02
   3183.00    0.1320536482E+02
   3184.00    0.1223618764E+02
   3185.00    0.1079111696E+02
   3186.00    0.9396350709E+01
   3187.00    0.8214334511E+01
   3188.00    0.7247162393E+01
   3189.00    0.6456109403E+01
   3190.00    0.5801138974E+01
   3191.00    0.5249895835E+01
   3192.00    0.4777938390E+01
   3193.00    0.4367099912E+01
   3194.00    0.4003834699E+01
   3195.00    0.3677928663E+01
   3196.00    0.3381567746E+01
   3197.00    0.3108682301E+01
   3198.00    0.2854490708E+01
   3199.00    0.2615186317E+01
   3200.00    0.2387732219E+01
   3201.00    0.2169746799E+01
   3202.00    0.1959482418E+01
   3203.00    0.1755926624E+01
   3204.00    0.1559102198E+01
   3205.00    0.1370731647E+01
   3206.00    0.1195590427E+01
   3207.00    0.1044030841E+01
   3208.00    0.9355844352E+00
   3209.00    0.8997171690E+00
   3210.00    0.9641781138E+00
   3211.00    0.1136530383E+01
   3212.00    0.1407031161E+01
   3213.00    0.1766668038E+01
   3214.00    0.2216270627E+01
   3215.00    0.2767659059E+01
   3216.00    0.3444019566E+01
   3217.00    0.4282045183E+01
   3218.00    0.5336201893E+01
   3219.00    0.6684305296E+01
   3220.00    0.8429434042E+01
   3221.00    0.1067730843E+02
   3222.00    0.1342302298E+02
   3223.00    0.1624369532E+02
   3224.00    0.1806426313E+02
   3225.00    0.1804573759E+02
   3226.00    0.1669876520E+02
   3227.00    0.1500625623E+02
   3228.00    0.1348426627E+02
   3229.00    0.1225920283E+02
   3230.00    0.1131009947E+02
   3231.00    0.1057504217E+02
   3232.00    0.9968872920E+01
   3233.00    0.9355438121E+01
   3234.00    0.8513944073E+01
   3235.00    0.7255508641E+01
   3236.00    0.5787943031E+01
   3237.00    0.4634035354E+01
   3238.00    0.4001633039E+01
   3239.00    0.3737825074E+01
   3240.00    0.3651312906E+01
   3241.00    0.3636565097E+01
   3242.00    0.3653499916E+01
   3243.00    0.3697919390E+01
   3244.00    0.3794725417E+01
   3245.00    0.4014799826E+01
   3246.00    0.4502897360E+01
   3247.00    0.5414087773E+01
   3248.00    0.6557351126E+01
   3249.00    0.7119717001E+01
   3250.00    0.6473017185E+01
   3251.00    0.5038776249E+01
   3252.00    0.3593698248E+01
   3253.00    0.2479725605E+01
   3254.00    0.1705467816E+01
   3255.00    0.1196103735E+01
   3256.00    0.8856685310E+00
   3257.00    0.7250324304E+00
   3258.00    0.6675486730E+00
   3259.00    0.6671876229E+00
   3260.00    0.6904197971E+00
   3261.00    0.7193346897E+00
   3262.00    0.7461579323E+00
   3263.00    0.7680853153E+00
   3264.00    0.7844765609E+00
   3265.00    0.7955648926E+00
   3266.00    0.8018941736E+00
   3267.00    0.8040796746E+00
   3268.00    0.8027107642E+00
   3269.00    0.7983157618E+00
   3270.00    0.7913537179E+00
   3271.00    0.7822173760E+00
   3272.00    0.7712402482E+00
   3273.00    0.7587046698E+00
   3274.00    0.7448495077E+00
   3275.00    0.7298770252E+00
   3276.00    0.7139587841E+00
   3277.00    0.6972406254E+00
   3278.00    0.6798468318E+00
   3279.00    0.6618835899E+00
   3280.00    0.6434418656E+00
   3281.00    0.6245997933E+00
   3282.00    0.6054246629E+00
   3283.00    0.5859745791E+00
   3284.00    0.5662998494E+00
   3285.00    0.5464441511E+00
   3286.00    0.5264455169E+00
   3287.00    0.5063371722E+00
   3288.00    0.4861482514E+00
   3289.00    0.4659044162E+00
   3290.00    0.4456283959E+00
   3291.00    0.4253404661E+00
   3292.00    0.4050588839E+00
   3293.00    0.3848002922E+00
   3294.00    0.3645801125E+00
   3295.00    0.3444129417E+00
   3296.00    0.3243129793E+00
   3297.00    0.3042945121E+00
   3298.00    0.2843725036E+00
   3299.00    0.2645633502E+00
   3300.00    0.2448859075E+00
   3301.00    0.2253629501E+00
   3302.00    0.2060233378E+00
   3303.00    0.1869053623E+00
   3304.00    0.1680621179E+00
   3305.00    0.1495704606E+00
   3306.00    0.1315465250E+00
   3307.00    0.1141735651E+00
   3308.00    0.9775312951E-01
   3309.00    0.8279827108E-01
   3310.00    0.7018542786E-01
   3311.00    0.6130009038E-01
   3312.00    0.5780461646E-01
   3313.00    0.6056189459E-01
   3314.00    0.6875756732E-01
   3315.00    0.8069595467E-01
   3316.00    0.9492861037E-01
   3317.00    0.1105329931E+00
   3318.00    0.1269701426E+00
   3319.00    0.1439253341E+00
   3320.00    0.1612092005E+00
   3321.00    0.1787034486E+00
   3322.00    0.1963314330E+00
   3323.00    0.2140418419E+00
   3324.00    0.2317993415E+00
   3325.00    0.2495790169E+00
   3326.00    0.2673629537E+00
   3327.00    0.2851380693E+00
   3328.00    0.3028946955E+00
   3329.00    0.3206256292E+00
   3330.00    0.3383254805E+00
   3331.00    0.3559902155E+00
   3332.00    0.3736168310E+00
   3333.00    0.3912031160E+00
   3334.00    0.4087474775E+00
   3335.00    0.4262488087E+00
   3336.00    0.4437063892E+00
   3337.00    0.4611198091E+00
   3338.00    0.4784889085E+00
   3339.00    0.4958137316E+00
   3340.00    0.5130944891E+00
   3341.00    0.5303315290E+00
   3342.00    0.5475253123E+00
   3343.00    0.5646763940E+00
   3344.00    0.5817854073E+00
   3345.00    0.5988530501E+00
   3346.00    0.6158800747E+00
   3347.00    0.6328672786E+00
   3348.00    0.6498154972E+00
   3349.00    0.6667255972E+00
   3350.00    0.6835984715E+00
   3351.00    0.7004350347E+00
   3352.00    0.7172362194E+00
   3353.00    0.7340029727E+00
   3354.00    0.7507362534E+00
   3355.00    0.7674370302E+00
   3356.00    0.7841062790E+00
   3357.00    0.8007449814E+00
   3358.00    0.8173541235E+00
   3359.00    0.8339346941E+00
   3360.00    0.8504876841E+00
   3361.00    0.8670140851E+00
   3362.00    0.8835148890E+00
   3363.00    0.8999910871E+00
   3364.00    0.9164436695E+00
   3365.00    0.9328736246E+00
   3366.00    0.9492819388E+00
   3367.00    0.9656695961E+00
   3368.00    0.9820375777E+00
   3369.00    0.9983868617E+00
   3370.00    0.1014718423E+01
   3371.00    0.1031033234E+01
   3372.00    0.1047332263E+01
   3373.00    0.1063616474E+01
   3374.00    0.1079886828E+01
   3375.00    0.1096144283E+01
   3376.00    0.1112389793E+01
   3377.00    0.1128624308E+01
   3378.00    0.1144848775E+01
   3379.00    0.1161064136E+01
   3380.00    0.1177271331E+01
   3381.00    0.1193471295E+01
   3382.00    0.1209664962E+01
   3383.00    0.1225853261E+01
   3384.00    0.1242037117E+01
   3385.00    0.1258217453E+01
   3386.00    0.1274395190E+01
   3387.00    0.1290571243E+01
   3388.00    0.1306746528E+01
   3389.00    0.1322921955E+01
   3390.00    0.1339098433E+01
   3391.00    0.1355276869E+01
   3392.00    0.1371458166E+01
   3393.00    0.1387643228E+01
   3394.00    0.1403832953E+01
   3395.00    0.1420028240E+01
   3396.00    0.1436229985E+01
   3397.00    0.1452439082E+01
   3398.00    0.1468656426E+01
   3399.00    0.1484882908E+01
   3400.00    0.1501119420E+01
   3401.00    0.1517366850E+01
   3402.00    0.1533626088E+01
   3403.00    0.1549898023E+01
   3404.00    0.1566183543E+01
   3405.00    0.1582483534E+01
   3406.00    0.1598798885E+01
   3407.00    0.1615130482E+01
   3408.00    0.1631479212E+01
   3409.00    0.1647845965E+01
   3410.00    0.1664231626E+01
   3411.00    0.1680637086E+01
   3412.00    0.1697063232E+01
   3413.00    0.1713510957E+01
   3414.00    0.1729981150E+01
   3415.00    0.1746474705E+01
   3416.00    0.1762992515E+01
   3417.00    0.1779535475E+01
   3418.00    0.1796104484E+01
   3419.00    0.1812700439E+01
   3420.00    0.1829324242E+01
   3421.00    0.1845976797E+01
   3422.00    0.1862659008E+01
   3423.00    0.1879371785E+01
   3424.00    0.1896116037E+01
   3425.00    0.1912892679E+01
   3426.00    0.1929702627E+01
   3427.00    0.1946546802E+01
   3428.00    0.1963426127E+01
   3429.00    0.1980341528E+01
   3430.00    0.1997293937E+01
   3431.00    0.2014284288E+01
   3432.00    0.2031313520E+01
   3433.00    0.2048382576E+01
   3434.00    0.2065492402E+01
   3435.00    0.2082643952E+01
   3436.00    0.2099838181E+01
   3437.00    0.2117076052E+01
   3438.00    0.2134358531E+01
   3439.00    0.2151686591E+01
   3440.00    0.2169061209E+01
   3441.00    0.2186483370E+01
   3442.00    0.2203954062E+01
   3443.00    0.2221474280E+01
   3444.00    0.2239045028E+01
   3445.00    0.2256667312E+01
   3446.00    0.2274342149E+01
   3447.00    0.2292070559E+01
   3448.00    0.2309853573E+01
   3449.00    0.2327692226E+01
   3450.00    0.2345587562E+01
   3451.00    0.2363540633E+01
   3452.00    0.2381552498E+01
   3453.00    0.2399624225E+01
   3454.00    0.2417756890E+01
   3455.00    0.2435951577E+01
   3456.00    0.2454209380E+01
   3457.00    0.2472531401E+01
   3458.00    0.2490918752E+01
   3459.00    0.2509372554E+01
   3460.00    0.2527893938E+01
   3461.00    0.2546484045E+01
   3462.00    0.2565144026E+01
   3463.00    0.2583875043E+01
   3464.00    0.2602678268E+01
   3465.00    0.2621554883E+01
   3466.00    0.2640506085E+01
   3467.00    0.2659533078E+01
   3468.00    0.2678637081E+01
   3469.00    0.2697819323E+01
   3470.00    0.2717081046E+01
   3471.00    0.2736423505E+01
   3472.00    0.2755847968E+01
   3473.00    0.2775355716E+01
   3474.00    0.2794948041E+01
   3475.00    0.2814626253E+01
   3476.00    0.2834391674E+01
   3477.00    0.2854245639E+01
   3478.00    0.2874189500E+01
   3479.00    0.2894224623E+01
   3480.00    0.2914352389E+01
   3481.00    0.2934574196E+01
   3482.00    0.2954891455E+01
   3483.00    0.2975305598E+01
   3484.00    0.2995818070E+01
   3485.00    0.3016430334E+01
   3486.00    0.3037143871E+01
   3487.00    0.3057960180E+01
   3488.00    0.3078880776E+01
   3489.00    0.3099907197E+01
   3490.00    0.3121040995E+01
   3491.00    0.3142283744E+01
   3492.00    0.3163637038E+01
   3493.00    0.3185102491E+01
   3494.00    0.3206681738E+01
   3495.00    0.3228376432E+01
   3496.00    0.3250188253E+01
   3497.00    0.3272118897E+01
   3498.00    0.3294170089E+01
   3499.00    0.3316343570E+01
   3500.00    0.3338641111E+01
   3501.00    0.3361064502E+01
   3502.00    0.3383615560E+01
   3503.00    0.3406296126E+01
   3504.00    0.3429108067E+01
   3505.00    0.3452053276E+01
   3506.00    0.3475133673E+01
   3507.00    0.3498351204E+01
   3508.00    0.3521707844E+01
   3509.00    0.3545205596E+01
   3510.00    0.3568846492E+01
   3511.00    0.3592632593E+01
   3512.00    0.3616565990E+01
   3513.00    0.3640648808E+01
   3514.00    0.3664883199E+01
   3515.00    0.3689271351E+01
   3516.00    0.3713815483E+01
   3517.00    0.3738517848E+01
   3518.00    0.3763380733E+01
   3519.00    0.3788406462E+01
   3520.00    0.3813597393E+01
   3521.00    0.3838955922E+01
   3522.00    0.3864484482E+01
   3523.00    0.3890185544E+01
   3524.00    0.3916061619E+01
   3525.00    0.3942115257E+01
   3526.00    0.3968349051E+01
   3527.00    0.3994765634E+01
   3528.00    0.4021367683E+01
   3529.00    0.4048157919E+01
   3530.00    0.4075139106E+01
   3531.00    0.4102314056E+01
   3532.00    0.4129685627E+01
   3533.00    0.4157256725E+01
   3534.00    0.4185030305E+01
   3535.00    0.4213009372E+01
   3536.00    0.4241196982E+01
   3537.00    0.4269596246E+01
   3538.00    0.4298210326E+01
   3539.00    0.4327042440E+01
   3540.00    0.4356095862E+01
   3541.00    0.4385373924E+01
   3542.00    0.4414880017E+01
   3543.00    0.4444617592E+01
   3544.00    0.4474590162E+01
   3545.00    0.4504801303E+01
   3546.00    0.4535254657E+01
   3547.00    0.4565953932E+01
   3548.00    0.4596902901E+01
   3549.00    0.4628105412E+01
   3550.00    0.4659565379E+01
   3551.00    0.4691286793E+01
   3552.00    0.4723273717E+01
   3553.00    0.4755530293E+01
   3554.00    0.4788060741E+01
   3555.00    0.4820869359E+01
   3556.00    0.4853960532E+01
   3557.00    0.4887338726E+01
   3558.00    0.4921008495E+01
   3559.00    0.4954974483E+01
   3560.00    0.4989241423E+01
   3561.00    0.5023814144E+01
   3562.00    0.5058697568E+01
   3563.00    0.5093896719E+01
   3564.00    0.5129416720E+01
   3565.00    0.5165262797E+01
   3566.00    0.5201440283E+01
   3567.00    0.5237954620E+01
   3568.00    0.5274811364E+01
   3569.00    0.5312016182E+01
   3570.00    0.5349574863E+01
   3571.00    0.5387493315E+01
   3572.00    0.5425777570E+01
   3573.00    0.5464433790E+01
   3574.00    0.5503468267E+01
   3575.00    0.5542887428E+01
   3576.00    0.5582697838E+01
   3577.00    0.5622906207E+01
   3578.00    0.5663519389E+01
   3579.00    0.5704544388E+01
   3580.00    0.5745988366E+01
   3581.00    0.5787858641E+01
   3582.00    0.5830162696E+01
   3583.00    0.5872908183E+01
   3584.00    0.5916102926E+01
   3585.00    0.5959754928E+01
   3586.00    0.6003872375E+01
   3587.00    0.6048463641E+01
   3588.00    0.6093537296E+01
   3589.00    0.6139102110E+01
   3590.00    0.6185167056E+01
   3591.00    0.6231741323E+01
   3592.00    0.6278834316E+01
   3593.00    0.6326455667E+01
   3594.00    0.6374615238E+01
   3595.00    0.6423323130E+01
   3596.00    0.6472589694E+01
   3597.00    0.6522425531E+01
   3598.00    0.6572841506E+01
   3599.00    0.6623848754E+01
   3600.00    0.6675458688E+01
   3601.00    0.6727683010E+01
   3602.00    0.6780533718E+01
   3603.00    0.6834023117E+01
   3604.00    0.6888163826E+01
   3605.00    0.6942968793E+01
   3606.00    0.6998451304E+01
   3607.00    0.7054624990E+01
   3608.00    0.7111503846E+01
   3609.00    0.7169102235E+01
   3610.00    0.7227434908E+01
   3611.00    0.7286517013E+01
   3612.00    0.7346364106E+01
   3613.00    0.7406992173E+01
   3614.00    0.7468417636E+01
   3615.00    0.7530657375E+01
   3616.00    0.7593728740E+01
   3617.00    0.7657649569E+01
   3618.00    0.7722438205E+01
   3619.00    0.7788113515E+01
   3620.00    0.7854694908E+01
   3621.00    0.7922202356E+01
   3622.00    0.7990656410E+01
   3623.00    0.8060078229E+01
   3624.00    0.8130489596E+01
   3625.00    0.8201912944E+01
   3626.00    0.8274371382E+01
   3627.00    0.8347888717E+01
   3628.00    0.8422489483E+01
   3629.00    0.8498198968E+01
   3630.00    0.8575043247E+01
   3631.00    0.8653049206E+01
   3632.00    0.8732244579E+01
   3633.00    0.8812657983E+01
   3634.00    0.8894318946E+01
   3635.00    0.8977257953E+01
   3636.00    0.9061506479E+01
   3637.00    0.9147097031E+01
   3638.00    0.9234063191E+01
   3639.00    0.9322439663E+01
   3640.00    0.9412262315E+01
   3641.00    0.9503568233E+01
   3642.00    0.9596395773E+01
   3643.00    0.9690784614E+01
   3644.00    0.9786775814E+01
   3645.00    0.9884411876E+01
   3646.00    0.9983736807E+01
   3647.00    0.1008479619E+02
   3648.00    0.1018763724E+02
   3649.00    0.1029230892E+02
   3650.00    0.1039886195E+02
   3651.00    0.1050734897E+02
   3652.00    0.1061782457E+02
   3653.00    0.1073034540E+02
   3654.00    0.1084497028E+02
   3655.00    0.1096176029E+02
   3656.00    0.1108077889E+02
   3657.00    0.1120209203E+02
   3658.00    0.1132576828E+02
   3659.00    0.1145187893E+02
   3660.00    0.1158049820E+02
   3661.00    0.1171170330E+02
   3662.00    0.1184557466E+02
   3663.00    0.1198219605E+02
   3664.00    0.1212165479E+02
   3665.00    0.1226404189E+02
   3666.00    0.1240945231E+02
   3667.00    0.1255798513E+02
   3668.00    0.1270974380E+02
   3669.00    0.1286483637E+02
   3670.00    0.1302337575E+02
   3671.00    0.1318548001E+02
   3672.00    0.1335127264E+02
   3673.00    0.1352088288E+02
   3674.00    0.1369444608E+02
   3675.00    0.1387210402E+02
   3676.00    0.1405400535E+02
   3677.00    0.1424030597E+02
   3678.00    0.1443116950E+02
   3679.00    0.1462676774E+02
   3680.00    0.1482728121E+02
   3681.00    0.1503289971E+02
   3682.00    0.1524382290E+02
   3683.00    0.1546026099E+02
   3684.00    0.1568243539E+02
   3685.00    0.1591057951E+02
   3686.00    0.1614493957E+02
   3687.00    0.1638577549E+02
   3688.00    0.1663336186E+02
   3689.00    0.1688798897E+02
   3690.00    0.1714996398E+02
   3691.00    0.1741961211E+02
   3692.00    0.1769727807E+02
   3693.00    0.1798332744E+02
   3694.00    0.1827814836E+02
   3695.00    0.1858215325E+02
   3696.00    0.1889578072E+02
   3697.00    0.1921949775E+02
   3698.00    0.1955380193E+02
   3699.00    0.1989922408E+02
   3700.00    0.2025633102E+02
   3701.00    0.2062572871E+02
   3702.00    0.2100806563E+02
   3703.00    0.2140403664E+02
   3704.00    0.2181438712E+02
   3705.00    0.2223991771E+02
   3706.00    0.2268148946E+02
   3707.00    0.2314002967E+02
   3708.00    0.2361653836E+02
   3709.00    0.2411209552E+02
   3710.00    0.2462786925E+02
   3711.00    0.2516512494E+02
   3712.00    0.2572523555E+02
   3713.00    0.2630969332E+02
   3714.00    0.2692012291E+02
   3715.00    0.2755829647E+02
   3716.00    0.2822615063E+02
   3717.00    0.2892580606E+02
   3718.00    0.2965958977E+02
   3719.00    0.3043006072E+02
   3720.00    0.3124003946E+02
   3721.00    0.3209264222E+02
   3722.00    0.3299132061E+02
   3723.00    0.3393990782E+02
   3724.00    0.3494267261E+02
   3725.00    0.3600438276E+02
   3726.00    0.3713037981E+02
   3727.00    0.3832666762E+02
   3728.00    0.3960001785E+02
   3729.00    0.4095809595E+02
   3730.00    0.4240961287E+02
   3731.00    0.4396450835E+02
   3732.00    0.4563417404E+02
   3733.00    0.4743172661E+02
   3734.00    0.4937234436E+02
   3735.00    0.5147368517E+02
   3736.00    0.5375640925E+02
   3737.00    0.5624483856E+02
   3738.00    0.5896779557E+02
   3739.00    0.6195968036E+02
   3740.00    0.6526186751E+02
   3741.00    0.6892453682E+02
   3742.00    0.7300910022E+02
   3743.00    0.7759145759E+02
   3744.00    0.8276642073E+02
   3745.00    0.8865380516E+02
   3746.00    0.9540693445E+02
   3747.00    0.1032246764E+03
   3748.00    0.1123686968E+03
   3749.00    0.1231884460E+03
   3750.00    0.1361574854E+03
   3751.00    0.1519257559E+03
   3752.00    0.1713914257E+03
   3753.00    0.1957856657E+03
   3754.00    0.2267173120E+03
   3755.00    0.2659524107E+03
   3756.00    0.3141670032E+03
   3757.00    0.3668700439E+03
   3758.00    0.4073327412E+03
   3759.00    0.4110746301E+03
   3760.00    0.3753825331E+03
   3761.00    0.3234547435E+03
   3762.00    0.2742358430E+03
   3763.00    0.2337128682E+03
   3764.00    0.2016797231E+03
   3765.00    0.1764340086E+03
   3766.00    0.1563263762E+03
   3767.00    0.1400734756E+03
   3768.00    0.1267345369E+03
   3769.00    0.1156284057E+03
   3770.00    0.1062593474E+03
   3771.00    0.9826222019E+02
   3772.00    0.9136417233E+02
   3773.00    0.8535826707E+02
   3774.00    0.8008528068E+02
   3775.00    0.7542102295E+02
   3776.00    0.7126739397E+02
   3777.00    0.6754599021E+02
   3778.00    0.6419346993E+02
   3779.00    0.6115814871E+02
   3780.00    0.5839746634E+02
   3781.00    0.5587607912E+02
   3782.00    0.5356440661E+02
   3783.00    0.5143751279E+02
   3784.00    0.4947423593E+02
   3785.00    0.4765650552E+02
   3786.00    0.4596880136E+02
   3787.00    0.4439772169E+02
   3788.00    0.4293163560E+02
   3789.00    0.4156040146E+02
   3790.00    0.4027513705E+02
   3791.00    0.3906803083E+02
   3792.00    0.3793218602E+02
   3793.00    0.3686149101E+02
   3794.00    0.3585051117E+02
   3795.00    0.3489439793E+02
   3796.00    0.3398881212E+02
   3797.00    0.3312985903E+02
   3798.00    0.3231403304E+02
   3799.00    0.3153817038E+02
   3800.00    0.3079940857E+02
   3801.00    0.3009515145E+02
   3802.00    0.2942303904E+02
   3803.00    0.2878092127E+02
   3804.00    0.2816683527E+02
   3805.00    0.2757898541E+02
   3806.00    0.2701572596E+02
   3807.00    0.2647554575E+02
   3808.00    0.2595705473E+02
   3809.00    0.2545897211E+02
   3810.00    0.2498011584E+02
   3811.00    0.2451939329E+02
   3812.00    0.2407579294E+02
   3813.00    0.2364837707E+02
   3814.00    0.2323627509E+02
   3815.00    0.2283867767E+02
   3816.00    0.2245483147E+02
   3817.00    0.2208403437E+02
   3818.00    0.2172563120E+02
   3819.00    0.2137900987E+02
   3820.00    0.2104359792E+02
   3821.00    0.2071885933E+02
   3822.00    0.2040429172E+02
   3823.00    0.2009942370E+02
   3824.00    0.1980381256E+02
   3825.00    0.1951704209E+02
   3826.00    0.1923872066E+02
   3827.00    0.1896847941E+02
   3828.00    0.1870597065E+02
   3829.00    0.1845086631E+02
   3830.00    0.1820285665E+02
   3831.00    0.1796164892E+02
   3832.00    0.1772696628E+02
   3833.00    0.1749854669E+02
   3834.00    0.1727614195E+02
   3835.00    0.1705951682E+02
   3836.00    0.1684844813E+02
   3837.00    0.1664272407E+02
   3838.00    0.1644214347E+02
   3839.00    0.1624651510E+02
   3840.00    0.1605565711E+02
   3841.00    0.1586939645E+02
   3842.00    0.1568756831E+02
   3843.00    0.1551001570E+02
   3844.00    0.1533658892E+02
   3845.00    0.1516714522E+02
   3846.00    0.1500154832E+02
   3847.00    0.1483966811E+02
   3848.00    0.1468138028E+02
   3849.00    0.1452656598E+02
   3850.00    0.1437511159E+02
   3851.00    0.1422690835E+02
   3852.00    0.1408185217E+02
   3853.00    0.1393984335E+02
   3854.00    0.1380078635E+02
   3855.00    0.1366458960E+02
   3856.00    0.1353116527E+02
   3857.00    0.1340042908E+02
   3858.00    0.1327230015E+02
   3859.00    0.1314670081E+02
   3860.00    0.1302355645E+02
   3861.00    0.1290279534E+02
   3862.00    0.1278434856E+02
   3863.00    0.1266814979E+02
   3864.00    0.1255413524E+02
   3865.00    0.1244224350E+02
   3866.00    0.1233241546E+02
   3867.00    0.1222459415E+02
   3868.00    0.1211872472E+02
   3869.00    0.1201475428E+02
   3870.00    0.1191263184E+02
   3871.00    0.1181230821E+02
   3872.00    0.1171373596E+02
   3873.00    0.1161686928E+02
   3874.00    0.1152166397E+02
   3875.00    0.1142807733E+02
   3876.00    0.1133606812E+02
   3877.00    0.1124559649E+02
   3878.00    0.1115662392E+02
   3879.00    0.1106911317E+02
   3880.00    0.1098302822E+02
   3881.00    0.1089833422E+02
   3882.00    0.1081499747E+02
   3883.00    0.1073298533E+02
   3884.00    0.1065226620E+02
   3885.00    0.1057280948E+02
   3886.00    0.1049458555E+02
   3887.00    0.1041756569E+02
   3888.00    0.1034172205E+02
   3889.00    0.1026702767E+02
   3890.00    0.1019345639E+02
   3891.00    0.1012098284E+02
   3892.00    0.1004958241E+02
   3893.00    0.9979231218E+01
   3894.00    0.9909906091E+01
   3895.00    0.9841584533E+01
   3896.00    0.9774244702E+01
   3897.00    0.9707865386E+01
   3898.00    0.9642425979E+01
   3899.00    0.9577906464E+01
   3900.00    0.9514287388E+01
   3901.00    0.9451549842E+01
   3902.00    0.9389675447E+01
   3903.00    0.9328646327E+01
   3904.00    0.9268445103E+01
   3905.00    0.9209054866E+01
   3906.00    0.9150459167E+01
   3907.00    0.9092641998E+01
   3908.00    0.9035587780E+01
   3909.00    0.8979281348E+01
   3910.00    0.8923707936E+01
   3911.00    0.8868853166E+01
   3912.00    0.8814703034E+01
   3913.00    0.8761243897E+01
   3914.00    0.8708462464E+01
   3915.00    0.8656345783E+01
   3916.00    0.8604881231E+01
   3917.00    0.8554056503E+01
   3918.00    0.8503859601E+01
   3919.00    0.8454278828E+01
   3920.00    0.8405302774E+01
   3921.00    0.8356920313E+01
   3922.00    0.8309120587E+01
   3923.00    0.8261893004E+01
   3924.00    0.8215227228E+01
   3925.00    0.8169113170E+01
   3926.00    0.8123540982E+01
   3927.00    0.8078501050E+01
   3928.00    0.8033983986E+01
   3929.00    0.7989980622E+01
   3930.00    0.7946482005E+01
   3931.00    0.7903479387E+01
   3932.00    0.7860964224E+01
   3933.00    0.7818928166E+01
   3934.00    0.7777363053E+01
   3935.00    0.7736260912E+01
   3936.00    0.7695613946E+01
   3937.00    0.7655414535E+01
   3938.00    0.7615655229E+01
   3939.00    0.7576328740E+01
   3940.00    0.7537427944E+01
   3941.00    0.7498945870E+01
   3942.00    0.7460875702E+01
   3943.00    0.7423210767E+01
   3944.00    0.7385944541E+01
   3945.00    0.7349070636E+01
   3946.00    0.7312582802E+01
   3947.00    0.7276474919E+01
   3948.00    0.7240741001E+01
   3949.00    0.7205375181E+01
   3950.00    0.7170371721E+01
   3951.00    0.7135724996E+01
   3952.00    0.7101429503E+01
   3953.00    0.7067479846E+01
   3954.00    0.7033870745E+01
   3955.00    0.7000597023E+01
   3956.00    0.6967653610E+01
   3957.00    0.6935035538E+01
   3958.00    0.6902737937E+01
   3959.00    0.6870756035E+01
   3960.00    0.6839085156E+01
   3961.00    0.6807720713E+01
   3962.00    0.6776658212E+01
   3963.00    0.6745893246E+01
   3964.00    0.6715421493E+01
   3965.00    0.6685238714E+01
   3966.00    0.6655340754E+01
   3967.00    0.6625723535E+01
   3968.00    0.6596383058E+01
   3969.00    0.6567315401E+01
   3970.00    0.6538516714E+01
   3971.00    0.6509983220E+01
   3972.00    0.6481711214E+01
   3973.00    0.6453697058E+01
   3974.00    0.6425937182E+01
   3975.00    0.6398428083E+01
   3976.00    0.6371166321E+01
   3977.00    0.6344148520E+01
   3978.00    0.6317371364E+01
   3979.00    0.6290831599E+01
   3980.00    0.6264526027E+01
   3981.00    0.6238451511E+01
   3982.00    0.6212604966E+01
   3983.00    0.6186983365E+01
   3984.00    0.6161583734E+01
   3985.00    0.6136403149E+01
   3986.00    0.6111438741E+01
   3987.00    0.6086687690E+01
   3988.00    0.6062147222E+01
   3989.00    0.6037814616E+01
   3990.00    0.6013687194E+01
   3991.00    0.5989762326E+01
   3992.00    0.5966037426E+01
   3993.00    0.5942509953E+01
   3994.00    0.5919177409E+01
   3995.00    0.5896037336E+01
   3996.00    0.5873087321E+01
   3997.00    0.5850324989E+01
   3998.00    0.5827748004E+01
   3999.00    0.5805354071E+01
   4000.00    0.5783140931E+01
