Frequencies(cm-1)    polar_2nd_zyx        
   1000.00    0.1787240784E-03
   1001.00    0.1846440782E-03
   1002.00    0.1933391604E-03
   1003.00    0.2001653792E-03
   1004.00    0.2048857352E-03
   1005.00    0.2085008149E-03
   1006.00    0.2116433602E-03
   1007.00    0.2145915839E-03
   1008.00    0.2174562288E-03
   1009.00    0.2202804474E-03
   1010.00    0.2230813013E-03
   1011.00    0.2258659817E-03
   1012.00    0.2286380704E-03
   1013.00    0.2313999377E-03
   1014.00    0.2341536381E-03
   1015.00    0.2369012184E-03
   1016.00    0.2396448035E-03
   1017.00    0.2423865991E-03
   1018.00    0.2451288721E-03
   1019.00    0.2478739266E-03
   1020.00    0.2506240852E-03
   1021.00    0.2533816761E-03
   1022.00    0.2561490271E-03
   1023.00    0.2589284637E-03
   1024.00    0.2617223133E-03
   1025.00    0.2645329122E-03
   1026.00    0.2673626178E-03
   1027.00    0.2702138238E-03
   1028.00    0.2730889793E-03
   1029.00    0.2759906119E-03
   1030.00    0.2789213508E-03
   1031.00    0.2818839451E-03
   1032.00    0.2848812554E-03
   1033.00    0.2879161659E-03
   1034.00    0.2909912729E-03
   1035.00    0.2941079649E-03
   1036.00    0.2972638942E-03
   1037.00    0.3004464808E-03
   1038.00    0.3036189318E-03
   1039.00    0.3067063578E-03
   1040.00    0.3096465970E-03
   1041.00    0.3125509723E-03
   1042.00    0.3156411062E-03
   1043.00    0.3189654008E-03
   1044.00    0.3224484018E-03
   1045.00    0.3260286082E-03
   1046.00    0.3296788212E-03
   1047.00    0.3333905258E-03
   1048.00    0.3371629223E-03
   1049.00    0.3409980714E-03
   1050.00    0.3448989877E-03
   1051.00    0.3488689360E-03
   1052.00    0.3529112453E-03
   1053.00    0.3570294709E-03
   1054.00    0.3612280997E-03
   1055.00    0.3655145683E-03
   1056.00    0.3699046946E-03
   1057.00    0.3744365268E-03
   1058.00    0.3792002366E-03
   1059.00    0.3843689777E-03
   1060.00    0.3900949272E-03
   1061.00    0.3961652124E-03
   1062.00    0.4021214429E-03
   1063.00    0.4078721607E-03
   1064.00    0.4136009858E-03
   1065.00    0.4194687569E-03
   1066.00    0.4255675159E-03
   1067.00    0.4319547934E-03
   1068.00    0.4386786441E-03
   1069.00    0.4457892719E-03
   1070.00    0.4533429343E-03
   1071.00    0.4613989439E-03
   1072.00    0.4700033309E-03
   1073.00    0.4791383109E-03
   1074.00    0.4885799563E-03
   1075.00    0.4975088872E-03
   1076.00    0.5034776092E-03
   1077.00    0.4999309591E-03
   1078.00    0.4723042024E-03
   1079.00    0.4049555659E-03
   1080.00    0.3468275670E-03
   1081.00    0.4083825549E-03
   1082.00    0.5051868343E-03
   1083.00    0.5625554305E-03
   1084.00    0.5902350329E-03
   1085.00    0.6051661971E-03
   1086.00    0.6159680637E-03
   1087.00    0.6261536466E-03
   1088.00    0.6370723837E-03
   1089.00    0.6492529940E-03
   1090.00    0.6629398051E-03
   1091.00    0.6783032868E-03
   1092.00    0.6955260728E-03
   1093.00    0.7148417873E-03
   1094.00    0.7365537707E-03
   1095.00    0.7610359963E-03
   1096.00    0.7886929157E-03
   1097.00    0.8197998884E-03
   1098.00    0.8540001733E-03
   1099.00    0.8888721194E-03
   1100.00    0.9163992832E-03
   1101.00    0.9174373768E-03
   1102.00    0.8664633294E-03
   1103.00    0.7700152080E-03
   1104.00    0.6838433968E-03
   1105.00    0.6457498676E-03
   1106.00    0.6481039392E-03
   1107.00    0.6717138465E-03
   1108.00    0.7044729172E-03
   1109.00    0.7409795116E-03
   1110.00    0.7792337931E-03
   1111.00    0.8187014355E-03
   1112.00    0.8594561657E-03
   1113.00    0.9018310208E-03
   1114.00    0.9462842814E-03
   1115.00    0.9933552280E-03
   1116.00    0.1043659299E-02
   1117.00    0.1097902920E-02
   1118.00    0.1156911136E-02
   1119.00    0.1221667088E-02
   1120.00    0.1293365696E-02
   1121.00    0.1373486582E-02
   1122.00    0.1463894217E-02
   1123.00    0.1566977071E-02
   1124.00    0.1685842324E-02
   1125.00    0.1824587390E-02
   1126.00    0.1988668741E-02
   1127.00    0.2185362239E-02
   1128.00    0.2424188129E-02
   1129.00    0.2716728513E-02
   1130.00    0.3073777835E-02
   1131.00    0.3493404541E-02
   1132.00    0.3925126108E-02
   1133.00    0.4207077595E-02
   1134.00    0.4099327277E-02
   1135.00    0.3574950664E-02
   1136.00    0.2901952789E-02
   1137.00    0.2316172701E-02
   1138.00    0.1910893393E-02
   1139.00    0.1720448039E-02
   1140.00    0.1762690080E-02
   1141.00    0.2028989895E-02
   1142.00    0.2478409739E-02
   1143.00    0.3014411324E-02
   1144.00    0.3427375116E-02
   1145.00    0.3491587503E-02
   1146.00    0.3232230168E-02
   1147.00    0.2850908212E-02
   1148.00    0.2483092876E-02
   1149.00    0.2170605708E-02
   1150.00    0.1914499405E-02
   1151.00    0.1705230536E-02
   1152.00    0.1532596853E-02
   1153.00    0.1387883992E-02
   1154.00    0.1263499975E-02
   1155.00    0.1151605100E-02
   1156.00    0.1042652255E-02
   1157.00    0.9282162847E-03
   1158.00    0.8139043642E-03
   1159.00    0.7193515401E-03
   1160.00    0.6504677624E-03
   1161.00    0.5980884541E-03
   1162.00    0.5538485401E-03
   1163.00    0.5137079792E-03
   1164.00    0.4760365685E-03
   1165.00    0.4401679136E-03
   1166.00    0.4057853698E-03
   1167.00    0.3726981976E-03
   1168.00    0.3407656739E-03
   1169.00    0.3098752258E-03
   1170.00    0.2799420162E-03
   1171.00    0.2509208018E-03
   1172.00    0.2228313731E-03
   1173.00    0.1958070740E-03
   1174.00    0.1701875961E-03
   1175.00    0.1466956931E-03
   1176.00    0.1267482494E-03
   1177.00    0.1128439284E-03
   1178.00    0.1084344468E-03
   1179.00    0.1162127619E-03
   1180.00    0.1361431457E-03
   1181.00    0.1663965126E-03
   1182.00    0.2055073389E-03
   1183.00    0.2531936754E-03
   1184.00    0.3103153712E-03
   1185.00    0.3787109728E-03
   1186.00    0.4609242272E-03
   1187.00    0.5591458701E-03
   1188.00    0.6713408014E-03
   1189.00    0.7807459387E-03
   1190.00    0.8429768877E-03
   1191.00    0.8103413961E-03
   1192.00    0.6974771626E-03
   1193.00    0.5641028461E-03
   1194.00    0.4502793420E-03
   1195.00    0.3709977455E-03
   1196.00    0.3323278791E-03
   1197.00    0.3358353360E-03
   1198.00    0.3765348722E-03
   1199.00    0.4465531203E-03
   1200.00    0.5406997775E-03
   1201.00    0.6571353978E-03
   1202.00    0.7939004204E-03
   1203.00    0.9412722285E-03
   1204.00    0.1076932064E-02
   1205.00    0.1225742307E-02
   1206.00    0.1583666430E-02
   1207.00    0.2189906411E-02
   1208.00    0.2661625956E-02
   1209.00    0.2724447636E-02
   1210.00    0.2481515389E-02
   1211.00    0.2150835098E-02
   1212.00    0.1846169175E-02
   1213.00    0.1594738046E-02
   1214.00    0.1392486623E-02
   1215.00    0.1229017481E-02
   1216.00    0.1094809114E-02
   1217.00    0.9825590906E-03
   1218.00    0.8870715793E-03
   1219.00    0.8050534376E-03
   1220.00    0.7353352426E-03
   1221.00    0.6799584361E-03
   1222.00    0.6463228703E-03
   1223.00    0.6473788998E-03
   1224.00    0.6877132429E-03
   1225.00    0.7369864803E-03
   1226.00    0.7514009776E-03
   1227.00    0.7268561077E-03
   1228.00    0.6839082966E-03
   1229.00    0.6371925398E-03
   1230.00    0.5923629562E-03
   1231.00    0.5507649995E-03
   1232.00    0.5122433419E-03
   1233.00    0.4762338977E-03
   1234.00    0.4421300454E-03
   1235.00    0.4093980862E-03
   1236.00    0.3776246624E-03
   1237.00    0.3465747579E-03
   1238.00    0.3163214469E-03
   1239.00    0.2875433394E-03
   1240.00    0.2621685940E-03
   1241.00    0.2445946813E-03
   1242.00    0.2431953021E-03
   1243.00    0.2698769638E-03
   1244.00    0.3357609814E-03
   1245.00    0.4484128619E-03
   1246.00    0.6122979637E-03
   1247.00    0.8197369489E-03
   1248.00    0.1024998444E-02
   1249.00    0.1145775549E-02
   1250.00    0.1149313681E-02
   1251.00    0.1083257195E-02
   1252.00    0.9994955601E-03
   1253.00    0.9213420435E-03
   1254.00    0.8547061469E-03
   1255.00    0.7992896977E-03
   1256.00    0.7532615964E-03
   1257.00    0.7147375772E-03
   1258.00    0.6821463085E-03
   1259.00    0.6542648618E-03
   1260.00    0.6301856627E-03
   1261.00    0.6093139023E-03
   1262.00    0.5914757195E-03
   1263.00    0.5772954356E-03
   1264.00    0.5692011152E-03
   1265.00    0.5735926078E-03
   1266.00    0.6030655566E-03
   1267.00    0.6682419876E-03
   1268.00    0.7439113516E-03
   1269.00    0.7612090830E-03
   1270.00    0.6946732209E-03
   1271.00    0.6039810311E-03
   1272.00    0.5457384650E-03
   1273.00    0.5238319458E-03
   1274.00    0.5226608794E-03
   1275.00    0.5312680190E-03
   1276.00    0.5448794296E-03
   1277.00    0.5619477180E-03
   1278.00    0.5823422357E-03
   1279.00    0.6065989702E-03
   1280.00    0.6356735335E-03
   1281.00    0.6709176912E-03
   1282.00    0.7141765382E-03
   1283.00    0.7679830809E-03
   1284.00    0.8358622860E-03
   1285.00    0.9227629355E-03
   1286.00    0.1035575178E-02
   1287.00    0.1183387353E-02
   1288.00    0.1375975271E-02
   1289.00    0.1615412389E-02
   1290.00    0.1869441432E-02
   1291.00    0.2030550573E-02
   1292.00    0.1954604536E-02
   1293.00    0.1620704329E-02
   1294.00    0.1156710515E-02
   1295.00    0.7308261545E-03
   1296.00    0.4382655493E-03
   1297.00    0.2715443779E-03
   1298.00    0.1868820828E-03
   1299.00    0.1463095453E-03
   1300.00    0.1257761128E-03
   1301.00    0.1132768849E-03
   1302.00    0.1039408769E-03
   1303.00    0.9603360733E-04
   1304.00    0.8898156691E-04
   1305.00    0.8260253758E-04
   1306.00    0.7683470031E-04
   1307.00    0.7164685332E-04
   1308.00    0.6701122107E-04
   1309.00    0.6289704531E-04
   1310.00    0.5927051157E-04
   1311.00    0.5609616016E-04
   1312.00    0.5333827460E-04
   1313.00    0.5096187987E-04
   1314.00    0.4893334505E-04
   1315.00    0.4722067656E-04
   1316.00    0.4579359207E-04
   1317.00    0.4462344459E-04
   1318.00    0.4368304293E-04
   1319.00    0.4294639543E-04
   1320.00    0.4238838926E-04
   1321.00    0.4198440731E-04
   1322.00    0.4170987900E-04
   1323.00    0.4153976008E-04
   1324.00    0.4144794357E-04
   1325.00    0.4140662852E-04
   1326.00    0.4138573698E-04
   1327.00    0.4135262848E-04
   1328.00    0.4127274656E-04
   1329.00    0.4111277834E-04
   1330.00    0.4085025437E-04
   1331.00    0.4049937271E-04
   1332.00    0.4017706555E-04
   1333.00    0.4026349220E-04
   1334.00    0.4174369095E-04
   1335.00    0.4668906994E-04
   1336.00    0.5816197250E-04
   1337.00    0.7819881848E-04
   1338.00    0.1038526591E-03
   1339.00    0.1259678841E-03
   1340.00    0.1380449655E-03
   1341.00    0.1422857852E-03
   1342.00    0.1432680808E-03
   1343.00    0.1436563666E-03
   1344.00    0.1444950728E-03
   1345.00    0.1461055851E-03
   1346.00    0.1485528401E-03
   1347.00    0.1518289715E-03
   1348.00    0.1559192690E-03
   1349.00    0.1608249532E-03
   1350.00    0.1665712121E-03
   1351.00    0.1732110184E-03
   1352.00    0.1808287376E-03
   1353.00    0.1895452944E-03
   1354.00    0.1995260199E-03
   1355.00    0.2109923547E-03
   1356.00    0.2242390222E-03
   1357.00    0.2396591091E-03
   1358.00    0.2577808070E-03
   1359.00    0.2793215901E-03
   1360.00    0.3052685429E-03
   1361.00    0.3369972092E-03
   1362.00    0.3764434072E-03
   1363.00    0.4263322320E-03
   1364.00    0.4904037375E-03
   1365.00    0.5733046650E-03
   1366.00    0.6788818019E-03
   1367.00    0.8033020612E-03
   1368.00    0.9193244252E-03
   1369.00    0.9723954667E-03
   1370.00    0.9361335050E-03
   1371.00    0.8514643929E-03
   1372.00    0.7680141487E-03
   1373.00    0.7075334125E-03
   1374.00    0.6747079530E-03
   1375.00    0.6698016675E-03
   1376.00    0.6938795446E-03
   1377.00    0.7505864952E-03
   1378.00    0.8467980721E-03
   1379.00    0.9919330638E-03
   1380.00    0.1192183204E-02
   1381.00    0.1430371786E-02
   1382.00    0.1634281290E-02
   1383.00    0.1708488824E-02
   1384.00    0.1652569672E-02
   1385.00    0.1547621674E-02
   1386.00    0.1453053362E-02
   1387.00    0.1389190471E-02
   1388.00    0.1358892991E-02
   1389.00    0.1360988935E-02
   1390.00    0.1395072576E-02
   1391.00    0.1462947358E-02
   1392.00    0.1568987711E-02
   1393.00    0.1719585109E-02
   1394.00    0.1919692049E-02
   1395.00    0.2160164472E-02
   1396.00    0.2386200066E-02
   1397.00    0.2471621741E-02
   1398.00    0.2315507771E-02
   1399.00    0.1992288115E-02
   1400.00    0.1645767439E-02
   1401.00    0.1342934173E-02
   1402.00    0.1087450571E-02
   1403.00    0.8742841312E-03
   1404.00    0.7132603972E-03
   1405.00    0.6049549099E-03
   1406.00    0.5327834779E-03
   1407.00    0.4818664080E-03
   1408.00    0.4445885335E-03
   1409.00    0.4177143503E-03
   1410.00    0.4001009795E-03
   1411.00    0.3917829257E-03
   1412.00    0.3937454530E-03
   1413.00    0.4080229922E-03
   1414.00    0.4380023644E-03
   1415.00    0.4888738331E-03
   1416.00    0.5679946833E-03
   1417.00    0.6840250815E-03
   1418.00    0.8408320507E-03
   1419.00    0.1018862007E-02
   1420.00    0.1157042160E-02
   1421.00    0.1200112559E-02
   1422.00    0.1169514878E-02
   1423.00    0.1119810557E-02
   1424.00    0.1082609219E-02
   1425.00    0.1068102737E-02
   1426.00    0.1078387631E-02
   1427.00    0.1113952897E-02
   1428.00    0.1175169927E-02
   1429.00    0.1260231088E-02
   1430.00    0.1357219582E-02
   1431.00    0.1427032467E-02
   1432.00    0.1396903745E-02
   1433.00    0.1226957677E-02
   1434.00    0.9819322579E-03
   1435.00    0.7491052465E-03
   1436.00    0.5628621889E-03
   1437.00    0.4229649252E-03
   1438.00    0.3211758502E-03
   1439.00    0.2512233065E-03
   1440.00    0.2103555907E-03
   1441.00    0.1968349831E-03
   1442.00    0.2060641462E-03
   1443.00    0.2310330117E-03
   1444.00    0.2660434032E-03
   1445.00    0.3081275158E-03
   1446.00    0.3564380381E-03
   1447.00    0.4115165893E-03
   1448.00    0.4749527087E-03
   1449.00    0.5493803944E-03
   1450.00    0.6387462983E-03
   1451.00    0.7488596165E-03
   1452.00    0.8882871249E-03
   1453.00    0.1069609212E-02
   1454.00    0.1310574338E-02
   1455.00    0.1632499587E-02
   1456.00    0.2045572694E-02
   1457.00    0.2495058008E-02
   1458.00    0.2770093953E-02
   1459.00    0.2587427212E-02
   1460.00    0.1986626249E-02
   1461.00    0.1330978671E-02
   1462.00    0.8509068974E-03
   1463.00    0.5558544032E-03
   1464.00    0.3882373177E-03
   1465.00    0.2984143604E-03
   1466.00    0.2537243742E-03
   1467.00    0.2339598127E-03
   1468.00    0.2274274871E-03
   1469.00    0.2278730796E-03
   1470.00    0.2320774052E-03
   1471.00    0.2383384504E-03
   1472.00    0.2456687242E-03
   1473.00    0.2534059078E-03
   1474.00    0.2610276894E-03
   1475.00    0.2680642844E-03
   1476.00    0.2740655862E-03
   1477.00    0.2786200223E-03
   1478.00    0.2814638569E-03
   1479.00    0.2827952649E-03
   1480.00    0.2840690415E-03
   1481.00    0.2898274526E-03
   1482.00    0.3111331474E-03
   1483.00    0.3691705274E-03
   1484.00    0.4943423867E-03
   1485.00    0.7235500605E-03
   1486.00    0.1106462258E-02
   1487.00    0.1714312383E-02
   1488.00    0.2622196976E-02
   1489.00    0.3812120413E-02
   1490.00    0.5046548102E-02
   1491.00    0.6061276851E-02
   1492.00    0.6899354072E-02
   1493.00    0.7710290080E-02
   1494.00    0.8362775247E-02
   1495.00    0.8346275317E-02
   1496.00    0.7206088341E-02
   1497.00    0.5355901063E-02
   1498.00    0.3732862611E-02
   1499.00    0.2680986563E-02
   1500.00    0.2036250603E-02
   1501.00    0.1630901573E-02
   1502.00    0.1401603577E-02
   1503.00    0.1345414917E-02
   1504.00    0.1471196270E-02
   1505.00    0.1774096958E-02
   1506.00    0.2245163058E-02
   1507.00    0.2872405102E-02
   1508.00    0.3588996721E-02
   1509.00    0.4183694141E-02
   1510.00    0.4382927458E-02
   1511.00    0.4195356780E-02
   1512.00    0.3896220814E-02
   1513.00    0.3690743095E-02
   1514.00    0.3575441739E-02
   1515.00    0.3431987731E-02
   1516.00    0.3226364497E-02
   1517.00    0.2993877986E-02
   1518.00    0.2740961017E-02
   1519.00    0.2430152959E-02
   1520.00    0.2059583890E-02
   1521.00    0.1882814120E-02
   1522.00    0.2230556732E-02
   1523.00    0.2827758010E-02
   1524.00    0.3311221117E-02
   1525.00    0.3636908045E-02
   1526.00    0.3838495050E-02
   1527.00    0.3839215705E-02
   1528.00    0.3529119192E-02
   1529.00    0.3003520146E-02
   1530.00    0.2494841774E-02
   1531.00    0.2130779187E-02
   1532.00    0.1928691029E-02
   1533.00    0.1871669358E-02
   1534.00    0.1943100507E-02
   1535.00    0.2130275101E-02
   1536.00    0.2407251763E-02
   1537.00    0.2695737338E-02
   1538.00    0.2855636864E-02
   1539.00    0.2796601045E-02
   1540.00    0.2563013903E-02
   1541.00    0.2266378552E-02
   1542.00    0.1989728432E-02
   1543.00    0.1760785384E-02
   1544.00    0.1577851866E-02
   1545.00    0.1431614125E-02
   1546.00    0.1313915818E-02
   1547.00    0.1219011044E-02
   1548.00    0.1141815190E-02
   1549.00    0.1077937483E-02
   1550.00    0.1024185479E-02
   1551.00    0.9783450772E-03
   1552.00    0.9388403162E-03
   1553.00    0.9045110871E-03
   1554.00    0.8744820132E-03
   1555.00    0.8480815299E-03
   1556.00    0.8247888926E-03
   1557.00    0.8041979521E-03
   1558.00    0.7859917379E-03
   1559.00    0.7699244019E-03
   1560.00    0.7558084009E-03
   1561.00    0.7435055737E-03
   1562.00    0.7329212580E-03
   1563.00    0.7240009357E-03
   1564.00    0.7167291536E-03
   1565.00    0.7111306893E-03
   1566.00    0.7072741512E-03
   1567.00    0.7052784416E-03
   1568.00    0.7053227994E-03
   1569.00    0.7076614820E-03
   1570.00    0.7126445190E-03
   1571.00    0.7207461968E-03
   1572.00    0.7326024196E-03
   1573.00    0.7490549358E-03
   1574.00    0.7711887827E-03
   1575.00    0.8003114646E-03
   1576.00    0.8377052687E-03
   1577.00    0.8836400602E-03
   1578.00    0.9342621674E-03
   1579.00    0.9738539612E-03
   1580.00    0.9649981678E-03
   1581.00    0.8659628870E-03
   1582.00    0.6920339229E-03
   1583.00    0.5091868789E-03
   1584.00    0.3586799883E-03
   1585.00    0.2454448405E-03
   1586.00    0.1614665294E-03
   1587.00    0.9940172980E-04
   1588.00    0.6338034148E-04
   1589.00    0.7921378823E-04
   1590.00    0.1374280784E-03
   1591.00    0.2204060230E-03
   1592.00    0.3201046635E-03
   1593.00    0.4125630416E-03
   1594.00    0.4651557141E-03
   1595.00    0.4739496713E-03
   1596.00    0.4596182592E-03
   1597.00    0.4389054660E-03
   1598.00    0.4188675475E-03
   1599.00    0.4014655468E-03
   1600.00    0.3868248209E-03
   1601.00    0.3745573404E-03
   1602.00    0.3642049067E-03
   1603.00    0.3553657164E-03
   1604.00    0.3477172041E-03
   1605.00    0.3410084222E-03
   1606.00    0.3350459609E-03
   1607.00    0.3296806707E-03
   1608.00    0.3247969055E-03
   1609.00    0.3203042787E-03
   1610.00    0.3161314779E-03
   1611.00    0.3122216575E-03
   1612.00    0.3085290007E-03
   1613.00    0.3050161435E-03
   1614.00    0.3016522286E-03
   1615.00    0.2984114221E-03
   1616.00    0.2952717710E-03
   1617.00    0.2922143114E-03
   1618.00    0.2892223631E-03
   1619.00    0.2862809617E-03
   1620.00    0.2833763917E-03
   1621.00    0.2804957927E-03
   1622.00    0.2776268179E-03
   1623.00    0.2747573267E-03
   1624.00    0.2718750975E-03
   1625.00    0.2689675471E-03
   1626.00    0.2660214464E-03
   1627.00    0.2630226198E-03
   1628.00    0.2599556171E-03
   1629.00    0.2568033455E-03
   1630.00    0.2535466468E-03
   1631.00    0.2501638057E-03
   1632.00    0.2466299704E-03
   1633.00    0.2429164696E-03
   1634.00    0.2389900086E-03
   1635.00    0.2348117373E-03
   1636.00    0.2303362027E-03
   1637.00    0.2255102503E-03
   1638.00    0.2202720490E-03
   1639.00    0.2145506594E-03
   1640.00    0.2082671019E-03
   1641.00    0.2013390641E-03
   1642.00    0.1936940549E-03
   1643.00    0.1853019388E-03
   1644.00    0.1762520332E-03
   1645.00    0.1669326558E-03
   1646.00    0.1584387151E-03
   1647.00    0.1534198367E-03
   1648.00    0.1574073471E-03
   1649.00    0.1794079439E-03
   1650.00    0.2294186367E-03
   1651.00    0.3139160008E-03
   1652.00    0.4291233108E-03
   1653.00    0.5473195981E-03
   1654.00    0.6224080903E-03
   1655.00    0.6390844445E-03
   1656.00    0.6214869575E-03
   1657.00    0.5939324515E-03
   1658.00    0.5675197922E-03
   1659.00    0.5455360102E-03
   1660.00    0.5283549590E-03
   1661.00    0.5155254443E-03
   1662.00    0.5064831221E-03
   1663.00    0.5007601045E-03
   1664.00    0.4980312395E-03
   1665.00    0.4981141240E-03
   1666.00    0.5009617004E-03
   1667.00    0.5066602062E-03
   1668.00    0.5154371009E-03
   1669.00    0.5276815397E-03
   1670.00    0.5439797306E-03
   1671.00    0.5651666259E-03
   1672.00    0.5923897112E-03
   1673.00    0.6271579104E-03
   1674.00    0.6712703971E-03
   1675.00    0.7262701035E-03
   1676.00    0.7913517450E-03
   1677.00    0.8572441582E-03
   1678.00    0.8949320571E-03
   1679.00    0.8583239952E-03
   1680.00    0.7363432223E-03
   1681.00    0.5803876927E-03
   1682.00    0.4399155848E-03
   1683.00    0.3297805439E-03
   1684.00    0.2470077895E-03
   1685.00    0.1851356321E-03
   1686.00    0.1387370800E-03
   1687.00    0.1040824306E-03
   1688.00    0.7892066269E-04
   1689.00    0.6213724203E-04
   1690.00    0.5315145918E-04
   1691.00    0.5085155165E-04
   1692.00    0.5311139733E-04
   1693.00    0.5772117979E-04
   1694.00    0.6320816591E-04
   1695.00    0.6880418225E-04
   1696.00    0.7415701591E-04
   1697.00    0.7912356830E-04
   1698.00    0.8366046662E-04
   1699.00    0.8777061014E-04
   1700.00    0.9147736419E-04
   1701.00    0.9481205048E-04
   1702.00    0.9780789077E-04
   1703.00    0.1004971384E-03
   1704.00    0.1029098079E-03
   1705.00    0.1050732105E-03
   1706.00    0.1070118906E-03
   1707.00    0.1087477556E-03
   1708.00    0.1103002897E-03
   1709.00    0.1116867947E-03
   1710.00    0.1129226302E-03
   1711.00    0.1140214385E-03
   1712.00    0.1149953494E-03
   1713.00    0.1158551623E-03
   1714.00    0.1166105068E-03
   1715.00    0.1172699839E-03
   1716.00    0.1178412886E-03
   1717.00    0.1183313169E-03
   1718.00    0.1187462588E-03
   1719.00    0.1190916793E-03
   1720.00    0.1193725887E-03
   1721.00    0.1195935043E-03
   1722.00    0.1197585037E-03
   1723.00    0.1198712718E-03
   1724.00    0.1199351415E-03
   1725.00    0.1199531302E-03
   1726.00    0.1199279705E-03
   1727.00    0.1198621388E-03
   1728.00    0.1197578789E-03
   1729.00    0.1196172242E-03
   1730.00    0.1194420161E-03
   1731.00    0.1192339214E-03
   1732.00    0.1189944464E-03
   1733.00    0.1187249507E-03
   1734.00    0.1184266585E-03
   1735.00    0.1181006687E-03
   1736.00    0.1177479642E-03
   1737.00    0.1173694199E-03
   1738.00    0.1169658097E-03
   1739.00    0.1165378124E-03
   1740.00    0.1160860177E-03
   1741.00    0.1156109304E-03
   1742.00    0.1151129745E-03
   1743.00    0.1145924969E-03
   1744.00    0.1140497700E-03
   1745.00    0.1134849943E-03
   1746.00    0.1128983001E-03
   1747.00    0.1122897489E-03
   1748.00    0.1116593348E-03
   1749.00    0.1110069844E-03
   1750.00    0.1103325571E-03
   1751.00    0.1096358452E-03
   1752.00    0.1089165724E-03
   1753.00    0.1081743934E-03
   1754.00    0.1074088916E-03
   1755.00    0.1066195773E-03
   1756.00    0.1058058853E-03
   1757.00    0.1049671712E-03
   1758.00    0.1041027085E-03
   1759.00    0.1032116837E-03
   1760.00    0.1022931919E-03
   1761.00    0.1013462310E-03
   1762.00    0.1003696953E-03
   1763.00    0.9936236867E-04
   1764.00    0.9832291617E-04
   1765.00    0.9724987518E-04
   1766.00    0.9614164508E-04
   1767.00    0.9499647594E-04
   1768.00    0.9381245563E-04
   1769.00    0.9258749553E-04
   1770.00    0.9131931446E-04
   1771.00    0.9000542076E-04
   1772.00    0.8864309224E-04
   1773.00    0.8722935389E-04
   1774.00    0.8576095294E-04
   1775.00    0.8423433131E-04
   1776.00    0.8264559509E-04
   1777.00    0.8099048097E-04
   1778.00    0.7926431969E-04
   1779.00    0.7746199671E-04
   1780.00    0.7557791076E-04
   1781.00    0.7360593138E-04
   1782.00    0.7153935796E-04
   1783.00    0.6937088418E-04
   1784.00    0.6709257480E-04
   1785.00    0.6469586669E-04
   1786.00    0.6217161412E-04
   1787.00    0.5951021294E-04
   1788.00    0.5670186351E-04
   1789.00    0.5373707855E-04
   1790.00    0.5060762784E-04
   1791.00    0.4730827626E-04
   1792.00    0.4383999705E-04
   1793.00    0.4021600230E-04
   1794.00    0.3647329543E-04
   1795.00    0.3269519973E-04
   1796.00    0.2905513979E-04
   1797.00    0.2589552984E-04
   1798.00    0.2383061676E-04
   1799.00    0.2373205420E-04
   1800.00    0.2634115954E-04
   1801.00    0.3181172175E-04
   1802.00    0.3989229553E-04
   1803.00    0.5037968828E-04
   1804.00    0.6330174463E-04
   1805.00    0.7892615318E-04
   1806.00    0.9775758046E-04
   1807.00    0.1205718928E-03
   1808.00    0.1484979706E-03
   1809.00    0.1831562837E-03
   1810.00    0.2268622181E-03
   1811.00    0.2828665633E-03
   1812.00    0.3554296741E-03
   1813.00    0.4488633163E-03
   1814.00    0.5628020508E-03
   1815.00    0.6794169203E-03
   1816.00    0.7536075830E-03
   1817.00    0.7500018967E-03
   1818.00    0.6899412594E-03
   1819.00    0.6148317198E-03
   1820.00    0.5463668840E-03
   1821.00    0.4897741688E-03
   1822.00    0.4441954345E-03
   1823.00    0.4074735538E-03
   1824.00    0.3775925104E-03
   1825.00    0.3529625487E-03
   1826.00    0.3323904562E-03
   1827.00    0.3149905321E-03
   1828.00    0.3001028490E-03
   1829.00    0.2872308321E-03
   1830.00    0.2759962474E-03
   1831.00    0.2661072966E-03
   1832.00    0.2573360183E-03
   1833.00    0.2495021755E-03
   1834.00    0.2424616510E-03
   1835.00    0.2360979941E-03
   1836.00    0.2303161899E-03
   1837.00    0.2250380123E-03
   1838.00    0.2201985176E-03
   1839.00    0.2157433714E-03
   1840.00    0.2116267886E-03
   1841.00    0.2078099308E-03
   1842.00    0.2042596476E-03
   1843.00    0.2009474799E-03
   1844.00    0.1978488645E-03
   1845.00    0.1949424935E-03
   1846.00    0.1922097955E-03
   1847.00    0.1896345127E-03
   1848.00    0.1872023532E-03
   1849.00    0.1849007038E-03
   1850.00    0.1827183919E-03
   1851.00    0.1806454867E-03
   1852.00    0.1786731312E-03
   1853.00    0.1767934024E-03
   1854.00    0.1749991909E-03
   1855.00    0.1732841001E-03
   1856.00    0.1716423590E-03
   1857.00    0.1700687476E-03
   1858.00    0.1685585332E-03
   1859.00    0.1671074149E-03
   1860.00    0.1657114754E-03
   1861.00    0.1643671392E-03
   1862.00    0.1630711366E-03
   1863.00    0.1618204713E-03
   1864.00    0.1606123927E-03
   1865.00    0.1594443711E-03
   1866.00    0.1583140762E-03
   1867.00    0.1572193575E-03
   1868.00    0.1561582279E-03
   1869.00    0.1551288478E-03
   1870.00    0.1541295120E-03
   1871.00    0.1531586377E-03
   1872.00    0.1522147537E-03
   1873.00    0.1512964906E-03
   1874.00    0.1504025721E-03
   1875.00    0.1495318075E-03
   1876.00    0.1486830843E-03
   1877.00    0.1478553623E-03
   1878.00    0.1470476672E-03
   1879.00    0.1462590862E-03
   1880.00    0.1454887624E-03
   1881.00    0.1447358913E-03
   1882.00    0.1439997165E-03
   1883.00    0.1432795261E-03
   1884.00    0.1425746497E-03
   1885.00    0.1418844551E-03
   1886.00    0.1412083459E-03
   1887.00    0.1405457588E-03
   1888.00    0.1398961614E-03
   1889.00    0.1392590502E-03
   1890.00    0.1386339485E-03
   1891.00    0.1380204047E-03
   1892.00    0.1374179905E-03
   1893.00    0.1368262997E-03
   1894.00    0.1362449467E-03
   1895.00    0.1356735649E-03
   1896.00    0.1351118061E-03
   1897.00    0.1345593387E-03
   1898.00    0.1340158473E-03
   1899.00    0.1334810313E-03
   1900.00    0.1329546043E-03
   1901.00    0.1324362930E-03
   1902.00    0.1319258369E-03
   1903.00    0.1314229870E-03
   1904.00    0.1309275055E-03
   1905.00    0.1304391651E-03
   1906.00    0.1299577485E-03
   1907.00    0.1294830477E-03
   1908.00    0.1290148635E-03
   1909.00    0.1285530053E-03
   1910.00    0.1280972902E-03
   1911.00    0.1276475431E-03
   1912.00    0.1272035958E-03
   1913.00    0.1267652871E-03
   1914.00    0.1263324621E-03
   1915.00    0.1259049720E-03
   1916.00    0.1254826739E-03
   1917.00    0.1250654305E-03
   1918.00    0.1246531094E-03
   1919.00    0.1242455837E-03
   1920.00    0.1238427309E-03
   1921.00    0.1234444331E-03
   1922.00    0.1230505768E-03
   1923.00    0.1226610526E-03
   1924.00    0.1222757551E-03
   1925.00    0.1218945825E-03
   1926.00    0.1215174368E-03
   1927.00    0.1211442232E-03
   1928.00    0.1207748502E-03
   1929.00    0.1204092297E-03
   1930.00    0.1200472763E-03
   1931.00    0.1196889075E-03
   1932.00    0.1193340438E-03
   1933.00    0.1189826080E-03
   1934.00    0.1186345255E-03
   1935.00    0.1182897243E-03
   1936.00    0.1179481345E-03
   1937.00    0.1176096885E-03
   1938.00    0.1172743208E-03
   1939.00    0.1169419681E-03
   1940.00    0.1166125687E-03
   1941.00    0.1162860632E-03
   1942.00    0.1159623936E-03
   1943.00    0.1156415041E-03
   1944.00    0.1153233401E-03
   1945.00    0.1150078490E-03
   1946.00    0.1146949795E-03
   1947.00    0.1143846818E-03
   1948.00    0.1140769076E-03
   1949.00    0.1137716101E-03
   1950.00    0.1134687435E-03
   1951.00    0.1131682637E-03
   1952.00    0.1128701274E-03
   1953.00    0.1125742928E-03
   1954.00    0.1122807191E-03
   1955.00    0.1119893667E-03
   1956.00    0.1117001970E-03
   1957.00    0.1114131724E-03
   1958.00    0.1111282563E-03
   1959.00    0.1108454132E-03
   1960.00    0.1105646083E-03
   1961.00    0.1102858080E-03
   1962.00    0.1100089791E-03
   1963.00    0.1097340898E-03
   1964.00    0.1094611086E-03
   1965.00    0.1091900051E-03
   1966.00    0.1089207496E-03
   1967.00    0.1086533130E-03
   1968.00    0.1083876670E-03
   1969.00    0.1081237840E-03
   1970.00    0.1078616371E-03
   1971.00    0.1076011999E-03
   1972.00    0.1073424468E-03
   1973.00    0.1070853527E-03
   1974.00    0.1068298929E-03
   1975.00    0.1065760437E-03
   1976.00    0.1063237817E-03
   1977.00    0.1060730838E-03
   1978.00    0.1058239279E-03
   1979.00    0.1055762921E-03
   1980.00    0.1053301549E-03
   1981.00    0.1050854956E-03
   1982.00    0.1048422937E-03
   1983.00    0.1046005292E-03
   1984.00    0.1043601825E-03
   1985.00    0.1041212346E-03
   1986.00    0.1038836666E-03
   1987.00    0.1036474603E-03
   1988.00    0.1034125977E-03
   1989.00    0.1031790612E-03
   1990.00    0.1029468336E-03
   1991.00    0.1027158981E-03
   1992.00    0.1024862380E-03
   1993.00    0.1022578374E-03
   1994.00    0.1020306802E-03
   1995.00    0.1018047509E-03
   1996.00    0.1015800343E-03
   1997.00    0.1013565155E-03
   1998.00    0.1011341798E-03
   1999.00    0.1009130128E-03
   2000.00    0.1006930005E-03
   2001.00    0.1004741290E-03
   2002.00    0.1002563848E-03
   2003.00    0.1000397546E-03
   2004.00    0.9982422525E-04
   2005.00    0.9960978404E-04
   2006.00    0.9939641837E-04
   2007.00    0.9918411588E-04
   2008.00    0.9897286445E-04
   2009.00    0.9876265218E-04
   2010.00    0.9855346739E-04
   2011.00    0.9834529859E-04
   2012.00    0.9813813450E-04
   2013.00    0.9793196404E-04
   2014.00    0.9772677634E-04
   2015.00    0.9752256068E-04
   2016.00    0.9731930657E-04
   2017.00    0.9711700365E-04
   2018.00    0.9691564179E-04
   2019.00    0.9671521098E-04
   2020.00    0.9651570142E-04
   2021.00    0.9631710345E-04
   2022.00    0.9611940756E-04
   2023.00    0.9592260443E-04
   2024.00    0.9572668487E-04
   2025.00    0.9553163983E-04
   2026.00    0.9533746043E-04
   2027.00    0.9514413793E-04
   2028.00    0.9495166370E-04
   2029.00    0.9476002928E-04
   2030.00    0.9456922632E-04
   2031.00    0.9437924662E-04
   2032.00    0.9419008209E-04
   2033.00    0.9400172478E-04
   2034.00    0.9381416685E-04
   2035.00    0.9362740058E-04
   2036.00    0.9344141838E-04
   2037.00    0.9325621276E-04
   2038.00    0.9307177634E-04
   2039.00    0.9288810187E-04
   2040.00    0.9270518218E-04
   2041.00    0.9252301023E-04
   2042.00    0.9234157906E-04
   2043.00    0.9216088183E-04
   2044.00    0.9198091179E-04
   2045.00    0.9180166229E-04
   2046.00    0.9162312676E-04
   2047.00    0.9144529876E-04
   2048.00    0.9126817189E-04
   2049.00    0.9109173987E-04
   2050.00    0.9091599652E-04
   2051.00    0.9074093571E-04
   2052.00    0.9056655141E-04
   2053.00    0.9039283769E-04
   2054.00    0.9021978868E-04
   2055.00    0.9004739859E-04
   2056.00    0.8987566171E-04
   2057.00    0.8970457241E-04
   2058.00    0.8953412513E-04
   2059.00    0.8936431439E-04
   2060.00    0.8919513477E-04
   2061.00    0.8902658094E-04
   2062.00    0.8885864762E-04
   2063.00    0.8869132960E-04
   2064.00    0.8852462175E-04
   2065.00    0.8835851900E-04
   2066.00    0.8819301632E-04
   2067.00    0.8802810879E-04
   2068.00    0.8786379151E-04
   2069.00    0.8770005967E-04
   2070.00    0.8753690849E-04
   2071.00    0.8737433327E-04
   2072.00    0.8721232937E-04
   2073.00    0.8705089220E-04
   2074.00    0.8689001721E-04
   2075.00    0.8672969993E-04
   2076.00    0.8656993592E-04
   2077.00    0.8641072083E-04
   2078.00    0.8625205032E-04
   2079.00    0.8609392011E-04
   2080.00    0.8593632600E-04
   2081.00    0.8577926379E-04
   2082.00    0.8562272938E-04
   2083.00    0.8546671868E-04
   2084.00    0.8531122766E-04
   2085.00    0.8515625233E-04
   2086.00    0.8500178877E-04
   2087.00    0.8484783306E-04
   2088.00    0.8469438136E-04
   2089.00    0.8454142985E-04
   2090.00    0.8438897478E-04
   2091.00    0.8423701242E-04
   2092.00    0.8408553908E-04
   2093.00    0.8393455111E-04
   2094.00    0.8378404492E-04
   2095.00    0.8363401693E-04
   2096.00    0.8348446361E-04
   2097.00    0.8333538149E-04
   2098.00    0.8318676710E-04
   2099.00    0.8303861702E-04
   2100.00    0.8289092788E-04
   2101.00    0.8274369632E-04
   2102.00    0.8259691905E-04
   2103.00    0.8245059277E-04
   2104.00    0.8230471425E-04
   2105.00    0.8215928028E-04
   2106.00    0.8201428768E-04
   2107.00    0.8186973330E-04
   2108.00    0.8172561403E-04
   2109.00    0.8158192679E-04
   2110.00    0.8143866853E-04
   2111.00    0.8129583621E-04
   2112.00    0.8115342686E-04
   2113.00    0.8101143751E-04
   2114.00    0.8086986522E-04
   2115.00    0.8072870709E-04
   2116.00    0.8058796025E-04
   2117.00    0.8044762183E-04
   2118.00    0.8030768902E-04
   2119.00    0.8016815903E-04
   2120.00    0.8002902909E-04
   2121.00    0.7989029644E-04
   2122.00    0.7975195838E-04
   2123.00    0.7961401220E-04
   2124.00    0.7947645525E-04
   2125.00    0.7933928489E-04
   2126.00    0.7920249848E-04
   2127.00    0.7906609344E-04
   2128.00    0.7893006720E-04
   2129.00    0.7879441720E-04
   2130.00    0.7865914093E-04
   2131.00    0.7852423587E-04
   2132.00    0.7838969956E-04
   2133.00    0.7825552953E-04
   2134.00    0.7812172334E-04
   2135.00    0.7798827858E-04
   2136.00    0.7785519285E-04
   2137.00    0.7772246378E-04
   2138.00    0.7759008902E-04
   2139.00    0.7745806624E-04
   2140.00    0.7732639311E-04
   2141.00    0.7719506735E-04
   2142.00    0.7706408668E-04
   2143.00    0.7693344885E-04
   2144.00    0.7680315163E-04
   2145.00    0.7667319278E-04
   2146.00    0.7654357012E-04
   2147.00    0.7641428146E-04
   2148.00    0.7628532464E-04
   2149.00    0.7615669751E-04
   2150.00    0.7602839795E-04
   2151.00    0.7590042384E-04
   2152.00    0.7577277309E-04
   2153.00    0.7564544362E-04
   2154.00    0.7551843337E-04
   2155.00    0.7539174030E-04
   2156.00    0.7526536237E-04
   2157.00    0.7513929758E-04
   2158.00    0.7501354393E-04
   2159.00    0.7488809943E-04
   2160.00    0.7476296212E-04
   2161.00    0.7463813005E-04
   2162.00    0.7451360128E-04
   2163.00    0.7438937389E-04
   2164.00    0.7426544597E-04
   2165.00    0.7414181563E-04
   2166.00    0.7401848099E-04
   2167.00    0.7389544018E-04
   2168.00    0.7377269136E-04
   2169.00    0.7365023268E-04
   2170.00    0.7352806232E-04
   2171.00    0.7340617848E-04
   2172.00    0.7328457935E-04
   2173.00    0.7316326315E-04
   2174.00    0.7304222811E-04
   2175.00    0.7292147246E-04
   2176.00    0.7280099446E-04
   2177.00    0.7268079238E-04
   2178.00    0.7256086449E-04
   2179.00    0.7244120909E-04
   2180.00    0.7232182447E-04
   2181.00    0.7220270895E-04
   2182.00    0.7208386085E-04
   2183.00    0.7196527851E-04
   2184.00    0.7184696028E-04
   2185.00    0.7172890451E-04
   2186.00    0.7161110957E-04
   2187.00    0.7149357386E-04
   2188.00    0.7137629574E-04
   2189.00    0.7125927364E-04
   2190.00    0.7114250596E-04
   2191.00    0.7102599112E-04
   2192.00    0.7090972756E-04
   2193.00    0.7079371372E-04
   2194.00    0.7067794806E-04
   2195.00    0.7056242903E-04
   2196.00    0.7044715511E-04
   2197.00    0.7033212479E-04
   2198.00    0.7021733655E-04
   2199.00    0.7010278890E-04
   2200.00    0.6998848035E-04
   2201.00    0.6987440941E-04
   2202.00    0.6976057462E-04
   2203.00    0.6964697452E-04
   2204.00    0.6953360765E-04
   2205.00    0.6942047257E-04
   2206.00    0.6930756785E-04
   2207.00    0.6919489205E-04
   2208.00    0.6908244376E-04
   2209.00    0.6897022156E-04
   2210.00    0.6885822407E-04
   2211.00    0.6874644988E-04
   2212.00    0.6863489760E-04
   2213.00    0.6852356587E-04
   2214.00    0.6841245331E-04
   2215.00    0.6830155856E-04
   2216.00    0.6819088027E-04
   2217.00    0.6808041708E-04
   2218.00    0.6797016767E-04
   2219.00    0.6786013070E-04
   2220.00    0.6775030484E-04
   2221.00    0.6764068878E-04
   2222.00    0.6753128122E-04
   2223.00    0.6742208084E-04
   2224.00    0.6731308635E-04
   2225.00    0.6720429647E-04
   2226.00    0.6709570990E-04
   2227.00    0.6698732539E-04
   2228.00    0.6687914166E-04
   2229.00    0.6677115744E-04
   2230.00    0.6666337149E-04
   2231.00    0.6655578256E-04
   2232.00    0.6644838939E-04
   2233.00    0.6634119077E-04
   2234.00    0.6623418545E-04
   2235.00    0.6612737222E-04
   2236.00    0.6602074986E-04
   2237.00    0.6591431715E-04
   2238.00    0.6580807290E-04
   2239.00    0.6570201590E-04
   2240.00    0.6559614496E-04
   2241.00    0.6549045888E-04
   2242.00    0.6538495650E-04
   2243.00    0.6527963664E-04
   2244.00    0.6517449811E-04
   2245.00    0.6506953976E-04
   2246.00    0.6496476043E-04
   2247.00    0.6486015896E-04
   2248.00    0.6475573421E-04
   2249.00    0.6465148503E-04
   2250.00    0.6454741027E-04
   2251.00    0.6444350881E-04
   2252.00    0.6433977953E-04
   2253.00    0.6423622128E-04
   2254.00    0.6413283296E-04
   2255.00    0.6402961345E-04
   2256.00    0.6392656165E-04
   2257.00    0.6382367644E-04
   2258.00    0.6372095673E-04
   2259.00    0.6361840143E-04
   2260.00    0.6351600943E-04
   2261.00    0.6341377967E-04
   2262.00    0.6331171105E-04
   2263.00    0.6320980249E-04
   2264.00    0.6310805293E-04
   2265.00    0.6300646130E-04
   2266.00    0.6290502653E-04
   2267.00    0.6280374756E-04
   2268.00    0.6270262334E-04
   2269.00    0.6260165281E-04
   2270.00    0.6250083493E-04
   2271.00    0.6240016866E-04
   2272.00    0.6229965294E-04
   2273.00    0.6219928675E-04
   2274.00    0.6209906905E-04
   2275.00    0.6199899882E-04
   2276.00    0.6189907503E-04
   2277.00    0.6179929666E-04
   2278.00    0.6169966270E-04
   2279.00    0.6160017212E-04
   2280.00    0.6150082392E-04
   2281.00    0.6140161709E-04
   2282.00    0.6130255062E-04
   2283.00    0.6120362353E-04
   2284.00    0.6110483480E-04
   2285.00    0.6100618346E-04
   2286.00    0.6090766850E-04
   2287.00    0.6080928894E-04
   2288.00    0.6071104379E-04
   2289.00    0.6061293209E-04
   2290.00    0.6051495284E-04
   2291.00    0.6041710507E-04
   2292.00    0.6031938782E-04
   2293.00    0.6022180010E-04
   2294.00    0.6012434097E-04
   2295.00    0.6002700945E-04
   2296.00    0.5992980458E-04
   2297.00    0.5983272541E-04
   2298.00    0.5973577098E-04
   2299.00    0.5963894034E-04
   2300.00    0.5954223254E-04
   2301.00    0.5944564664E-04
   2302.00    0.5934918168E-04
   2303.00    0.5925283673E-04
   2304.00    0.5915661086E-04
   2305.00    0.5906050311E-04
   2306.00    0.5896451256E-04
   2307.00    0.5886863827E-04
   2308.00    0.5877287932E-04
   2309.00    0.5867723478E-04
   2310.00    0.5858170372E-04
   2311.00    0.5848628522E-04
   2312.00    0.5839097836E-04
   2313.00    0.5829578222E-04
   2314.00    0.5820069588E-04
   2315.00    0.5810571843E-04
   2316.00    0.5801084896E-04
   2317.00    0.5791608655E-04
   2318.00    0.5782143029E-04
   2319.00    0.5772687929E-04
   2320.00    0.5763243263E-04
   2321.00    0.5753808941E-04
   2322.00    0.5744384873E-04
   2323.00    0.5734970969E-04
   2324.00    0.5725567140E-04
   2325.00    0.5716173294E-04
   2326.00    0.5706789344E-04
   2327.00    0.5697415200E-04
   2328.00    0.5688050772E-04
   2329.00    0.5678695972E-04
   2330.00    0.5669350710E-04
   2331.00    0.5660014898E-04
   2332.00    0.5650688448E-04
   2333.00    0.5641371271E-04
   2334.00    0.5632063278E-04
   2335.00    0.5622764382E-04
   2336.00    0.5613474494E-04
   2337.00    0.5604193526E-04
   2338.00    0.5594921391E-04
   2339.00    0.5585658002E-04
   2340.00    0.5576403269E-04
   2341.00    0.5567157107E-04
   2342.00    0.5557919427E-04
   2343.00    0.5548690142E-04
   2344.00    0.5539469165E-04
   2345.00    0.5530256410E-04
   2346.00    0.5521051788E-04
   2347.00    0.5511855213E-04
   2348.00    0.5502666599E-04
   2349.00    0.5493485859E-04
   2350.00    0.5484312905E-04
   2351.00    0.5475147652E-04
   2352.00    0.5465990012E-04
   2353.00    0.5456839900E-04
   2354.00    0.5447697229E-04
   2355.00    0.5438561913E-04
   2356.00    0.5429433865E-04
   2357.00    0.5420312999E-04
   2358.00    0.5411199230E-04
   2359.00    0.5402092470E-04
   2360.00    0.5392992634E-04
   2361.00    0.5383899637E-04
   2362.00    0.5374813391E-04
   2363.00    0.5365733811E-04
   2364.00    0.5356660810E-04
   2365.00    0.5347594304E-04
   2366.00    0.5338534207E-04
   2367.00    0.5329480431E-04
   2368.00    0.5320432892E-04
   2369.00    0.5311391503E-04
   2370.00    0.5302356180E-04
   2371.00    0.5293326835E-04
   2372.00    0.5284303384E-04
   2373.00    0.5275285740E-04
   2374.00    0.5266273817E-04
   2375.00    0.5257267530E-04
   2376.00    0.5248266793E-04
   2377.00    0.5239271520E-04
   2378.00    0.5230281625E-04
   2379.00    0.5221297022E-04
   2380.00    0.5212317626E-04
   2381.00    0.5203343350E-04
   2382.00    0.5194374108E-04
   2383.00    0.5185409814E-04
   2384.00    0.5176450383E-04
   2385.00    0.5167495728E-04
   2386.00    0.5158545762E-04
   2387.00    0.5149600401E-04
   2388.00    0.5140659557E-04
   2389.00    0.5131723145E-04
   2390.00    0.5122791077E-04
   2391.00    0.5113863267E-04
   2392.00    0.5104939630E-04
   2393.00    0.5096020078E-04
   2394.00    0.5087104524E-04
   2395.00    0.5078192883E-04
   2396.00    0.5069285066E-04
   2397.00    0.5060380988E-04
   2398.00    0.5051480561E-04
   2399.00    0.5042583699E-04
   2400.00    0.5033690313E-04
   2401.00    0.5024800317E-04
   2402.00    0.5015913624E-04
   2403.00    0.5007030145E-04
   2404.00    0.4998149794E-04
   2405.00    0.4989272483E-04
   2406.00    0.4980398123E-04
   2407.00    0.4971526627E-04
   2408.00    0.4962657907E-04
   2409.00    0.4953791874E-04
   2410.00    0.4944928441E-04
   2411.00    0.4936067518E-04
   2412.00    0.4927209018E-04
   2413.00    0.4918352851E-04
   2414.00    0.4909498928E-04
   2415.00    0.4900647161E-04
   2416.00    0.4891797460E-04
   2417.00    0.4882949736E-04
   2418.00    0.4874103900E-04
   2419.00    0.4865259861E-04
   2420.00    0.4856417530E-04
   2421.00    0.4847576817E-04
   2422.00    0.4838737631E-04
   2423.00    0.4829899882E-04
   2424.00    0.4821063480E-04
   2425.00    0.4812228333E-04
   2426.00    0.4803394352E-04
   2427.00    0.4794561444E-04
   2428.00    0.4785729518E-04
   2429.00    0.4776898482E-04
   2430.00    0.4768068246E-04
   2431.00    0.4759238716E-04
   2432.00    0.4750409801E-04
   2433.00    0.4741581408E-04
   2434.00    0.4732753444E-04
   2435.00    0.4723925816E-04
   2436.00    0.4715098432E-04
   2437.00    0.4706271198E-04
   2438.00    0.4697444020E-04
   2439.00    0.4688616805E-04
   2440.00    0.4679789457E-04
   2441.00    0.4670961884E-04
   2442.00    0.4662133989E-04
   2443.00    0.4653305679E-04
   2444.00    0.4644476858E-04
   2445.00    0.4635647430E-04
   2446.00    0.4626817300E-04
   2447.00    0.4617986371E-04
   2448.00    0.4609154548E-04
   2449.00    0.4600321733E-04
   2450.00    0.4591487830E-04
   2451.00    0.4582652741E-04
   2452.00    0.4573816370E-04
   2453.00    0.4564978617E-04
   2454.00    0.4556139385E-04
   2455.00    0.4547298576E-04
   2456.00    0.4538456090E-04
   2457.00    0.4529611828E-04
   2458.00    0.4520765691E-04
   2459.00    0.4511917578E-04
   2460.00    0.4503067391E-04
   2461.00    0.4494215027E-04
   2462.00    0.4485360387E-04
   2463.00    0.4476503369E-04
   2464.00    0.4467643871E-04
   2465.00    0.4458781791E-04
   2466.00    0.4449917027E-04
   2467.00    0.4441049475E-04
   2468.00    0.4432179034E-04
   2469.00    0.4423305599E-04
   2470.00    0.4414429066E-04
   2471.00    0.4405549331E-04
   2472.00    0.4396666289E-04
   2473.00    0.4387779834E-04
   2474.00    0.4378889862E-04
   2475.00    0.4369996266E-04
   2476.00    0.4361098940E-04
   2477.00    0.4352197776E-04
   2478.00    0.4343292667E-04
   2479.00    0.4334383505E-04
   2480.00    0.4325470183E-04
   2481.00    0.4316552591E-04
   2482.00    0.4307630619E-04
   2483.00    0.4298704159E-04
   2484.00    0.4289773100E-04
   2485.00    0.4280837331E-04
   2486.00    0.4271896741E-04
   2487.00    0.4262951219E-04
   2488.00    0.4254000652E-04
   2489.00    0.4245044927E-04
   2490.00    0.4236083932E-04
   2491.00    0.4227117552E-04
   2492.00    0.4218145673E-04
   2493.00    0.4209168180E-04
   2494.00    0.4200184958E-04
   2495.00    0.4191195891E-04
   2496.00    0.4182200862E-04
   2497.00    0.4173199755E-04
   2498.00    0.4164192451E-04
   2499.00    0.4155178833E-04
   2500.00    0.4146158781E-04
   2501.00    0.4137132176E-04
   2502.00    0.4128098898E-04
   2503.00    0.4119058826E-04
   2504.00    0.4110011840E-04
   2505.00    0.4100957817E-04
   2506.00    0.4091896634E-04
   2507.00    0.4082828169E-04
   2508.00    0.4073752297E-04
   2509.00    0.4064668894E-04
   2510.00    0.4055577836E-04
   2511.00    0.4046478995E-04
   2512.00    0.4037372246E-04
   2513.00    0.4028257462E-04
   2514.00    0.4019134514E-04
   2515.00    0.4010003274E-04
   2516.00    0.4000863612E-04
   2517.00    0.3991715399E-04
   2518.00    0.3982558503E-04
   2519.00    0.3973392794E-04
   2520.00    0.3964218138E-04
   2521.00    0.3955034404E-04
   2522.00    0.3945841456E-04
   2523.00    0.3936639161E-04
   2524.00    0.3927427383E-04
   2525.00    0.3918205986E-04
   2526.00    0.3908974832E-04
   2527.00    0.3899733785E-04
   2528.00    0.3890482706E-04
   2529.00    0.3881221454E-04
   2530.00    0.3871949890E-04
   2531.00    0.3862667873E-04
   2532.00    0.3853375261E-04
   2533.00    0.3844071910E-04
   2534.00    0.3834757678E-04
   2535.00    0.3825432418E-04
   2536.00    0.3816095987E-04
   2537.00    0.3806748236E-04
   2538.00    0.3797389020E-04
   2539.00    0.3788018189E-04
   2540.00    0.3778635595E-04
   2541.00    0.3769241086E-04
   2542.00    0.3759834513E-04
   2543.00    0.3750415722E-04
   2544.00    0.3740984560E-04
   2545.00    0.3731540874E-04
   2546.00    0.3722084507E-04
   2547.00    0.3712615304E-04
   2548.00    0.3703133108E-04
   2549.00    0.3693637760E-04
   2550.00    0.3684129101E-04
   2551.00    0.3674606970E-04
   2552.00    0.3665071206E-04
   2553.00    0.3655521646E-04
   2554.00    0.3645958126E-04
   2555.00    0.3636380481E-04
   2556.00    0.3626788546E-04
   2557.00    0.3617182153E-04
   2558.00    0.3607561134E-04
   2559.00    0.3597925319E-04
   2560.00    0.3588274537E-04
   2561.00    0.3578608617E-04
   2562.00    0.3568927385E-04
   2563.00    0.3559230667E-04
   2564.00    0.3549518288E-04
   2565.00    0.3539790069E-04
   2566.00    0.3530045834E-04
   2567.00    0.3520285403E-04
   2568.00    0.3510508594E-04
   2569.00    0.3500715226E-04
   2570.00    0.3490905114E-04
   2571.00    0.3481078076E-04
   2572.00    0.3471233923E-04
   2573.00    0.3461372468E-04
   2574.00    0.3451493523E-04
   2575.00    0.3441596897E-04
   2576.00    0.3431682398E-04
   2577.00    0.3421749833E-04
   2578.00    0.3411799006E-04
   2579.00    0.3401829722E-04
   2580.00    0.3391841783E-04
   2581.00    0.3381834989E-04
   2582.00    0.3371809140E-04
   2583.00    0.3361764033E-04
   2584.00    0.3351699463E-04
   2585.00    0.3341615226E-04
   2586.00    0.3331511114E-04
   2587.00    0.3321386919E-04
   2588.00    0.3311242428E-04
   2589.00    0.3301077431E-04
   2590.00    0.3290891714E-04
   2591.00    0.3280685060E-04
   2592.00    0.3270457252E-04
   2593.00    0.3260208072E-04
   2594.00    0.3249937298E-04
   2595.00    0.3239644707E-04
   2596.00    0.3229330075E-04
   2597.00    0.3218993175E-04
   2598.00    0.3208633780E-04
   2599.00    0.3198251658E-04
   2600.00    0.3187846578E-04
   2601.00    0.3177418306E-04
   2602.00    0.3166966606E-04
   2603.00    0.3156491240E-04
   2604.00    0.3145991967E-04
   2605.00    0.3135468545E-04
   2606.00    0.3124920732E-04
   2607.00    0.3114348280E-04
   2608.00    0.3103750941E-04
   2609.00    0.3093128464E-04
   2610.00    0.3082480598E-04
   2611.00    0.3071807087E-04
   2612.00    0.3061107674E-04
   2613.00    0.3050382100E-04
   2614.00    0.3039630104E-04
   2615.00    0.3028851421E-04
   2616.00    0.3018045786E-04
   2617.00    0.3007212930E-04
   2618.00    0.2996352582E-04
   2619.00    0.2985464469E-04
   2620.00    0.2974548315E-04
   2621.00    0.2963603842E-04
   2622.00    0.2952630769E-04
   2623.00    0.2941628813E-04
   2624.00    0.2930597687E-04
   2625.00    0.2919537105E-04
   2626.00    0.2908446774E-04
   2627.00    0.2897326401E-04
   2628.00    0.2886175689E-04
   2629.00    0.2874994339E-04
   2630.00    0.2863782049E-04
   2631.00    0.2852538515E-04
   2632.00    0.2841263429E-04
   2633.00    0.2829956480E-04
   2634.00    0.2818617354E-04
   2635.00    0.2807245737E-04
   2636.00    0.2795841307E-04
   2637.00    0.2784403743E-04
   2638.00    0.2772932720E-04
   2639.00    0.2761427909E-04
   2640.00    0.2749888978E-04
   2641.00    0.2738315592E-04
   2642.00    0.2726707413E-04
   2643.00    0.2715064100E-04
   2644.00    0.2703385308E-04
   2645.00    0.2691670690E-04
   2646.00    0.2679919893E-04
   2647.00    0.2668132562E-04
   2648.00    0.2656308340E-04
   2649.00    0.2644446865E-04
   2650.00    0.2632547770E-04
   2651.00    0.2620610688E-04
   2652.00    0.2608635244E-04
   2653.00    0.2596621063E-04
   2654.00    0.2584567764E-04
   2655.00    0.2572474963E-04
   2656.00    0.2560342273E-04
   2657.00    0.2548169300E-04
   2658.00    0.2535955650E-04
   2659.00    0.2523700922E-04
   2660.00    0.2511404713E-04
   2661.00    0.2499066614E-04
   2662.00    0.2486686213E-04
   2663.00    0.2474263093E-04
   2664.00    0.2461796834E-04
   2665.00    0.2449287009E-04
   2666.00    0.2436733190E-04
   2667.00    0.2424134943E-04
   2668.00    0.2411491828E-04
   2669.00    0.2398803402E-04
   2670.00    0.2386069217E-04
   2671.00    0.2373288821E-04
   2672.00    0.2360461755E-04
   2673.00    0.2347587559E-04
   2674.00    0.2334665763E-04
   2675.00    0.2321695896E-04
   2676.00    0.2308677481E-04
   2677.00    0.2295610035E-04
   2678.00    0.2282493070E-04
   2679.00    0.2269326093E-04
   2680.00    0.2256108606E-04
   2681.00    0.2242840105E-04
   2682.00    0.2229520081E-04
   2683.00    0.2216148019E-04
   2684.00    0.2202723398E-04
   2685.00    0.2189245693E-04
   2686.00    0.2175714371E-04
   2687.00    0.2162128893E-04
   2688.00    0.2148488717E-04
   2689.00    0.2134793293E-04
   2690.00    0.2121042063E-04
   2691.00    0.2107234467E-04
   2692.00    0.2093369934E-04
   2693.00    0.2079447890E-04
   2694.00    0.2065467754E-04
   2695.00    0.2051428938E-04
   2696.00    0.2037330846E-04
   2697.00    0.2023172877E-04
   2698.00    0.2008954422E-04
   2699.00    0.1994674867E-04
   2700.00    0.1980333588E-04
   2701.00    0.1965929956E-04
   2702.00    0.1951463335E-04
   2703.00    0.1936933079E-04
   2704.00    0.1922338538E-04
   2705.00    0.1907679052E-04
   2706.00    0.1892953954E-04
   2707.00    0.1878162569E-04
   2708.00    0.1863304215E-04
   2709.00    0.1848378202E-04
   2710.00    0.1833383830E-04
   2711.00    0.1818320393E-04
   2712.00    0.1803187175E-04
   2713.00    0.1787983454E-04
   2714.00    0.1772708496E-04
   2715.00    0.1757361562E-04
   2716.00    0.1741941900E-04
   2717.00    0.1726448754E-04
   2718.00    0.1710881355E-04
   2719.00    0.1695238926E-04
   2720.00    0.1679520682E-04
   2721.00    0.1663725828E-04
   2722.00    0.1647853558E-04
   2723.00    0.1631903059E-04
   2724.00    0.1615873506E-04
   2725.00    0.1599764066E-04
   2726.00    0.1583573894E-04
   2727.00    0.1567302136E-04
   2728.00    0.1550947929E-04
   2729.00    0.1534510397E-04
   2730.00    0.1517988657E-04
   2731.00    0.1501381812E-04
   2732.00    0.1484688957E-04
   2733.00    0.1467909175E-04
   2734.00    0.1451041539E-04
   2735.00    0.1434085109E-04
   2736.00    0.1417038937E-04
   2737.00    0.1399902062E-04
   2738.00    0.1382673513E-04
   2739.00    0.1365352306E-04
   2740.00    0.1347937447E-04
   2741.00    0.1330427932E-04
   2742.00    0.1312822744E-04
   2743.00    0.1295120854E-04
   2744.00    0.1277321224E-04
   2745.00    0.1259422802E-04
   2746.00    0.1241424528E-04
   2747.00    0.1223325329E-04
   2748.00    0.1205124120E-04
   2749.00    0.1186819808E-04
   2750.00    0.1168411287E-04
   2751.00    0.1149897441E-04
   2752.00    0.1131277146E-04
   2753.00    0.1112549267E-04
   2754.00    0.1093712658E-04
   2755.00    0.1074766167E-04
   2756.00    0.1055708633E-04
   2757.00    0.1036538888E-04
   2758.00    0.1017255756E-04
   2759.00    0.9978580594E-05
   2760.00    0.9783446129E-05
   2761.00    0.9587142303E-05
   2762.00    0.9389657242E-05
   2763.00    0.9190979085E-05
   2764.00    0.8991096005E-05
   2765.00    0.8789996239E-05
   2766.00    0.8587668119E-05
   2767.00    0.8384100114E-05
   2768.00    0.8179280873E-05
   2769.00    0.7973199281E-05
   2770.00    0.7765844526E-05
   2771.00    0.7557206175E-05
   2772.00    0.7347274267E-05
   2773.00    0.7136039432E-05
   2774.00    0.6923493018E-05
   2775.00    0.6709627268E-05
   2776.00    0.6494435517E-05
   2777.00    0.6277912446E-05
   2778.00    0.6060054393E-05
   2779.00    0.5840859740E-05
   2780.00    0.5620329406E-05
   2781.00    0.5398467462E-05
   2782.00    0.5175281923E-05
   2783.00    0.4950785779E-05
   2784.00    0.4724998329E-05
   2785.00    0.4497946950E-05
   2786.00    0.4269669468E-05
   2787.00    0.4040217373E-05
   2788.00    0.3809660254E-05
   2789.00    0.3578092018E-05
   2790.00    0.3345639778E-05
   2791.00    0.3112476832E-05
   2792.00    0.2878842036E-05
   2793.00    0.2645069508E-05
   2794.00    0.2411635466E-05
   2795.00    0.2179234462E-05
   2796.00    0.1948907754E-05
   2797.00    0.1722267324E-05
   2798.00    0.1501900194E-05
   2799.00    0.1292115039E-05
   2800.00    0.1100304248E-05
   2801.00    0.9391465152E-06
   2802.00    0.8286043103E-06
   2803.00    0.7921856622E-06
   2804.00    0.8414972798E-06
   2805.00    0.9651678693E-06
   2806.00    0.1140711462E-05
   2807.00    0.1349294890E-05
   2808.00    0.1578993215E-05
   2809.00    0.1822836380E-05
   2810.00    0.2076745565E-05
   2811.00    0.2338262964E-05
   2812.00    0.2605853687E-05
   2813.00    0.2878526002E-05
   2814.00    0.3155619918E-05
   2815.00    0.3436685489E-05
   2816.00    0.3721410261E-05
   2817.00    0.4009574536E-05
   2818.00    0.4301022913E-05
   2819.00    0.4595645674E-05
   2820.00    0.4893366297E-05
   2821.00    0.5194132877E-05
   2822.00    0.5497912122E-05
   2823.00    0.5804685062E-05
   2824.00    0.6114443939E-05
   2825.00    0.6427189912E-05
   2826.00    0.6742931350E-05
   2827.00    0.7061682538E-05
   2828.00    0.7383462687E-05
   2829.00    0.7708295177E-05
   2830.00    0.8036206960E-05
   2831.00    0.8367228099E-05
   2832.00    0.8701391403E-05
   2833.00    0.9038732136E-05
   2834.00    0.9379287787E-05
   2835.00    0.9723097890E-05
   2836.00    0.1007020387E-04
   2837.00    0.1042064894E-04
   2838.00    0.1077447800E-04
   2839.00    0.1113173757E-04
   2840.00    0.1149247571E-04
   2841.00    0.1185674202E-04
   2842.00    0.1222458759E-04
   2843.00    0.1259606496E-04
   2844.00    0.1297122812E-04
   2845.00    0.1335013252E-04
   2846.00    0.1373283505E-04
   2847.00    0.1411939402E-04
   2848.00    0.1450986923E-04
   2849.00    0.1490432194E-04
   2850.00    0.1530281487E-04
   2851.00    0.1570541228E-04
   2852.00    0.1611217994E-04
   2853.00    0.1652318516E-04
   2854.00    0.1693849685E-04
   2855.00    0.1735818552E-04
   2856.00    0.1778232334E-04
   2857.00    0.1821098412E-04
   2858.00    0.1864424343E-04
   2859.00    0.1908217857E-04
   2860.00    0.1952486864E-04
   2861.00    0.1997239460E-04
   2862.00    0.2042483927E-04
   2863.00    0.2088228742E-04
   2864.00    0.2134482581E-04
   2865.00    0.2181254322E-04
   2866.00    0.2228553055E-04
   2867.00    0.2276388081E-04
   2868.00    0.2324768926E-04
   2869.00    0.2373705341E-04
   2870.00    0.2423207309E-04
   2871.00    0.2473285056E-04
   2872.00    0.2523949052E-04
   2873.00    0.2575210024E-04
   2874.00    0.2627078959E-04
   2875.00    0.2679567112E-04
   2876.00    0.2732686018E-04
   2877.00    0.2786447496E-04
   2878.00    0.2840863660E-04
   2879.00    0.2895946926E-04
   2880.00    0.2951710024E-04
   2881.00    0.3008166007E-04
   2882.00    0.3065328258E-04
   2883.00    0.3123210505E-04
   2884.00    0.3181826828E-04
   2885.00    0.3241191675E-04
   2886.00    0.3301319868E-04
   2887.00    0.3362226619E-04
   2888.00    0.3423927542E-04
   2889.00    0.3486438665E-04
   2890.00    0.3549776446E-04
   2891.00    0.3613957785E-04
   2892.00    0.3679000040E-04
   2893.00    0.3744921044E-04
   2894.00    0.3811739117E-04
   2895.00    0.3879473086E-04
   2896.00    0.3948142303E-04
   2897.00    0.4017766661E-04
   2898.00    0.4088366614E-04
   2899.00    0.4159963197E-04
   2900.00    0.4232578047E-04
   2901.00    0.4306233424E-04
   2902.00    0.4380952231E-04
   2903.00    0.4456758045E-04
   2904.00    0.4533675132E-04
   2905.00    0.4611728480E-04
   2906.00    0.4690943821E-04
   2907.00    0.4771347663E-04
   2908.00    0.4852967314E-04
   2909.00    0.4935830919E-04
   2910.00    0.5019967486E-04
   2911.00    0.5105406924E-04
   2912.00    0.5192180076E-04
   2913.00    0.5280318753E-04
   2914.00    0.5369855780E-04
   2915.00    0.5460825028E-04
   2916.00    0.5553261461E-04
   2917.00    0.5647201178E-04
   2918.00    0.5742681462E-04
   2919.00    0.5839740827E-04
   2920.00    0.5938419068E-04
   2921.00    0.6038757317E-04
   2922.00    0.6140798101E-04
   2923.00    0.6244585396E-04
   2924.00    0.6350164694E-04
   2925.00    0.6457583067E-04
   2926.00    0.6566889238E-04
   2927.00    0.6678133651E-04
   2928.00    0.6791368549E-04
   2929.00    0.6906648058E-04
   2930.00    0.7024028266E-04
   2931.00    0.7143567320E-04
   2932.00    0.7265325516E-04
   2933.00    0.7389365400E-04
   2934.00    0.7515751879E-04
   2935.00    0.7644552327E-04
   2936.00    0.7775836706E-04
   2937.00    0.7909677694E-04
   2938.00    0.8046150812E-04
   2939.00    0.8185334574E-04
   2940.00    0.8327310626E-04
   2941.00    0.8472163912E-04
   2942.00    0.8619982841E-04
   2943.00    0.8770859463E-04
   2944.00    0.8924889659E-04
   2945.00    0.9082173347E-04
   2946.00    0.9242814692E-04
   2947.00    0.9406922337E-04
   2948.00    0.9574609647E-04
   2949.00    0.9745994968E-04
   2950.00    0.9921201902E-04
   2951.00    0.1010035961E-03
   2952.00    0.1028360312E-03
   2953.00    0.1047107367E-03
   2954.00    0.1066291906E-03
   2955.00    0.1085929408E-03
   2956.00    0.1106036084E-03
   2957.00    0.1126628932E-03
   2958.00    0.1147725778E-03
   2959.00    0.1169345327E-03
   2960.00    0.1191507224E-03
   2961.00    0.1214232108E-03
   2962.00    0.1237541679E-03
   2963.00    0.1261458766E-03
   2964.00    0.1286007402E-03
   2965.00    0.1311212904E-03
   2966.00    0.1337101962E-03
   2967.00    0.1363702734E-03
   2968.00    0.1391044944E-03
   2969.00    0.1419159999E-03
   2970.00    0.1448081106E-03
   2971.00    0.1477843406E-03
   2972.00    0.1508484114E-03
   2973.00    0.1540042680E-03
   2974.00    0.1572560956E-03
   2975.00    0.1606083382E-03
   2976.00    0.1640657195E-03
   2977.00    0.1676332648E-03
   2978.00    0.1713163259E-03
   2979.00    0.1751206078E-03
   2980.00    0.1790521991E-03
   2981.00    0.1831176044E-03
   2982.00    0.1873237807E-03
   2983.00    0.1916781779E-03
   2984.00    0.1961887832E-03
   2985.00    0.2008641704E-03
   2986.00    0.2057135559E-03
   2987.00    0.2107468593E-03
   2988.00    0.2159747730E-03
   2989.00    0.2214088388E-03
   2990.00    0.2270615344E-03
   2991.00    0.2329463711E-03
   2992.00    0.2390780034E-03
   2993.00    0.2454723530E-03
   2994.00    0.2521467500E-03
   2995.00    0.2591200925E-03
   2996.00    0.2664130292E-03
   2997.00    0.2740481681E-03
   2998.00    0.2820503157E-03
   2999.00    0.2904467524E-03
   3000.00    0.2992675503E-03
   3001.00    0.3085459416E-03
   3002.00    0.3183187476E-03
   3003.00    0.3286268782E-03
   3004.00    0.3395159198E-03
   3005.00    0.3510368256E-03
   3006.00    0.3632467334E-03
   3007.00    0.3762099384E-03
   3008.00    0.3899990546E-03
   3009.00    0.4046964111E-03
   3010.00    0.4203957400E-03
   3011.00    0.4372042280E-03
   3012.00    0.4552450282E-03
   3013.00    0.4746603561E-03
   3014.00    0.4956153325E-03
   3015.00    0.5183027936E-03
   3016.00    0.5429493605E-03
   3017.00    0.5698231672E-03
   3018.00    0.5992437947E-03
   3019.00    0.6315951716E-03
   3020.00    0.6673425083E-03
   3021.00    0.7070547845E-03
   3022.00    0.7514349719E-03
   3023.00    0.8013611694E-03
   3024.00    0.8579433184E-03
   3025.00    0.9226024009E-03
   3026.00    0.9971823437E-03
   3027.00    0.1084109579E-02
   3028.00    0.1186621263E-02
   3029.00    0.1309088317E-02
   3030.00    0.1457453602E-02
   3031.00    0.1639750149E-02
   3032.00    0.1866423595E-02
   3033.00    0.2149298399E-02
   3034.00    0.2495108285E-02
   3035.00    0.2881796609E-02
   3036.00    0.3199489824E-02
   3037.00    0.3209554675E-02
   3038.00    0.2778215055E-02
   3039.00    0.2175209615E-02
   3040.00    0.1694292809E-02
   3041.00    0.1392056033E-02
   3042.00    0.1263200829E-02
   3043.00    0.1336833014E-02
   3044.00    0.1652484884E-02
   3045.00    0.2127016938E-02
   3046.00    0.2457827819E-02
   3047.00    0.2459348074E-02
   3048.00    0.2255965868E-02
   3049.00    0.2005756930E-02
   3050.00    0.1777069066E-02
   3051.00    0.1585013408E-02
   3052.00    0.1427015222E-02
   3053.00    0.1296783633E-02
   3054.00    0.1188378424E-02
   3055.00    0.1097042996E-02
   3056.00    0.1019147710E-02
   3057.00    0.9519531949E-03
   3058.00    0.8933847097E-03
   3059.00    0.8418559040E-03
   3060.00    0.7961394820E-03
   3061.00    0.7552741343E-03
   3062.00    0.7184977205E-03
   3063.00    0.6851990347E-03
   3064.00    0.6548826682E-03
   3065.00    0.6271431411E-03
   3066.00    0.6016456532E-03
   3067.00    0.5781116084E-03
   3068.00    0.5563076280E-03
   3069.00    0.5360371461E-03
   3070.00    0.5171339436E-03
   3071.00    0.4994571645E-03
   3072.00    0.4828874861E-03
   3073.00    0.4673242132E-03
   3074.00    0.4526831356E-03
   3075.00    0.4388950474E-03
   3076.00    0.4259048719E-03
   3077.00    0.4136713846E-03
   3078.00    0.4021675711E-03
   3079.00    0.3913817177E-03
   3080.00    0.3813194075E-03
   3081.00    0.3720067056E-03
   3082.00    0.3634949941E-03
   3083.00    0.3558681915E-03
   3084.00    0.3492535753E-03
   3085.00    0.3438382621E-03
   3086.00    0.3398949380E-03
   3087.00    0.3378233120E-03
   3088.00    0.3382193010E-03
   3089.00    0.3419946528E-03
   3090.00    0.3505900898E-03
   3091.00    0.3663612255E-03
   3092.00    0.3932674433E-03
   3093.00    0.4380026090E-03
   3094.00    0.5113572717E-03
   3095.00    0.6276906493E-03
   3096.00    0.7943744855E-03
   3097.00    0.9805192478E-03
   3098.00    0.1111416631E-02
   3099.00    0.1174229198E-02
   3100.00    0.1241522462E-02
   3101.00    0.1362714801E-02
   3102.00    0.1552820150E-02
   3103.00    0.1815458201E-02
   3104.00    0.2130454562E-02
   3105.00    0.2409388145E-02
   3106.00    0.2498160568E-02
   3107.00    0.2346116820E-02
   3108.00    0.2075155429E-02
   3109.00    0.1804679090E-02
   3110.00    0.1578212520E-02
   3111.00    0.1398531647E-02
   3112.00    0.1257231078E-02
   3113.00    0.1145262149E-02
   3114.00    0.1055366644E-02
   3115.00    0.9821600228E-03
   3116.00    0.9217257936E-03
   3117.00    0.8712109683E-03
   3118.00    0.8285166045E-03
   3119.00    0.7920782261E-03
   3120.00    0.7607134247E-03
   3121.00    0.7335162667E-03
   3122.00    0.7097836069E-03
   3123.00    0.6889630992E-03
   3124.00    0.6706160502E-03
   3125.00    0.6543905347E-03
   3126.00    0.6400016859E-03
   3127.00    0.6272170716E-03
   3128.00    0.6158457165E-03
   3129.00    0.6057297748E-03
   3130.00    0.5967381505E-03
   3131.00    0.5887615681E-03
   3132.00    0.5817087336E-03
   3133.00    0.5755033259E-03
   3134.00    0.5700816283E-03
   3135.00    0.5653906574E-03
   3136.00    0.5613866866E-03
   3137.00    0.5580340834E-03
   3138.00    0.5553044050E-03
   3139.00    0.5531757059E-03
   3140.00    0.5516320291E-03
   3141.00    0.5506630568E-03
   3142.00    0.5502639081E-03
   3143.00    0.5504350771E-03
   3144.00    0.5511825105E-03
   3145.00    0.5525178332E-03
   3146.00    0.5544587367E-03
   3147.00    0.5570295540E-03
   3148.00    0.5602620580E-03
   3149.00    0.5641965334E-03
   3150.00    0.5688831930E-03
   3151.00    0.5743840373E-03
   3152.00    0.5807752908E-03
   3153.00    0.5881506028E-03
   3154.00    0.5966252708E-03
   3155.00    0.6063418433E-03
   3156.00    0.6174775949E-03
   3157.00    0.6302545413E-03
   3158.00    0.6449528680E-03
   3159.00    0.6619288187E-03
   3160.00    0.6816380081E-03
   3161.00    0.7046640936E-03
   3162.00    0.7317487293E-03
   3163.00    0.7638057361E-03
   3164.00    0.8018628220E-03
   3165.00    0.8467565200E-03
   3166.00    0.8980693685E-03
   3167.00    0.9509531879E-03
   3168.00    0.9883282911E-03
   3169.00    0.9704976286E-03
   3170.00    0.8525735741E-03
   3171.00    0.6549495876E-03
   3172.00    0.4571317334E-03
   3173.00    0.3052084410E-03
   3174.00    0.2097469507E-03
   3175.00    0.1914086166E-03
   3176.00    0.2767241577E-03
   3177.00    0.4714283326E-03
   3178.00    0.8147929025E-03
   3179.00    0.1396691644E-02
   3180.00    0.2338511456E-02
   3181.00    0.3658735770E-02
   3182.00    0.4915119432E-02
   3183.00    0.5276156600E-02
   3184.00    0.4657456143E-02
   3185.00    0.3720250399E-02
   3186.00    0.2893899080E-02
   3187.00    0.2266765020E-02
   3188.00    0.1807170450E-02
   3189.00    0.1468561494E-02
   3190.00    0.1214350501E-02
   3191.00    0.1019205623E-02
   3192.00    0.8660799362E-03
   3193.00    0.7434592733E-03
   3194.00    0.6434452626E-03
   3195.00    0.5605132086E-03
   3196.00    0.4907195598E-03
   3197.00    0.4311934887E-03
   3198.00    0.3798062600E-03
   3199.00    0.3349526909E-03
   3200.00    0.2954044317E-03
   3201.00    0.2602103301E-03
   3202.00    0.2286287352E-03
   3203.00    0.2000828007E-03
   3204.00    0.1741343672E-03
   3205.00    0.1504762370E-03
   3206.00    0.1289481416E-03
   3207.00    0.1095904629E-03
   3208.00    0.9276203570E-04
   3209.00    0.7934543743E-04
   3210.00    0.7094129691E-04
   3211.00    0.6954231330E-04
   3212.00    0.7623708282E-04
   3213.00    0.9045908410E-04
   3214.00    0.1111024699E-03
   3215.00    0.1377167875E-03
   3216.00    0.1708298205E-03
   3217.00    0.2119761064E-03
   3218.00    0.2638070423E-03
   3219.00    0.3302550932E-03
   3220.00    0.4162529363E-03
   3221.00    0.5250561763E-03
   3222.00    0.6473020419E-03
   3223.00    0.7347115898E-03
   3224.00    0.6954242964E-03
   3225.00    0.5102625636E-03
   3226.00    0.2977107481E-03
   3227.00    0.1524536819E-03
   3228.00    0.1001079203E-03
   3229.00    0.1196405364E-03
   3230.00    0.1574016961E-03
   3231.00    0.1966641267E-03
   3232.00    0.2323109820E-03
   3233.00    0.2497014279E-03
   3234.00    0.2123835094E-03
   3235.00    0.8331823968E-04
   3236.00    0.1266439630E-03
   3237.00    0.3076714817E-03
   3238.00    0.4505407158E-03
   3239.00    0.5749106473E-03
   3240.00    0.7058944510E-03
   3241.00    0.8641702669E-03
   3242.00    0.1070538535E-02
   3243.00    0.1352229094E-02
   3244.00    0.1750496373E-02
   3245.00    0.2331344483E-02
   3246.00    0.3198378412E-02
   3247.00    0.4482305506E-02
   3248.00    0.6173418379E-02
   3249.00    0.7625136948E-02
   3250.00    0.7660077190E-02
   3251.00    0.6272166166E-02
   3252.00    0.4592416492E-02
   3253.00    0.3269284913E-02
   3254.00    0.2357229441E-02
   3255.00    0.1744958638E-02
   3256.00    0.1328843651E-02
   3257.00    0.1038979519E-02
   3258.00    0.8315359696E-03
   3259.00    0.6792124506E-03
   3260.00    0.5647308192E-03
   3261.00    0.4768961934E-03
   3262.00    0.4082702935E-03
   3263.00    0.3537882580E-03
   3264.00    0.3099213332E-03
   3265.00    0.2741586259E-03
   3266.00    0.2446788431E-03
   3267.00    0.2201376257E-03
   3268.00    0.1995267892E-03
   3269.00    0.1820792732E-03
   3270.00    0.1672037536E-03
   3271.00    0.1544388789E-03
   3272.00    0.1434207292E-03
   3273.00    0.1338593333E-03
   3274.00    0.1255214923E-03
   3275.00    0.1182180556E-03
   3276.00    0.1117943850E-03
   3277.00    0.1061231297E-03
   3278.00    0.1010986969E-03
   3279.00    0.9663298005E-04
   3280.00    0.9265202849E-04
   3281.00    0.8909343113E-04
   3282.00    0.8590424371E-04
   3283.00    0.8303933547E-04
   3284.00    0.8046006116E-04
   3285.00    0.7813318745E-04
   3286.00    0.7603001987E-04
   3287.00    0.7412568852E-04
   3288.00    0.7239856084E-04
   3289.00    0.7082975602E-04
   3290.00    0.6940274181E-04
   3291.00    0.6810299798E-04
   3292.00    0.6691773435E-04
   3293.00    0.6583565343E-04
   3294.00    0.6484674990E-04
   3295.00    0.6394214058E-04
   3296.00    0.6311391965E-04
   3297.00    0.6235503507E-04
   3298.00    0.6165918259E-04
   3299.00    0.6102071475E-04
   3300.00    0.6043456232E-04
   3301.00    0.5989616646E-04
   3302.00    0.5940141981E-04
   3303.00    0.5894661531E-04
   3304.00    0.5852840162E-04
   3305.00    0.5814374408E-04
   3306.00    0.5778989059E-04
   3307.00    0.5746434161E-04
   3308.00    0.5716482376E-04
   3309.00    0.5688926658E-04
   3310.00    0.5663578196E-04
   3311.00    0.5640264589E-04
   3312.00    0.5618828235E-04
   3313.00    0.5599124895E-04
   3314.00    0.5581022410E-04
   3315.00    0.5564399566E-04
   3316.00    0.5549145072E-04
   3317.00    0.5535156645E-04
   3318.00    0.5522340198E-04
   3319.00    0.5510609102E-04
   3320.00    0.5499883525E-04
   3321.00    0.5490089841E-04
   3322.00    0.5481160090E-04
   3323.00    0.5473031495E-04
   3324.00    0.5465646027E-04
   3325.00    0.5458950005E-04
   3326.00    0.5452893737E-04
   3327.00    0.5447431196E-04
   3328.00    0.5442519721E-04
   3329.00    0.5438119752E-04
   3330.00    0.5434194578E-04
   3331.00    0.5430710117E-04
   3332.00    0.5427634713E-04
   3333.00    0.5424938946E-04
   3334.00    0.5422595463E-04
   3335.00    0.5420578821E-04
   3336.00    0.5418865347E-04
   3337.00    0.5417433001E-04
   3338.00    0.5416261260E-04
   3339.00    0.5415331006E-04
   3340.00    0.5414624424E-04
   3341.00    0.5414124908E-04
   3342.00    0.5413816975E-04
   3343.00    0.5413686186E-04
   3344.00    0.5413719073E-04
   3345.00    0.5413903069E-04
   3346.00    0.5414226449E-04
   3347.00    0.5414678269E-04
   3348.00    0.5415248313E-04
   3349.00    0.5415927047E-04
   3350.00    0.5416705567E-04
   3351.00    0.5417575563E-04
   3352.00    0.5418529276E-04
   3353.00    0.5419559460E-04
   3354.00    0.5420659353E-04
   3355.00    0.5421822641E-04
   3356.00    0.5423043431E-04
   3357.00    0.5424316222E-04
   3358.00    0.5425635882E-04
   3359.00    0.5426997622E-04
   3360.00    0.5428396976E-04
   3361.00    0.5429829780E-04
   3362.00    0.5431292152E-04
   3363.00    0.5432780473E-04
   3364.00    0.5434291376E-04
   3365.00    0.5435821723E-04
   3366.00    0.5437368596E-04
   3367.00    0.5438929281E-04
   3368.00    0.5440501257E-04
   3369.00    0.5442082181E-04
   3370.00    0.5443669880E-04
   3371.00    0.5445262340E-04
   3372.00    0.5446857696E-04
   3373.00    0.5448454223E-04
   3374.00    0.5450050326E-04
   3375.00    0.5451644535E-04
   3376.00    0.5453235495E-04
   3377.00    0.5454821961E-04
   3378.00    0.5456402787E-04
   3379.00    0.5457976928E-04
   3380.00    0.5459543426E-04
   3381.00    0.5461101410E-04
   3382.00    0.5462650086E-04
   3383.00    0.5464188738E-04
   3384.00    0.5465716719E-04
   3385.00    0.5467233449E-04
   3386.00    0.5468738410E-04
   3387.00    0.5470231142E-04
   3388.00    0.5471711242E-04
   3389.00    0.5473178356E-04
   3390.00    0.5474632181E-04
   3391.00    0.5476072458E-04
   3392.00    0.5477498974E-04
   3393.00    0.5478911552E-04
   3394.00    0.5480310056E-04
   3395.00    0.5481694386E-04
   3396.00    0.5483064473E-04
   3397.00    0.5484420282E-04
   3398.00    0.5485761806E-04
   3399.00    0.5487089066E-04
   3400.00    0.5488402110E-04
   3401.00    0.5489701010E-04
   3402.00    0.5490985860E-04
   3403.00    0.5492256777E-04
   3404.00    0.5493513897E-04
   3405.00    0.5494757376E-04
   3406.00    0.5495987386E-04
   3407.00    0.5497204118E-04
   3408.00    0.5498407777E-04
   3409.00    0.5499598584E-04
   3410.00    0.5500776771E-04
   3411.00    0.5501942586E-04
   3412.00    0.5503096286E-04
   3413.00    0.5504238142E-04
   3414.00    0.5505368434E-04
   3415.00    0.5506487450E-04
   3416.00    0.5507595491E-04
   3417.00    0.5508692864E-04
   3418.00    0.5509779884E-04
   3419.00    0.5510856873E-04
   3420.00    0.5511924162E-04
   3421.00    0.5512982087E-04
   3422.00    0.5514030989E-04
   3423.00    0.5515071215E-04
   3424.00    0.5516103120E-04
   3425.00    0.5517127059E-04
   3426.00    0.5518143395E-04
   3427.00    0.5519152494E-04
   3428.00    0.5520154726E-04
   3429.00    0.5521150463E-04
   3430.00    0.5522140083E-04
   3431.00    0.5523123964E-04
   3432.00    0.5524102490E-04
   3433.00    0.5525076045E-04
   3434.00    0.5526045015E-04
   3435.00    0.5527009792E-04
   3436.00    0.5527970765E-04
   3437.00    0.5528928328E-04
   3438.00    0.5529882877E-04
   3439.00    0.5530834807E-04
   3440.00    0.5531784516E-04
   3441.00    0.5532732404E-04
   3442.00    0.5533678871E-04
   3443.00    0.5534624320E-04
   3444.00    0.5535569151E-04
   3445.00    0.5536513770E-04
   3446.00    0.5537458580E-04
   3447.00    0.5538403987E-04
   3448.00    0.5539350397E-04
   3449.00    0.5540298216E-04
   3450.00    0.5541247854E-04
   3451.00    0.5542199716E-04
   3452.00    0.5543154213E-04
   3453.00    0.5544111754E-04
   3454.00    0.5545072749E-04
   3455.00    0.5546037609E-04
   3456.00    0.5547006744E-04
   3457.00    0.5547980566E-04
   3458.00    0.5548959489E-04
   3459.00    0.5549943924E-04
   3460.00    0.5550934286E-04
   3461.00    0.5551930988E-04
   3462.00    0.5552934446E-04
   3463.00    0.5553945074E-04
   3464.00    0.5554963289E-04
   3465.00    0.5555989507E-04
   3466.00    0.5557024147E-04
   3467.00    0.5558067627E-04
   3468.00    0.5559120365E-04
   3469.00    0.5560182782E-04
   3470.00    0.5561255299E-04
   3471.00    0.5562338338E-04
   3472.00    0.5563432322E-04
   3473.00    0.5564537674E-04
   3474.00    0.5565654820E-04
   3475.00    0.5566784186E-04
   3476.00    0.5567926201E-04
   3477.00    0.5569081291E-04
   3478.00    0.5570249889E-04
   3479.00    0.5571432425E-04
   3480.00    0.5572629333E-04
   3481.00    0.5573841048E-04
   3482.00    0.5575068006E-04
   3483.00    0.5576310646E-04
   3484.00    0.5577569406E-04
   3485.00    0.5578844731E-04
   3486.00    0.5580137062E-04
   3487.00    0.5581446847E-04
   3488.00    0.5582774534E-04
   3489.00    0.5584120573E-04
   3490.00    0.5585485417E-04
   3491.00    0.5586869522E-04
   3492.00    0.5588273344E-04
   3493.00    0.5589697346E-04
   3494.00    0.5591141989E-04
   3495.00    0.5592607740E-04
   3496.00    0.5594095069E-04
   3497.00    0.5595604447E-04
   3498.00    0.5597136350E-04
   3499.00    0.5598691256E-04
   3500.00    0.5600269648E-04
   3501.00    0.5601872011E-04
   3502.00    0.5603498835E-04
   3503.00    0.5605150612E-04
   3504.00    0.5606827840E-04
   3505.00    0.5608531019E-04
   3506.00    0.5610260655E-04
   3507.00    0.5612017257E-04
   3508.00    0.5613801340E-04
   3509.00    0.5615613422E-04
   3510.00    0.5617454026E-04
   3511.00    0.5619323681E-04
   3512.00    0.5621222919E-04
   3513.00    0.5623152280E-04
   3514.00    0.5625112306E-04
   3515.00    0.5627103547E-04
   3516.00    0.5629126558E-04
   3517.00    0.5631181900E-04
   3518.00    0.5633270140E-04
   3519.00    0.5635391850E-04
   3520.00    0.5637547610E-04
   3521.00    0.5639738005E-04
   3522.00    0.5641963628E-04
   3523.00    0.5644225079E-04
   3524.00    0.5646522963E-04
   3525.00    0.5648857896E-04
   3526.00    0.5651230498E-04
   3527.00    0.5653641398E-04
   3528.00    0.5656091234E-04
   3529.00    0.5658580650E-04
   3530.00    0.5661110300E-04
   3531.00    0.5663680846E-04
   3532.00    0.5666292959E-04
   3533.00    0.5668947319E-04
   3534.00    0.5671644616E-04
   3535.00    0.5674385548E-04
   3536.00    0.5677170825E-04
   3537.00    0.5680001164E-04
   3538.00    0.5682877296E-04
   3539.00    0.5685799959E-04
   3540.00    0.5688769906E-04
   3541.00    0.5691787897E-04
   3542.00    0.5694854706E-04
   3543.00    0.5697971119E-04
   3544.00    0.5701137933E-04
   3545.00    0.5704355958E-04
   3546.00    0.5707626017E-04
   3547.00    0.5710948945E-04
   3548.00    0.5714325592E-04
   3549.00    0.5717756822E-04
   3550.00    0.5721243510E-04
   3551.00    0.5724786550E-04
   3552.00    0.5728386848E-04
   3553.00    0.5732045327E-04
   3554.00    0.5735762925E-04
   3555.00    0.5739540596E-04
   3556.00    0.5743379311E-04
   3557.00    0.5747280059E-04
   3558.00    0.5751243844E-04
   3559.00    0.5755271692E-04
   3560.00    0.5759364643E-04
   3561.00    0.5763523759E-04
   3562.00    0.5767750121E-04
   3563.00    0.5772044830E-04
   3564.00    0.5776409008E-04
   3565.00    0.5780843796E-04
   3566.00    0.5785350360E-04
   3567.00    0.5789929887E-04
   3568.00    0.5794583585E-04
   3569.00    0.5799312689E-04
   3570.00    0.5804118457E-04
   3571.00    0.5809002170E-04
   3572.00    0.5813965138E-04
   3573.00    0.5819008695E-04
   3574.00    0.5824134202E-04
   3575.00    0.5829343051E-04
   3576.00    0.5834636658E-04
   3577.00    0.5840016472E-04
   3578.00    0.5845483972E-04
   3579.00    0.5851040666E-04
   3580.00    0.5856688096E-04
   3581.00    0.5862427837E-04
   3582.00    0.5868261498E-04
   3583.00    0.5874190722E-04
   3584.00    0.5880217189E-04
   3585.00    0.5886342615E-04
   3586.00    0.5892568756E-04
   3587.00    0.5898897405E-04
   3588.00    0.5905330399E-04
   3589.00    0.5911869612E-04
   3590.00    0.5918516965E-04
   3591.00    0.5925274422E-04
   3592.00    0.5932143991E-04
   3593.00    0.5939127731E-04
   3594.00    0.5946227744E-04
   3595.00    0.5953446188E-04
   3596.00    0.5960785268E-04
   3597.00    0.5968247243E-04
   3598.00    0.5975834430E-04
   3599.00    0.5983549198E-04
   3600.00    0.5991393978E-04
   3601.00    0.5999371259E-04
   3602.00    0.6007483594E-04
   3603.00    0.6015733600E-04
   3604.00    0.6024123958E-04
   3605.00    0.6032657421E-04
   3606.00    0.6041336809E-04
   3607.00    0.6050165020E-04
   3608.00    0.6059145022E-04
   3609.00    0.6068279866E-04
   3610.00    0.6077572681E-04
   3611.00    0.6087026680E-04
   3612.00    0.6096645162E-04
   3613.00    0.6106431518E-04
   3614.00    0.6116389228E-04
   3615.00    0.6126521869E-04
   3616.00    0.6136833118E-04
   3617.00    0.6147326754E-04
   3618.00    0.6158006661E-04
   3619.00    0.6168876835E-04
   3620.00    0.6179941386E-04
   3621.00    0.6191204541E-04
   3622.00    0.6202670650E-04
   3623.00    0.6214344189E-04
   3624.00    0.6226229769E-04
   3625.00    0.6238332135E-04
   3626.00    0.6250656175E-04
   3627.00    0.6263206923E-04
   3628.00    0.6275989568E-04
   3629.00    0.6289009457E-04
   3630.00    0.6302272101E-04
   3631.00    0.6315783185E-04
   3632.00    0.6329548569E-04
   3633.00    0.6343574302E-04
   3634.00    0.6357866624E-04
   3635.00    0.6372431974E-04
   3636.00    0.6387277004E-04
   3637.00    0.6402408581E-04
   3638.00    0.6417833797E-04
   3639.00    0.6433559983E-04
   3640.00    0.6449594713E-04
   3641.00    0.6465945820E-04
   3642.00    0.6482621403E-04
   3643.00    0.6499629839E-04
   3644.00    0.6516979797E-04
   3645.00    0.6534680251E-04
   3646.00    0.6552740489E-04
   3647.00    0.6571170133E-04
   3648.00    0.6589979151E-04
   3649.00    0.6609177873E-04
   3650.00    0.6628777007E-04
   3651.00    0.6648787660E-04
   3652.00    0.6669221350E-04
   3653.00    0.6690090033E-04
   3654.00    0.6711406119E-04
   3655.00    0.6733182495E-04
   3656.00    0.6755432548E-04
   3657.00    0.6778170192E-04
   3658.00    0.6801409890E-04
   3659.00    0.6825166685E-04
   3660.00    0.6849456227E-04
   3661.00    0.6874294805E-04
   3662.00    0.6899699380E-04
   3663.00    0.6925687620E-04
   3664.00    0.6952277938E-04
   3665.00    0.6979489530E-04
   3666.00    0.7007342418E-04
   3667.00    0.7035857494E-04
   3668.00    0.7065056573E-04
   3669.00    0.7094962434E-04
   3670.00    0.7125598885E-04
   3671.00    0.7156990815E-04
   3672.00    0.7189164258E-04
   3673.00    0.7222146461E-04
   3674.00    0.7255965952E-04
   3675.00    0.7290652620E-04
   3676.00    0.7326237795E-04
   3677.00    0.7362754336E-04
   3678.00    0.7400236726E-04
   3679.00    0.7438721172E-04
   3680.00    0.7478245718E-04
   3681.00    0.7518850358E-04
   3682.00    0.7560577166E-04
   3683.00    0.7603470431E-04
   3684.00    0.7647576807E-04
   3685.00    0.7692945469E-04
   3686.00    0.7739628289E-04
   3687.00    0.7787680023E-04
   3688.00    0.7837158512E-04
   3689.00    0.7888124903E-04
   3690.00    0.7940643892E-04
   3691.00    0.7994783978E-04
   3692.00    0.8050617753E-04
   3693.00    0.8108222208E-04
   3694.00    0.8167679074E-04
   3695.00    0.8229075189E-04
   3696.00    0.8292502904E-04
   3697.00    0.8358060531E-04
   3698.00    0.8425852823E-04
   3699.00    0.8495991516E-04
   3700.00    0.8568595920E-04
   3701.00    0.8643793566E-04
   3702.00    0.8721720933E-04
   3703.00    0.8802524236E-04
   3704.00    0.8886360320E-04
   3705.00    0.8973397630E-04
   3706.00    0.9063817314E-04
   3707.00    0.9157814431E-04
   3708.00    0.9255599317E-04
   3709.00    0.9357399105E-04
   3710.00    0.9463459433E-04
   3711.00    0.9574046362E-04
   3712.00    0.9689448542E-04
   3713.00    0.9809979655E-04
   3714.00    0.9935981179E-04
   3715.00    0.1006782553E-03
   3716.00    0.1020591965E-03
   3717.00    0.1035070907E-03
   3718.00    0.1050268260E-03
   3719.00    0.1066237767E-03
   3720.00    0.1083038657E-03
   3721.00    0.1100736353E-03
   3722.00    0.1119403308E-03
   3723.00    0.1139119966E-03
   3724.00    0.1159975893E-03
   3725.00    0.1182071103E-03
   3726.00    0.1205517617E-03
   3727.00    0.1230441315E-03
   3728.00    0.1256984133E-03
   3729.00    0.1285306697E-03
   3730.00    0.1315591480E-03
   3731.00    0.1348046627E-03
   3732.00    0.1382910599E-03
   3733.00    0.1420457857E-03
   3734.00    0.1461005869E-03
   3735.00    0.1504923792E-03
   3736.00    0.1552643335E-03
   3737.00    0.1604672441E-03
   3738.00    0.1661612679E-03
   3739.00    0.1724181553E-03
   3740.00    0.1793241401E-03
   3741.00    0.1869837217E-03
   3742.00    0.1955246719E-03
   3743.00    0.2051047398E-03
   3744.00    0.2159207435E-03
   3745.00    0.2282210610E-03
   3746.00    0.2423230155E-03
   3747.00    0.2586373952E-03
   3748.00    0.2777034418E-03
   3749.00    0.3002392148E-03
   3750.00    0.3272141932E-03
   3751.00    0.3599523685E-03
   3752.00    0.4002706164E-03
   3753.00    0.4506325097E-03
   3754.00    0.5141943645E-03
   3755.00    0.5942503464E-03
   3756.00    0.6914625297E-03
   3757.00    0.7952071916E-03
   3758.00    0.8693453694E-03
   3759.00    0.8636766986E-03
   3760.00    0.7762507280E-03
   3761.00    0.6581822031E-03
   3762.00    0.5489918101E-03
   3763.00    0.4601874165E-03
   3764.00    0.3905018945E-03
   3765.00    0.3358513457E-03
   3766.00    0.2924776098E-03
   3767.00    0.2575134819E-03
   3768.00    0.2288796298E-03
   3769.00    0.2050809214E-03
   3770.00    0.1850345268E-03
   3771.00    0.1679457881E-03
   3772.00    0.1532225992E-03
   3773.00    0.1404169317E-03
   3774.00    0.1291847172E-03
   3775.00    0.1192580234E-03
   3776.00    0.1104254974E-03
   3777.00    0.1025184231E-03
   3778.00    0.9540063808E-04
   3779.00    0.8896114189E-04
   3780.00    0.8310860508E-04
   3781.00    0.7776724024E-04
   3782.00    0.7287366077E-04
   3783.00    0.6837446511E-04
   3784.00    0.6422435999E-04
   3785.00    0.6038468859E-04
   3786.00    0.5682226588E-04
   3787.00    0.5350844946E-04
   3788.00    0.5041839249E-04
   3789.00    0.4753043857E-04
   3790.00    0.4482562831E-04
   3791.00    0.4228729437E-04
   3792.00    0.3990072703E-04
   3793.00    0.3765289652E-04
   3794.00    0.3553222119E-04
   3795.00    0.3352837299E-04
   3796.00    0.3163211345E-04
   3797.00    0.2983515476E-04
   3798.00    0.2813004172E-04
   3799.00    0.2651005086E-04
   3800.00    0.2496910405E-04
   3801.00    0.2350169424E-04
   3802.00    0.2210282149E-04
   3803.00    0.2076793759E-04
   3804.00    0.1949289829E-04
   3805.00    0.1827392179E-04
   3806.00    0.1710755288E-04
   3807.00    0.1599063203E-04
   3808.00    0.1492026878E-04
   3809.00    0.1389381927E-04
   3810.00    0.1290886753E-04
   3811.00    0.1196321069E-04
   3812.00    0.1105484809E-04
   3813.00    0.1018197499E-04
   3814.00    0.9342981844E-05
   3815.00    0.8536460772E-05
   3816.00    0.7761222190E-05
   3817.00    0.7016326564E-05
   3818.00    0.6301139739E-05
   3819.00    0.5615426833E-05
   3820.00    0.4959511800E-05
   3821.00    0.4334553194E-05
   3822.00    0.3743032715E-05
   3823.00    0.3189642556E-05
   3824.00    0.2682915692E-05
   3825.00    0.2238113840E-05
   3826.00    0.1881433454E-05
   3827.00    0.1651778266E-05
   3828.00    0.1586997907E-05
   3829.00    0.1690796733E-05
   3830.00    0.1924009644E-05
   3831.00    0.2237027693E-05
   3832.00    0.2593544690E-05
   3833.00    0.2971842422E-05
   3834.00    0.3359593068E-05
   3835.00    0.3749757816E-05
   3836.00    0.4138227210E-05
   3837.00    0.4522550870E-05
   3838.00    0.4901250012E-05
   3839.00    0.5273434581E-05
   3840.00    0.5638582437E-05
   3841.00    0.5996407483E-05
   3842.00    0.6346778305E-05
   3843.00    0.6689666503E-05
   3844.00    0.7025113007E-05
   3845.00    0.7353205624E-05
   3846.00    0.7674063775E-05
   3847.00    0.7987827947E-05
   3848.00    0.8294652304E-05
   3849.00    0.8594699445E-05
   3850.00    0.8888136663E-05
   3851.00    0.9175133254E-05
   3852.00    0.9455858573E-05
   3853.00    0.9730480638E-05
   3854.00    0.9999165124E-05
   3855.00    0.1026207465E-04
   3856.00    0.1051936829E-04
   3857.00    0.1077120122E-04
   3858.00    0.1101772451E-04
   3859.00    0.1125908498E-04
   3860.00    0.1149542519E-04
   3861.00    0.1172688335E-04
   3862.00    0.1195359344E-04
   3863.00    0.1217568518E-04
   3864.00    0.1239328417E-04
   3865.00    0.1260651197E-04
   3866.00    0.1281548616E-04
   3867.00    0.1302032051E-04
   3868.00    0.1322112506E-04
   3869.00    0.1341800624E-04
   3870.00    0.1361106700E-04
   3871.00    0.1380040692E-04
   3872.00    0.1398612231E-04
   3873.00    0.1416830636E-04
   3874.00    0.1434704922E-04
   3875.00    0.1452243812E-04
   3876.00    0.1469455749E-04
   3877.00    0.1486348904E-04
   3878.00    0.1502931186E-04
   3879.00    0.1519210256E-04
   3880.00    0.1535193528E-04
   3881.00    0.1550888187E-04
   3882.00    0.1566301193E-04
   3883.00    0.1581439286E-04
   3884.00    0.1596309002E-04
   3885.00    0.1610916674E-04
   3886.00    0.1625268443E-04
   3887.00    0.1639370262E-04
   3888.00    0.1653227907E-04
   3889.00    0.1666846980E-04
   3890.00    0.1680232914E-04
   3891.00    0.1693390985E-04
   3892.00    0.1706326313E-04
   3893.00    0.1719043866E-04
   3894.00    0.1731548471E-04
   3895.00    0.1743844814E-04
   3896.00    0.1755937448E-04
   3897.00    0.1767830797E-04
   3898.00    0.1779529158E-04
   3899.00    0.1791036709E-04
   3900.00    0.1802357510E-04
   3901.00    0.1813495510E-04
   3902.00    0.1824454549E-04
   3903.00    0.1835238360E-04
   3904.00    0.1845850577E-04
   3905.00    0.1856294736E-04
   3906.00    0.1866574274E-04
   3907.00    0.1876692542E-04
   3908.00    0.1886652797E-04
   3909.00    0.1896458214E-04
   3910.00    0.1906111883E-04
   3911.00    0.1915616813E-04
   3912.00    0.1924975938E-04
   3913.00    0.1934192113E-04
   3914.00    0.1943268123E-04
   3915.00    0.1952206681E-04
   3916.00    0.1961010431E-04
   3917.00    0.1969681952E-04
   3918.00    0.1978223758E-04
   3919.00    0.1986638301E-04
   3920.00    0.1994927972E-04
   3921.00    0.2003095103E-04
   3922.00    0.2011141972E-04
   3923.00    0.2019070798E-04
   3924.00    0.2026883750E-04
   3925.00    0.2034582942E-04
   3926.00    0.2042170441E-04
   3927.00    0.2049648263E-04
   3928.00    0.2057018377E-04
   3929.00    0.2064282706E-04
   3930.00    0.2071443129E-04
   3931.00    0.2078501479E-04
   3932.00    0.2085459551E-04
   3933.00    0.2092319096E-04
   3934.00    0.2099081826E-04
   3935.00    0.2105749415E-04
   3936.00    0.2112323497E-04
   3937.00    0.2118805672E-04
   3938.00    0.2125197504E-04
   3939.00    0.2131500521E-04
   3940.00    0.2137716219E-04
   3941.00    0.2143846061E-04
   3942.00    0.2149891477E-04
   3943.00    0.2155853867E-04
   3944.00    0.2161734601E-04
   3945.00    0.2167535019E-04
   3946.00    0.2173256432E-04
   3947.00    0.2178900126E-04
   3948.00    0.2184467356E-04
   3949.00    0.2189959353E-04
   3950.00    0.2195377322E-04
   3951.00    0.2200722443E-04
   3952.00    0.2205995871E-04
   3953.00    0.2211198738E-04
   3954.00    0.2216332152E-04
   3955.00    0.2221397200E-04
   3956.00    0.2226394945E-04
   3957.00    0.2231326429E-04
   3958.00    0.2236192675E-04
   3959.00    0.2240994683E-04
   3960.00    0.2245733435E-04
   3961.00    0.2250409893E-04
   3962.00    0.2255024999E-04
   3963.00    0.2259579679E-04
   3964.00    0.2264074839E-04
   3965.00    0.2268511368E-04
   3966.00    0.2272890137E-04
   3967.00    0.2277212002E-04
   3968.00    0.2281477801E-04
   3969.00    0.2285688357E-04
   3970.00    0.2289844478E-04
   3971.00    0.2293946955E-04
   3972.00    0.2297996565E-04
   3973.00    0.2301994071E-04
   3974.00    0.2305940221E-04
   3975.00    0.2309835750E-04
   3976.00    0.2313681379E-04
   3977.00    0.2317477816E-04
   3978.00    0.2321225755E-04
   3979.00    0.2324925878E-04
   3980.00    0.2328578856E-04
   3981.00    0.2332185347E-04
   3982.00    0.2335745995E-04
   3983.00    0.2339261436E-04
   3984.00    0.2342732293E-04
   3985.00    0.2346159178E-04
   3986.00    0.2349542692E-04
   3987.00    0.2352883426E-04
   3988.00    0.2356181961E-04
   3989.00    0.2359438866E-04
   3990.00    0.2362654702E-04
   3991.00    0.2365830021E-04
   3992.00    0.2368965362E-04
   3993.00    0.2372061259E-04
   3994.00    0.2375118234E-04
   3995.00    0.2378136801E-04
   3996.00    0.2381117466E-04
   3997.00    0.2384060725E-04
   3998.00    0.2386967068E-04
   3999.00    0.2389836973E-04
   4000.00    0.2392670915E-04
