Frequencies(cm-1)    polar_2nd_xxy        
   1000.00    0.1542336412E+01
   1001.00    0.1460188603E+01
   1002.00    0.1287391899E+01
   1003.00    0.1155185092E+01
   1004.00    0.1121747513E+01
   1005.00    0.1165628811E+01
   1006.00    0.1249845981E+01
   1007.00    0.1350623687E+01
   1008.00    0.1456537905E+01
   1009.00    0.1562810364E+01
   1010.00    0.1667742487E+01
   1011.00    0.1771012997E+01
   1012.00    0.1872920521E+01
   1013.00    0.1974052889E+01
   1014.00    0.2075146185E+01
   1015.00    0.2177030015E+01
   1016.00    0.2280613827E+01
   1017.00    0.2386894517E+01
   1018.00    0.2496977029E+01
   1019.00    0.2612105014E+01
   1020.00    0.2733701544E+01
   1021.00    0.2863421757E+01
   1022.00    0.3003220948E+01
   1023.00    0.3155443556E+01
   1024.00    0.3322941004E+01
   1025.00    0.3509230025E+01
   1026.00    0.3718708584E+01
   1027.00    0.3956954815E+01
   1028.00    0.4231147205E+01
   1029.00    0.4550664092E+01
   1030.00    0.4927950890E+01
   1031.00    0.5379788666E+01
   1032.00    0.5929158500E+01
   1033.00    0.6607953785E+01
   1034.00    0.7460744398E+01
   1035.00    0.8549221938E+01
   1036.00    0.9954296876E+01
   1037.00    0.1176288433E+02
   1038.00    0.1399632793E+02
   1039.00    0.1639041585E+02
   1040.00    0.1809393794E+02
   1041.00    0.1811152260E+02
   1042.00    0.1661045606E+02
   1043.00    0.1462447254E+02
   1044.00    0.1283136577E+02
   1045.00    0.1141443242E+02
   1046.00    0.1035229224E+02
   1047.00    0.9579830775E+01
   1048.00    0.9037950434E+01
   1049.00    0.8683119234E+01
   1050.00    0.8486373994E+01
   1051.00    0.8430701760E+01
   1052.00    0.8509006137E+01
   1053.00    0.8722956887E+01
   1054.00    0.9082370209E+01
   1055.00    0.9603957274E+01
   1056.00    0.1030586715E+02
   1057.00    0.1118719536E+02
   1058.00    0.1216426328E+02
   1059.00    0.1292570736E+02
   1060.00    0.1283158222E+02
   1061.00    0.1141724270E+02
   1062.00    0.9186802809E+01
   1063.00    0.7036112812E+01
   1064.00    0.5417581098E+01
   1065.00    0.4429524219E+01
   1066.00    0.4049007722E+01
   1067.00    0.4176908582E+01
   1068.00    0.4668275456E+01
   1069.00    0.5408378609E+01
   1070.00    0.6343428014E+01
   1071.00    0.7468457798E+01
   1072.00    0.8812779918E+01
   1073.00    0.1043459056E+02
   1074.00    0.1242310912E+02
   1075.00    0.1490436476E+02
   1076.00    0.1804121186E+02
   1077.00    0.2199470088E+02
   1078.00    0.2674494640E+02
   1079.00    0.3159013378E+02
   1080.00    0.3463020565E+02
   1081.00    0.3407818009E+02
   1082.00    0.3068958604E+02
   1083.00    0.2651382696E+02
   1084.00    0.2271395164E+02
   1085.00    0.1956488103E+02
   1086.00    0.1700461825E+02
   1087.00    0.1490400228E+02
   1088.00    0.1314637464E+02
   1089.00    0.1164201315E+02
   1090.00    0.1032619257E+02
   1091.00    0.9155843324E+01
   1092.00    0.8109714026E+01
   1093.00    0.7195501746E+01
   1094.00    0.6468764587E+01
   1095.00    0.6065232978E+01
   1096.00    0.6219201348E+01
   1097.00    0.7198960666E+01
   1098.00    0.9199542593E+01
   1099.00    0.1235352846E+02
   1100.00    0.1673224011E+02
   1101.00    0.2201068319E+02
   1102.00    0.2680078635E+02
   1103.00    0.2909314051E+02
   1104.00    0.2856177018E+02
   1105.00    0.2661048413E+02
   1106.00    0.2441781055E+02
   1107.00    0.2244790012E+02
   1108.00    0.2079438135E+02
   1109.00    0.1943007502E+02
   1110.00    0.1830271301E+02
   1111.00    0.1736336394E+02
   1112.00    0.1657247333E+02
   1113.00    0.1589948799E+02
   1114.00    0.1532108244E+02
   1115.00    0.1481941460E+02
   1116.00    0.1438072958E+02
   1117.00    0.1399431377E+02
   1118.00    0.1365172900E+02
   1119.00    0.1334625450E+02
   1120.00    0.1307247893E+02
   1121.00    0.1282599976E+02
   1122.00    0.1260319982E+02
   1123.00    0.1240107945E+02
   1124.00    0.1221712913E+02
   1125.00    0.1204923226E+02
   1126.00    0.1189559085E+02
   1127.00    0.1175467055E+02
   1128.00    0.1162516543E+02
   1129.00    0.1150599168E+02
   1130.00    0.1139633686E+02
   1131.00    0.1129581732E+02
   1132.00    0.1120472957E+02
   1133.00    0.1112375128E+02
   1134.00    0.1105165838E+02
   1135.00    0.1098423213E+02
   1136.00    0.1091895746E+02
   1137.00    0.1085640153E+02
   1138.00    0.1079750385E+02
   1139.00    0.1074265773E+02
   1140.00    0.1069202851E+02
   1141.00    0.1064605556E+02
   1142.00    0.1060609754E+02
   1143.00    0.1057483651E+02
   1144.00    0.1055380833E+02
   1145.00    0.1053766017E+02
   1146.00    0.1051851802E+02
   1147.00    0.1049558562E+02
   1148.00    0.1047178446E+02
   1149.00    0.1044915780E+02
   1150.00    0.1042851765E+02
   1151.00    0.1041005829E+02
   1152.00    0.1039373203E+02
   1153.00    0.1037940740E+02
   1154.00    0.1036692855E+02
   1155.00    0.1035613589E+02
   1156.00    0.1034687218E+02
   1157.00    0.1033898314E+02
   1158.00    0.1033231611E+02
   1159.00    0.1032671800E+02
   1160.00    0.1032203302E+02
   1161.00    0.1031810031E+02
   1162.00    0.1031475149E+02
   1163.00    0.1031180797E+02
   1164.00    0.1030907816E+02
   1165.00    0.1030635433E+02
   1166.00    0.1030340910E+02
   1167.00    0.1029999142E+02
   1168.00    0.1029582200E+02
   1169.00    0.1029058796E+02
   1170.00    0.1028393653E+02
   1171.00    0.1027546779E+02
   1172.00    0.1026472586E+02
   1173.00    0.1025118863E+02
   1174.00    0.1023425538E+02
   1175.00    0.1021323197E+02
   1176.00    0.1018731319E+02
   1177.00    0.1015556135E+02
   1178.00    0.1011688066E+02
   1179.00    0.1006998640E+02
   1180.00    0.1001336790E+02
   1181.00    0.9945244546E+01
   1182.00    0.9863513977E+01
   1183.00    0.9765692553E+01
   1184.00    0.9648849787E+01
   1185.00    0.9509542233E+01
   1186.00    0.9343760397E+01
   1187.00    0.9146919450E+01
   1188.00    0.8913961093E+01
   1189.00    0.8639713253E+01
   1190.00    0.8319829085E+01
   1191.00    0.7953019486E+01
   1192.00    0.7546178346E+01
   1193.00    0.7125903690E+01
   1194.00    0.6763197987E+01
   1195.00    0.6618760884E+01
   1196.00    0.6991783595E+01
   1197.00    0.8290642429E+01
   1198.00    0.1091118548E+02
   1199.00    0.1524322386E+02
   1200.00    0.2185694126E+02
   1201.00    0.3168932988E+02
   1202.00    0.4610430388E+02
   1203.00    0.6642229519E+02
   1204.00    0.9180069393E+02
   1205.00    0.1158181243E+03
   1206.00    0.1291225950E+03
   1207.00    0.1276113106E+03
   1208.00    0.1117950038E+03
   1209.00    0.8683433057E+02
   1210.00    0.6240499285E+02
   1211.00    0.4457751283E+02
   1212.00    0.3405680659E+02
   1213.00    0.2940464382E+02
   1214.00    0.2869383819E+02
   1215.00    0.3025465851E+02
   1216.00    0.3309522410E+02
   1217.00    0.3681340796E+02
   1218.00    0.4135962790E+02
   1219.00    0.4688676453E+02
   1220.00    0.5367696399E+02
   1221.00    0.6206124390E+02
   1222.00    0.7216274668E+02
   1223.00    0.8309915900E+02
   1224.00    0.9149318243E+02
   1225.00    0.9194140328E+02
   1226.00    0.8321308998E+02
   1227.00    0.7042431334E+02
   1228.00    0.5827562271E+02
   1229.00    0.4832967320E+02
   1230.00    0.4053749278E+02
   1231.00    0.3445718536E+02
   1232.00    0.2966411416E+02
   1233.00    0.2583148533E+02
   1234.00    0.2272235446E+02
   1235.00    0.2016695043E+02
   1236.00    0.1804297306E+02
   1237.00    0.1626129136E+02
   1238.00    0.1475609210E+02
   1239.00    0.1347817666E+02
   1240.00    0.1239037855E+02
   1241.00    0.1146437695E+02
   1242.00    0.1067838698E+02
   1243.00    0.1001528489E+02
   1244.00    0.9460619908E+01
   1245.00    0.8999562865E+01
   1246.00    0.8611391457E+01
   1247.00    0.8263284409E+01
   1248.00    0.7924653445E+01
   1249.00    0.7628508510E+01
   1250.00    0.7467406799E+01
   1251.00    0.7474807955E+01
   1252.00    0.7626200375E+01
   1253.00    0.7901690935E+01
   1254.00    0.8299810217E+01
   1255.00    0.8831851925E+01
   1256.00    0.9517986181E+01
   1257.00    0.1038676539E+02
   1258.00    0.1147683351E+02
   1259.00    0.1284038831E+02
   1260.00    0.1454866381E+02
   1261.00    0.1670024981E+02
   1262.00    0.1943358727E+02
   1263.00    0.2294532922E+02
   1264.00    0.2751531207E+02
   1265.00    0.3353188329E+02
   1266.00    0.4148074234E+02
   1267.00    0.5175360313E+02
   1268.00    0.6388734413E+02
   1269.00    0.7500349421E+02
   1270.00    0.8007235330E+02
   1271.00    0.7747851147E+02
   1272.00    0.7089081942E+02
   1273.00    0.6393239032E+02
   1274.00    0.5803443268E+02
   1275.00    0.5340767223E+02
   1276.00    0.4989013267E+02
   1277.00    0.4726860565E+02
   1278.00    0.4536463192E+02
   1279.00    0.4404674791E+02
   1280.00    0.4322458838E+02
   1281.00    0.4284097909E+02
   1282.00    0.4286601366E+02
   1283.00    0.4329376672E+02
   1284.00    0.4414156733E+02
   1285.00    0.4545173186E+02
   1286.00    0.4729566884E+02
   1287.00    0.4977976460E+02
   1288.00    0.5305006155E+02
   1289.00    0.5728409645E+02
   1290.00    0.6263018096E+02
   1291.00    0.6897521012E+02
   1292.00    0.7528601989E+02
   1293.00    0.7856291422E+02
   1294.00    0.7474268635E+02
   1295.00    0.6387585163E+02
   1296.00    0.5084126515E+02
   1297.00    0.3936784700E+02
   1298.00    0.3036402977E+02
   1299.00    0.2350861882E+02
   1300.00    0.1827707846E+02
   1301.00    0.1423589196E+02
   1302.00    0.1107669045E+02
   1303.00    0.8593676938E+01
   1304.00    0.6660101815E+01
   1305.00    0.5214089641E+01
   1306.00    0.4247216225E+01
   1307.00    0.3770039529E+01
   1308.00    0.3738759674E+01
   1309.00    0.4025388642E+01
   1310.00    0.4487852244E+01
   1311.00    0.5028790433E+01
   1312.00    0.5595620144E+01
   1313.00    0.6162950213E+01
   1314.00    0.6719570876E+01
   1315.00    0.7261390123E+01
   1316.00    0.7787882658E+01
   1317.00    0.8300322856E+01
   1318.00    0.8800902105E+01
   1319.00    0.9292291938E+01
   1320.00    0.9777439671E+01
   1321.00    0.1025949143E+02
   1322.00    0.1074179064E+02
   1323.00    0.1122792733E+02
   1324.00    0.1172182837E+02
   1325.00    0.1222788807E+02
   1326.00    0.1275114415E+02
   1327.00    0.1329750831E+02
   1328.00    0.1387405982E+02
   1329.00    0.1448939965E+02
   1330.00    0.1515401869E+02
   1331.00    0.1588049753E+02
   1332.00    0.1668295233E+02
   1333.00    0.1757397567E+02
   1334.00    0.1855401241E+02
   1335.00    0.1957941421E+02
   1336.00    0.2047873174E+02
   1337.00    0.2079829411E+02
   1338.00    0.1981051262E+02
   1339.00    0.1736145225E+02
   1340.00    0.1469740697E+02
   1341.00    0.1310795377E+02
   1342.00    0.1272014685E+02
   1343.00    0.1306893088E+02
   1344.00    0.1376073225E+02
   1345.00    0.1459424261E+02
   1346.00    0.1548644686E+02
   1347.00    0.1640926065E+02
   1348.00    0.1735823256E+02
   1349.00    0.1833917706E+02
   1350.00    0.1936280870E+02
   1351.00    0.2044279996E+02
   1352.00    0.2159535600E+02
   1353.00    0.2283954583E+02
   1354.00    0.2419811832E+02
   1355.00    0.2569875768E+02
   1356.00    0.2737586349E+02
   1357.00    0.2927304750E+02
   1358.00    0.3144666193E+02
   1359.00    0.3397083249E+02
   1360.00    0.3694466530E+02
   1361.00    0.4050245287E+02
   1362.00    0.4482746018E+02
   1363.00    0.5016785822E+02
   1364.00    0.5684474909E+02
   1365.00    0.6521101937E+02
   1366.00    0.7542179241E+02
   1367.00    0.8666444881E+02
   1368.00    0.9562669915E+02
   1369.00    0.9665728490E+02
   1370.00    0.8794513599E+02
   1371.00    0.7457618466E+02
   1372.00    0.6167758109E+02
   1373.00    0.5106571455E+02
   1374.00    0.4274519610E+02
   1375.00    0.3625750429E+02
   1376.00    0.3115081074E+02
   1377.00    0.2707614693E+02
   1378.00    0.2378121863E+02
   1379.00    0.2108652750E+02
   1380.00    0.1886431008E+02
   1381.00    0.1702329459E+02
   1382.00    0.1549835089E+02
   1383.00    0.1424367160E+02
   1384.00    0.1322841970E+02
   1385.00    0.1243412636E+02
   1386.00    0.1185338811E+02
   1387.00    0.1148959573E+02
   1388.00    0.1135756471E+02
   1389.00    0.1148508360E+02
   1390.00    0.1191562244E+02
   1391.00    0.1271281528E+02
   1392.00    0.1396783917E+02
   1393.00    0.1581128078E+02
   1394.00    0.1843089585E+02
   1395.00    0.2209353068E+02
   1396.00    0.2715451636E+02
   1397.00    0.3398150488E+02
   1398.00    0.4256586675E+02
   1399.00    0.5152608167E+02
   1400.00    0.5764306231E+02
   1401.00    0.5907848264E+02
   1402.00    0.5798674222E+02
   1403.00    0.5655912949E+02
   1404.00    0.5469813089E+02
   1405.00    0.5230256844E+02
   1406.00    0.4994386403E+02
   1407.00    0.4802420797E+02
   1408.00    0.4664405479E+02
   1409.00    0.4577140119E+02
   1410.00    0.4534421435E+02
   1411.00    0.4530637460E+02
   1412.00    0.4561654890E+02
   1413.00    0.4624864710E+02
   1414.00    0.4719040136E+02
   1415.00    0.4844210318E+02
   1416.00    0.5001607484E+02
   1417.00    0.5193704476E+02
   1418.00    0.5424354348E+02
   1419.00    0.5699051596E+02
   1420.00    0.6025349827E+02
   1421.00    0.6413493264E+02
   1422.00    0.6877351745E+02
   1423.00    0.7435792424E+02
   1424.00    0.8114669701E+02
   1425.00    0.8949626206E+02
   1426.00    0.9989697975E+02
   1427.00    0.1130066623E+03
   1428.00    0.1296298476E+03
   1429.00    0.1504511513E+03
   1430.00    0.1749533529E+03
   1431.00    0.1985967104E+03
   1432.00    0.2102943233E+03
   1433.00    0.2006212512E+03
   1434.00    0.1754609205E+03
   1435.00    0.1474704973E+03
   1436.00    0.1232333546E+03
   1437.00    0.1039023533E+03
   1438.00    0.8875872208E+02
   1439.00    0.7682366806E+02
   1440.00    0.6728299370E+02
   1441.00    0.5953203947E+02
   1442.00    0.5313480634E+02
   1443.00    0.4777717906E+02
   1444.00    0.4323055290E+02
   1445.00    0.3932617610E+02
   1446.00    0.3593755369E+02
   1447.00    0.3296841594E+02
   1448.00    0.3034442895E+02
   1449.00    0.2800741222E+02
   1450.00    0.2591124304E+02
   1451.00    0.2401890010E+02
   1452.00    0.2230026590E+02
   1453.00    0.2073039057E+02
   1454.00    0.1928791800E+02
   1455.00    0.1795328685E+02
   1456.00    0.1670643061E+02
   1457.00    0.1552591342E+02
   1458.00    0.1439846485E+02
   1459.00    0.1333656867E+02
   1460.00    0.1235793019E+02
   1461.00    0.1145411027E+02
   1462.00    0.1060667614E+02
   1463.00    0.9802812829E+01
   1464.00    0.9035124373E+01
   1465.00    0.8298915911E+01
   1466.00    0.7590765572E+01
   1467.00    0.6907995756E+01
   1468.00    0.6248551025E+01
   1469.00    0.5611089345E+01
   1470.00    0.4995266841E+01
   1471.00    0.4402312105E+01
   1472.00    0.3836129123E+01
   1473.00    0.3305410910E+01
   1474.00    0.2827596937E+01
   1475.00    0.2435397376E+01
   1476.00    0.2182871966E+01
   1477.00    0.2135265671E+01
   1478.00    0.2327598153E+01
   1479.00    0.2738281058E+01
   1480.00    0.3322067690E+01
   1481.00    0.4047087310E+01
   1482.00    0.4903200945E+01
   1483.00    0.5898843909E+01
   1484.00    0.7058732476E+01
   1485.00    0.8424864449E+01
   1486.00    0.1006079959E+02
   1487.00    0.1205895879E+02
   1488.00    0.1454922539E+02
   1489.00    0.1769969312E+02
   1490.00    0.2167281064E+02
   1491.00    0.2642333170E+02
   1492.00    0.3116027076E+02
   1493.00    0.3392152579E+02
   1494.00    0.3312350193E+02
   1495.00    0.2959436733E+02
   1496.00    0.2490942684E+02
   1497.00    0.1974787489E+02
   1498.00    0.1472741754E+02
   1499.00    0.1092725162E+02
   1500.00    0.8761355544E+01
   1501.00    0.7776411511E+01
   1502.00    0.7455412624E+01
   1503.00    0.7543344610E+01
   1504.00    0.7976520442E+01
   1505.00    0.8788727302E+01
   1506.00    0.1006991986E+02
   1507.00    0.1195657819E+02
   1508.00    0.1463463299E+02
   1509.00    0.1836324333E+02
   1510.00    0.2357065521E+02
   1511.00    0.3088483026E+02
   1512.00    0.4065539763E+02
   1513.00    0.5174090213E+02
   1514.00    0.6057018169E+02
   1515.00    0.6411307759E+02
   1516.00    0.6356930442E+02
   1517.00    0.6173998647E+02
   1518.00    0.6019974368E+02
   1519.00    0.5932965663E+02
   1520.00    0.5876170256E+02
   1521.00    0.5735004922E+02
   1522.00    0.5332960758E+02
   1523.00    0.4637157043E+02
   1524.00    0.3951997727E+02
   1525.00    0.3578721594E+02
   1526.00    0.3528483828E+02
   1527.00    0.3682176658E+02
   1528.00    0.3949992082E+02
   1529.00    0.4292510773E+02
   1530.00    0.4700923781E+02
   1531.00    0.5182792813E+02
   1532.00    0.5756175034E+02
   1533.00    0.6448003867E+02
   1534.00    0.7292978912E+02
   1535.00    0.8326771576E+02
   1536.00    0.9556570914E+02
   1537.00    0.1086847318E+03
   1538.00    0.1185008331E+03
   1539.00    0.1182540870E+03
   1540.00    0.1062517527E+03
   1541.00    0.8979361615E+02
   1542.00    0.7663367775E+02
   1543.00    0.7051165470E+02
   1544.00    0.7159133304E+02
   1545.00    0.7570535579E+02
   1546.00    0.7616801004E+02
   1547.00    0.7060604582E+02
   1548.00    0.6203804816E+02
   1549.00    0.5342903720E+02
   1550.00    0.4588701565E+02
   1551.00    0.3953141789E+02
   1552.00    0.3418905942E+02
   1553.00    0.2965110446E+02
   1554.00    0.2574061235E+02
   1555.00    0.2232150208E+02
   1556.00    0.1929343544E+02
   1557.00    0.1658578331E+02
   1558.00    0.1415452107E+02
   1559.00    0.1198391272E+02
   1560.00    0.1009531496E+02
   1561.00    0.8565308998E+01
   1562.00    0.7544997038E+01
   1563.00    0.7232742969E+01
   1564.00    0.7742903578E+01
   1565.00    0.9003349797E+01
   1566.00    0.1085297724E+02
   1567.00    0.1317208219E+02
   1568.00    0.1591433560E+02
   1569.00    0.1909367139E+02
   1570.00    0.2277204373E+02
   1571.00    0.2705721773E+02
   1572.00    0.3211006924E+02
   1573.00    0.3816115152E+02
   1574.00    0.4553752486E+02
   1575.00    0.5469961779E+02
   1576.00    0.6627680021E+02
   1577.00    0.8104311723E+02
   1578.00    0.9961156294E+02
   1579.00    0.1212285425E+03
   1580.00    0.1410886453E+03
   1581.00    0.1498843339E+03
   1582.00    0.1432909425E+03
   1583.00    0.1279201004E+03
   1584.00    0.1115438765E+03
   1585.00    0.9742516154E+02
   1586.00    0.8603813022E+02
   1587.00    0.7698583419E+02
   1588.00    0.6974408838E+02
   1589.00    0.6383854818E+02
   1590.00    0.5882410920E+02
   1591.00    0.5418840696E+02
   1592.00    0.4931421120E+02
   1593.00    0.4393424498E+02
   1594.00    0.3891518978E+02
   1595.00    0.3530011556E+02
   1596.00    0.3296540265E+02
   1597.00    0.3132657394E+02
   1598.00    0.3000850989E+02
   1599.00    0.2884764642E+02
   1600.00    0.2778020989E+02
   1601.00    0.2678106802E+02
   1602.00    0.2583916744E+02
   1603.00    0.2494848573E+02
   1604.00    0.2410479737E+02
   1605.00    0.2330454922E+02
   1606.00    0.2254449134E+02
   1607.00    0.2182157105E+02
   1608.00    0.2113291217E+02
   1609.00    0.2047581647E+02
   1610.00    0.1984776656E+02
   1611.00    0.1924642470E+02
   1612.00    0.1866962732E+02
   1613.00    0.1811537608E+02
   1614.00    0.1758182699E+02
   1615.00    0.1706727837E+02
   1616.00    0.1657015868E+02
   1617.00    0.1608901439E+02
   1618.00    0.1562249850E+02
   1619.00    0.1516935960E+02
   1620.00    0.1472843177E+02
   1621.00    0.1429862521E+02
   1622.00    0.1387891759E+02
   1623.00    0.1346834614E+02
   1624.00    0.1306600032E+02
   1625.00    0.1267101513E+02
   1626.00    0.1228256492E+02
   1627.00    0.1189985767E+02
   1628.00    0.1152212963E+02
   1629.00    0.1114864041E+02
   1630.00    0.1077866837E+02
   1631.00    0.1041150628E+02
   1632.00    0.1004645733E+02
   1633.00    0.9682831447E+01
   1634.00    0.9319941920E+01
   1635.00    0.8957102543E+01
   1636.00    0.8593625284E+01
   1637.00    0.8228818815E+01
   1638.00    0.7861988250E+01
   1639.00    0.7492436726E+01
   1640.00    0.7119469786E+01
   1641.00    0.6742404154E+01
   1642.00    0.6360583453E+01
   1643.00    0.5973405103E+01
   1644.00    0.5580365605E+01
   1645.00    0.5181136723E+01
   1646.00    0.4775695022E+01
   1647.00    0.4364546203E+01
   1648.00    0.3949123391E+01
   1649.00    0.3532514494E+01
   1650.00    0.3120826308E+01
   1651.00    0.2725773366E+01
   1652.00    0.2369409073E+01
   1653.00    0.2091211056E+01
   1654.00    0.1951484720E+01
   1655.00    0.2011632385E+01
   1656.00    0.2290990448E+01
   1657.00    0.2759969270E+01
   1658.00    0.3378192455E+01
   1659.00    0.4118950302E+01
   1660.00    0.4970839002E+01
   1661.00    0.5933490486E+01
   1662.00    0.7014397573E+01
   1663.00    0.8227487873E+01
   1664.00    0.9592969730E+01
   1665.00    0.1113812244E+02
   1666.00    0.1289895720E+02
   1667.00    0.1492288741E+02
   1668.00    0.1727275352E+02
   1669.00    0.2003280072E+02
   1670.00    0.2331754984E+02
   1671.00    0.2728493515E+02
   1672.00    0.3215541638E+02
   1673.00    0.3823803117E+02
   1674.00    0.4595860285E+02
   1675.00    0.5586014213E+02
   1676.00    0.6845483294E+02
   1677.00    0.8355929307E+02
   1678.00    0.9856362129E+02
   1679.00    0.1071985652E+03
   1680.00    0.1047729815E+03
   1681.00    0.9463441637E+02
   1682.00    0.8279047546E+02
   1683.00    0.7226064200E+02
   1684.00    0.6367341605E+02
   1685.00    0.5681575524E+02
   1686.00    0.5132185732E+02
   1687.00    0.4686870339E+02
   1688.00    0.4320786934E+02
   1689.00    0.4015564653E+02
   1690.00    0.3757704377E+02
   1691.00    0.3537222590E+02
   1692.00    0.3346649998E+02
   1693.00    0.3180323302E+02
   1694.00    0.3033889663E+02
   1695.00    0.2903959001E+02
   1696.00    0.2787857887E+02
   1697.00    0.2683453327E+02
   1698.00    0.2589025014E+02
   1699.00    0.2503171536E+02
   1700.00    0.2424740668E+02
   1701.00    0.2352776940E+02
   1702.00    0.2286481754E+02
   1703.00    0.2225182732E+02
   1704.00    0.2168309903E+02
   1705.00    0.2115377057E+02
   1706.00    0.2065966984E+02
   1707.00    0.2019719717E+02
   1708.00    0.1976323082E+02
   1709.00    0.1935505051E+02
   1710.00    0.1897027509E+02
   1711.00    0.1860681146E+02
   1712.00    0.1826281233E+02
   1713.00    0.1793664129E+02
   1714.00    0.1762684354E+02
   1715.00    0.1733212145E+02
   1716.00    0.1705131387E+02
   1717.00    0.1678337868E+02
   1718.00    0.1652737791E+02
   1719.00    0.1628246505E+02
   1720.00    0.1604787415E+02
   1721.00    0.1582291049E+02
   1722.00    0.1560694247E+02
   1723.00    0.1539939459E+02
   1724.00    0.1519974138E+02
   1725.00    0.1500750208E+02
   1726.00    0.1482223596E+02
   1727.00    0.1464353830E+02
   1728.00    0.1447103673E+02
   1729.00    0.1430438815E+02
   1730.00    0.1414327584E+02
   1731.00    0.1398740705E+02
   1732.00    0.1383651079E+02
   1733.00    0.1369033583E+02
   1734.00    0.1354864900E+02
   1735.00    0.1341123357E+02
   1736.00    0.1327788791E+02
   1737.00    0.1314842422E+02
   1738.00    0.1302266736E+02
   1739.00    0.1290045388E+02
   1740.00    0.1278163109E+02
   1741.00    0.1266605624E+02
   1742.00    0.1255359575E+02
   1743.00    0.1244412457E+02
   1744.00    0.1233752554E+02
   1745.00    0.1223368886E+02
   1746.00    0.1213251157E+02
   1747.00    0.1203389708E+02
   1748.00    0.1193775482E+02
   1749.00    0.1184399979E+02
   1750.00    0.1175255226E+02
   1751.00    0.1166333746E+02
   1752.00    0.1157628530E+02
   1753.00    0.1149133012E+02
   1754.00    0.1140841046E+02
   1755.00    0.1132746886E+02
   1756.00    0.1124845169E+02
   1757.00    0.1117130898E+02
   1758.00    0.1109599428E+02
   1759.00    0.1102246457E+02
   1760.00    0.1095068013E+02
   1761.00    0.1088060445E+02
   1762.00    0.1081220421E+02
   1763.00    0.1074544918E+02
   1764.00    0.1068031227E+02
   1765.00    0.1061676942E+02
   1766.00    0.1055479971E+02
   1767.00    0.1049438533E+02
   1768.00    0.1043551169E+02
   1769.00    0.1037816745E+02
   1770.00    0.1032234465E+02
   1771.00    0.1026803886E+02
   1772.00    0.1021524935E+02
   1773.00    0.1016397926E+02
   1774.00    0.1011423591E+02
   1775.00    0.1006603106E+02
   1776.00    0.1001938125E+02
   1777.00    0.9974308265E+01
   1778.00    0.9930839588E+01
   1779.00    0.9889008990E+01
   1780.00    0.9848857211E+01
   1781.00    0.9810432760E+01
   1782.00    0.9773792862E+01
   1783.00    0.9739004574E+01
   1784.00    0.9706146113E+01
   1785.00    0.9675308429E+01
   1786.00    0.9646597082E+01
   1787.00    0.9620134501E+01
   1788.00    0.9596062688E+01
   1789.00    0.9574546497E+01
   1790.00    0.9555777610E+01
   1791.00    0.9539979406E+01
   1792.00    0.9527412934E+01
   1793.00    0.9518384299E+01
   1794.00    0.9513253864E+01
   1795.00    0.9512447770E+01
   1796.00    0.9516472478E+01
   1797.00    0.9525933254E+01
   1798.00    0.9541557854E+01
   1799.00    0.9564227072E+01
   1800.00    0.9595014458E+01
   1801.00    0.9635238262E+01
   1802.00    0.9686529715E+01
   1803.00    0.9750922966E+01
   1804.00    0.9830973106E+01
   1805.00    0.9929908873E+01
   1806.00    0.1005182295E+02
   1807.00    0.1020188766E+02
   1808.00    0.1038653526E+02
   1809.00    0.1061339918E+02
   1810.00    0.1089040103E+02
   1811.00    0.1122219964E+02
   1812.00    0.1159901301E+02
   1813.00    0.1196519460E+02
   1814.00    0.1214612065E+02
   1815.00    0.1175971712E+02
   1816.00    0.1039954058E+02
   1817.00    0.8316361356E+01
   1818.00    0.6402457391E+01
   1819.00    0.5212255460E+01
   1820.00    0.4709639220E+01
   1821.00    0.4621092537E+01
   1822.00    0.4716349485E+01
   1823.00    0.4872121484E+01
   1824.00    0.5035425295E+01
   1825.00    0.5186520810E+01
   1826.00    0.5319557280E+01
   1827.00    0.5434123768E+01
   1828.00    0.5531756413E+01
   1829.00    0.5614527870E+01
   1830.00    0.5684498161E+01
   1831.00    0.5743521411E+01
   1832.00    0.5793197981E+01
   1833.00    0.5834883425E+01
   1834.00    0.5869716935E+01
   1835.00    0.5898653807E+01
   1836.00    0.5922495904E+01
   1837.00    0.5941918118E+01
   1838.00    0.5957490569E+01
   1839.00    0.5969696881E+01
   1840.00    0.5978949117E+01
   1841.00    0.5985599938E+01
   1842.00    0.5989952497E+01
   1843.00    0.5992268524E+01
   1844.00    0.5992774919E+01
   1845.00    0.5991669183E+01
   1846.00    0.5989123884E+01
   1847.00    0.5985290352E+01
   1848.00    0.5980301758E+01
   1849.00    0.5974275679E+01
   1850.00    0.5967316249E+01
   1851.00    0.5959515968E+01
   1852.00    0.5950957239E+01
   1853.00    0.5941713661E+01
   1854.00    0.5931851138E+01
   1855.00    0.5921428827E+01
   1856.00    0.5910499947E+01
   1857.00    0.5899112482E+01
   1858.00    0.5887309781E+01
   1859.00    0.5875131084E+01
   1860.00    0.5862611976E+01
   1861.00    0.5849784784E+01
   1862.00    0.5836678925E+01
   1863.00    0.5823321209E+01
   1864.00    0.5809736106E+01
   1865.00    0.5795945984E+01
   1866.00    0.5781971312E+01
   1867.00    0.5767830852E+01
   1868.00    0.5753541816E+01
   1869.00    0.5739120015E+01
   1870.00    0.5724579987E+01
   1871.00    0.5709935113E+01
   1872.00    0.5695197723E+01
   1873.00    0.5680379186E+01
   1874.00    0.5665489995E+01
   1875.00    0.5650539841E+01
   1876.00    0.5635537683E+01
   1877.00    0.5620491806E+01
   1878.00    0.5605409878E+01
   1879.00    0.5590299002E+01
   1880.00    0.5575165758E+01
   1881.00    0.5560016245E+01
   1882.00    0.5544856120E+01
   1883.00    0.5529690632E+01
   1884.00    0.5514524649E+01
   1885.00    0.5499362695E+01
   1886.00    0.5484208968E+01
   1887.00    0.5469067367E+01
   1888.00    0.5453941513E+01
   1889.00    0.5438834771E+01
   1890.00    0.5423750267E+01
   1891.00    0.5408690903E+01
   1892.00    0.5393659377E+01
   1893.00    0.5378658194E+01
   1894.00    0.5363689677E+01
   1895.00    0.5348755988E+01
   1896.00    0.5333859129E+01
   1897.00    0.5319000957E+01
   1898.00    0.5304183197E+01
   1899.00    0.5289407445E+01
   1900.00    0.5274675178E+01
   1901.00    0.5259987765E+01
   1902.00    0.5245346470E+01
   1903.00    0.5230752460E+01
   1904.00    0.5216206813E+01
   1905.00    0.5201710521E+01
   1906.00    0.5187264496E+01
   1907.00    0.5172869577E+01
   1908.00    0.5158526533E+01
   1909.00    0.5144236066E+01
   1910.00    0.5129998817E+01
   1911.00    0.5115815371E+01
   1912.00    0.5101686257E+01
   1913.00    0.5087611954E+01
   1914.00    0.5073592892E+01
   1915.00    0.5059629457E+01
   1916.00    0.5045721994E+01
   1917.00    0.5031870807E+01
   1918.00    0.5018076161E+01
   1919.00    0.5004338290E+01
   1920.00    0.4990657392E+01
   1921.00    0.4977033636E+01
   1922.00    0.4963467159E+01
   1923.00    0.4949958074E+01
   1924.00    0.4936506466E+01
   1925.00    0.4923112397E+01
   1926.00    0.4909775905E+01
   1927.00    0.4896497008E+01
   1928.00    0.4883275704E+01
   1929.00    0.4870111969E+01
   1930.00    0.4857005766E+01
   1931.00    0.4843957037E+01
   1932.00    0.4830965710E+01
   1933.00    0.4818031700E+01
   1934.00    0.4805154905E+01
   1935.00    0.4792335212E+01
   1936.00    0.4779572495E+01
   1937.00    0.4766866617E+01
   1938.00    0.4754217430E+01
   1939.00    0.4741624776E+01
   1940.00    0.4729088488E+01
   1941.00    0.4716608388E+01
   1942.00    0.4704184294E+01
   1943.00    0.4691816012E+01
   1944.00    0.4679503342E+01
   1945.00    0.4667246080E+01
   1946.00    0.4655044011E+01
   1947.00    0.4642896919E+01
   1948.00    0.4630804579E+01
   1949.00    0.4618766762E+01
   1950.00    0.4606783234E+01
   1951.00    0.4594853759E+01
   1952.00    0.4582978094E+01
   1953.00    0.4571155993E+01
   1954.00    0.4559387208E+01
   1955.00    0.4547671486E+01
   1956.00    0.4536008572E+01
   1957.00    0.4524398208E+01
   1958.00    0.4512840136E+01
   1959.00    0.4501334091E+01
   1960.00    0.4489879811E+01
   1961.00    0.4478477029E+01
   1962.00    0.4467125477E+01
   1963.00    0.4455824888E+01
   1964.00    0.4444574990E+01
   1965.00    0.4433375512E+01
   1966.00    0.4422226184E+01
   1967.00    0.4411126730E+01
   1968.00    0.4400076879E+01
   1969.00    0.4389076356E+01
   1970.00    0.4378124887E+01
   1971.00    0.4367222198E+01
   1972.00    0.4356368013E+01
   1973.00    0.4345562057E+01
   1974.00    0.4334804057E+01
   1975.00    0.4324093737E+01
   1976.00    0.4313430823E+01
   1977.00    0.4302815042E+01
   1978.00    0.4292246119E+01
   1979.00    0.4281723781E+01
   1980.00    0.4271247755E+01
   1981.00    0.4260817771E+01
   1982.00    0.4250433555E+01
   1983.00    0.4240094838E+01
   1984.00    0.4229801350E+01
   1985.00    0.4219552822E+01
   1986.00    0.4209348985E+01
   1987.00    0.4199189572E+01
   1988.00    0.4189074318E+01
   1989.00    0.4179002956E+01
   1990.00    0.4168975222E+01
   1991.00    0.4158990854E+01
   1992.00    0.4149049589E+01
   1993.00    0.4139151167E+01
   1994.00    0.4129295328E+01
   1995.00    0.4119481813E+01
   1996.00    0.4109710364E+01
   1997.00    0.4099980727E+01
   1998.00    0.4090292646E+01
   1999.00    0.4080645867E+01
   2000.00    0.4071040139E+01
   2001.00    0.4061475211E+01
   2002.00    0.4051950833E+01
   2003.00    0.4042466757E+01
   2004.00    0.4033022736E+01
   2005.00    0.4023618525E+01
   2006.00    0.4014253881E+01
   2007.00    0.4004928559E+01
   2008.00    0.3995642320E+01
   2009.00    0.3986394922E+01
   2010.00    0.3977186129E+01
   2011.00    0.3968015703E+01
   2012.00    0.3958883409E+01
   2013.00    0.3949789013E+01
   2014.00    0.3940732281E+01
   2015.00    0.3931712984E+01
   2016.00    0.3922730890E+01
   2017.00    0.3913785773E+01
   2018.00    0.3904877405E+01
   2019.00    0.3896005561E+01
   2020.00    0.3887170017E+01
   2021.00    0.3878370550E+01
   2022.00    0.3869606941E+01
   2023.00    0.3860878968E+01
   2024.00    0.3852186415E+01
   2025.00    0.3843529064E+01
   2026.00    0.3834906700E+01
   2027.00    0.3826319110E+01
   2028.00    0.3817766081E+01
   2029.00    0.3809247403E+01
   2030.00    0.3800762865E+01
   2031.00    0.3792312261E+01
   2032.00    0.3783895383E+01
   2033.00    0.3775512026E+01
   2034.00    0.3767161986E+01
   2035.00    0.3758845062E+01
   2036.00    0.3750561051E+01
   2037.00    0.3742309755E+01
   2038.00    0.3734090975E+01
   2039.00    0.3725904514E+01
   2040.00    0.3717750178E+01
   2041.00    0.3709627771E+01
   2042.00    0.3701537101E+01
   2043.00    0.3693477977E+01
   2044.00    0.3685450209E+01
   2045.00    0.3677453607E+01
   2046.00    0.3669487985E+01
   2047.00    0.3661553157E+01
   2048.00    0.3653648937E+01
   2049.00    0.3645775143E+01
   2050.00    0.3637931591E+01
   2051.00    0.3630118103E+01
   2052.00    0.3622334496E+01
   2053.00    0.3614580594E+01
   2054.00    0.3606856220E+01
   2055.00    0.3599161197E+01
   2056.00    0.3591495352E+01
   2057.00    0.3583858510E+01
   2058.00    0.3576250499E+01
   2059.00    0.3568671150E+01
   2060.00    0.3561120292E+01
   2061.00    0.3553597757E+01
   2062.00    0.3546103378E+01
   2063.00    0.3538636988E+01
   2064.00    0.3531198423E+01
   2065.00    0.3523787519E+01
   2066.00    0.3516404114E+01
   2067.00    0.3509048046E+01
   2068.00    0.3501719156E+01
   2069.00    0.3494417284E+01
   2070.00    0.3487142272E+01
   2071.00    0.3479893963E+01
   2072.00    0.3472672202E+01
   2073.00    0.3465476834E+01
   2074.00    0.3458307707E+01
   2075.00    0.3451164666E+01
   2076.00    0.3444047562E+01
   2077.00    0.3436956243E+01
   2078.00    0.3429890562E+01
   2079.00    0.3422850369E+01
   2080.00    0.3415835518E+01
   2081.00    0.3408845862E+01
   2082.00    0.3401881257E+01
   2083.00    0.3394941559E+01
   2084.00    0.3388026625E+01
   2085.00    0.3381136313E+01
   2086.00    0.3374270482E+01
   2087.00    0.3367428992E+01
   2088.00    0.3360611705E+01
   2089.00    0.3353818482E+01
   2090.00    0.3347049186E+01
   2091.00    0.3340303682E+01
   2092.00    0.3333581834E+01
   2093.00    0.3326883509E+01
   2094.00    0.3320208572E+01
   2095.00    0.3313556893E+01
   2096.00    0.3306928339E+01
   2097.00    0.3300322781E+01
   2098.00    0.3293740088E+01
   2099.00    0.3287180133E+01
   2100.00    0.3280642787E+01
   2101.00    0.3274127924E+01
   2102.00    0.3267635419E+01
   2103.00    0.3261165145E+01
   2104.00    0.3254716979E+01
   2105.00    0.3248290798E+01
   2106.00    0.3241886478E+01
   2107.00    0.3235503900E+01
   2108.00    0.3229142941E+01
   2109.00    0.3222803482E+01
   2110.00    0.3216485405E+01
   2111.00    0.3210188589E+01
   2112.00    0.3203912919E+01
   2113.00    0.3197658278E+01
   2114.00    0.3191424549E+01
   2115.00    0.3185211618E+01
   2116.00    0.3179019371E+01
   2117.00    0.3172847693E+01
   2118.00    0.3166696473E+01
   2119.00    0.3160565598E+01
   2120.00    0.3154454958E+01
   2121.00    0.3148364441E+01
   2122.00    0.3142293939E+01
   2123.00    0.3136243341E+01
   2124.00    0.3130212541E+01
   2125.00    0.3124201431E+01
   2126.00    0.3118209903E+01
   2127.00    0.3112237853E+01
   2128.00    0.3106285174E+01
   2129.00    0.3100351762E+01
   2130.00    0.3094437513E+01
   2131.00    0.3088542324E+01
   2132.00    0.3082666093E+01
   2133.00    0.3076808718E+01
   2134.00    0.3070970097E+01
   2135.00    0.3065150131E+01
   2136.00    0.3059348719E+01
   2137.00    0.3053565762E+01
   2138.00    0.3047801162E+01
   2139.00    0.3042054821E+01
   2140.00    0.3036326642E+01
   2141.00    0.3030616528E+01
   2142.00    0.3024924384E+01
   2143.00    0.3019250114E+01
   2144.00    0.3013593623E+01
   2145.00    0.3007954818E+01
   2146.00    0.3002333606E+01
   2147.00    0.2996729892E+01
   2148.00    0.2991143586E+01
   2149.00    0.2985574596E+01
   2150.00    0.2980022831E+01
   2151.00    0.2974488199E+01
   2152.00    0.2968970613E+01
   2153.00    0.2963469981E+01
   2154.00    0.2957986217E+01
   2155.00    0.2952519231E+01
   2156.00    0.2947068936E+01
   2157.00    0.2941635245E+01
   2158.00    0.2936218072E+01
   2159.00    0.2930817331E+01
   2160.00    0.2925432937E+01
   2161.00    0.2920064804E+01
   2162.00    0.2914712850E+01
   2163.00    0.2909376990E+01
   2164.00    0.2904057140E+01
   2165.00    0.2898753219E+01
   2166.00    0.2893465145E+01
   2167.00    0.2888192835E+01
   2168.00    0.2882936209E+01
   2169.00    0.2877695187E+01
   2170.00    0.2872469687E+01
   2171.00    0.2867259632E+01
   2172.00    0.2862064941E+01
   2173.00    0.2856885536E+01
   2174.00    0.2851721339E+01
   2175.00    0.2846572273E+01
   2176.00    0.2841438261E+01
   2177.00    0.2836319226E+01
   2178.00    0.2831215091E+01
   2179.00    0.2826125782E+01
   2180.00    0.2821051222E+01
   2181.00    0.2815991339E+01
   2182.00    0.2810946056E+01
   2183.00    0.2805915300E+01
   2184.00    0.2800898999E+01
   2185.00    0.2795897078E+01
   2186.00    0.2790909467E+01
   2187.00    0.2785936092E+01
   2188.00    0.2780976882E+01
   2189.00    0.2776031766E+01
   2190.00    0.2771100673E+01
   2191.00    0.2766183534E+01
   2192.00    0.2761280277E+01
   2193.00    0.2756390835E+01
   2194.00    0.2751515137E+01
   2195.00    0.2746653116E+01
   2196.00    0.2741804702E+01
   2197.00    0.2736969829E+01
   2198.00    0.2732148428E+01
   2199.00    0.2727340434E+01
   2200.00    0.2722545779E+01
   2201.00    0.2717764397E+01
   2202.00    0.2712996223E+01
   2203.00    0.2708241190E+01
   2204.00    0.2703499235E+01
   2205.00    0.2698770293E+01
   2206.00    0.2694054298E+01
   2207.00    0.2689351188E+01
   2208.00    0.2684660899E+01
   2209.00    0.2679983368E+01
   2210.00    0.2675318532E+01
   2211.00    0.2670666329E+01
   2212.00    0.2666026696E+01
   2213.00    0.2661399572E+01
   2214.00    0.2656784896E+01
   2215.00    0.2652182607E+01
   2216.00    0.2647592645E+01
   2217.00    0.2643014948E+01
   2218.00    0.2638449458E+01
   2219.00    0.2633896114E+01
   2220.00    0.2629354857E+01
   2221.00    0.2624825629E+01
   2222.00    0.2620308371E+01
   2223.00    0.2615803025E+01
   2224.00    0.2611309533E+01
   2225.00    0.2606827838E+01
   2226.00    0.2602357881E+01
   2227.00    0.2597899607E+01
   2228.00    0.2593452959E+01
   2229.00    0.2589017880E+01
   2230.00    0.2584594315E+01
   2231.00    0.2580182207E+01
   2232.00    0.2575781503E+01
   2233.00    0.2571392146E+01
   2234.00    0.2567014082E+01
   2235.00    0.2562647257E+01
   2236.00    0.2558291616E+01
   2237.00    0.2553947106E+01
   2238.00    0.2549613674E+01
   2239.00    0.2545291265E+01
   2240.00    0.2540979827E+01
   2241.00    0.2536679309E+01
   2242.00    0.2532389656E+01
   2243.00    0.2528110817E+01
   2244.00    0.2523842741E+01
   2245.00    0.2519585376E+01
   2246.00    0.2515338671E+01
   2247.00    0.2511102574E+01
   2248.00    0.2506877036E+01
   2249.00    0.2502662006E+01
   2250.00    0.2498457433E+01
   2251.00    0.2494263268E+01
   2252.00    0.2490079462E+01
   2253.00    0.2485905965E+01
   2254.00    0.2481742728E+01
   2255.00    0.2477589702E+01
   2256.00    0.2473446839E+01
   2257.00    0.2469314090E+01
   2258.00    0.2465191408E+01
   2259.00    0.2461078745E+01
   2260.00    0.2456976053E+01
   2261.00    0.2452883286E+01
   2262.00    0.2448800395E+01
   2263.00    0.2444727334E+01
   2264.00    0.2440664058E+01
   2265.00    0.2436610519E+01
   2266.00    0.2432566671E+01
   2267.00    0.2428532469E+01
   2268.00    0.2424507867E+01
   2269.00    0.2420492821E+01
   2270.00    0.2416487284E+01
   2271.00    0.2412491212E+01
   2272.00    0.2408504560E+01
   2273.00    0.2404527284E+01
   2274.00    0.2400559340E+01
   2275.00    0.2396600684E+01
   2276.00    0.2392651272E+01
   2277.00    0.2388711061E+01
   2278.00    0.2384780007E+01
   2279.00    0.2380858067E+01
   2280.00    0.2376945199E+01
   2281.00    0.2373041359E+01
   2282.00    0.2369146506E+01
   2283.00    0.2365260597E+01
   2284.00    0.2361383591E+01
   2285.00    0.2357515445E+01
   2286.00    0.2353656117E+01
   2287.00    0.2349805568E+01
   2288.00    0.2345963754E+01
   2289.00    0.2342130636E+01
   2290.00    0.2338306172E+01
   2291.00    0.2334490323E+01
   2292.00    0.2330683047E+01
   2293.00    0.2326884305E+01
   2294.00    0.2323094056E+01
   2295.00    0.2319312261E+01
   2296.00    0.2315538880E+01
   2297.00    0.2311773874E+01
   2298.00    0.2308017204E+01
   2299.00    0.2304268830E+01
   2300.00    0.2300528713E+01
   2301.00    0.2296796816E+01
   2302.00    0.2293073099E+01
   2303.00    0.2289357525E+01
   2304.00    0.2285650055E+01
   2305.00    0.2281950651E+01
   2306.00    0.2278259275E+01
   2307.00    0.2274575891E+01
   2308.00    0.2270900460E+01
   2309.00    0.2267232946E+01
   2310.00    0.2263573310E+01
   2311.00    0.2259921518E+01
   2312.00    0.2256277531E+01
   2313.00    0.2252641313E+01
   2314.00    0.2249012828E+01
   2315.00    0.2245392039E+01
   2316.00    0.2241778911E+01
   2317.00    0.2238173408E+01
   2318.00    0.2234575494E+01
   2319.00    0.2230985134E+01
   2320.00    0.2227402291E+01
   2321.00    0.2223826932E+01
   2322.00    0.2220259020E+01
   2323.00    0.2216698521E+01
   2324.00    0.2213145401E+01
   2325.00    0.2209599623E+01
   2326.00    0.2206061155E+01
   2327.00    0.2202529962E+01
   2328.00    0.2199006010E+01
   2329.00    0.2195489264E+01
   2330.00    0.2191979691E+01
   2331.00    0.2188477257E+01
   2332.00    0.2184981929E+01
   2333.00    0.2181493673E+01
   2334.00    0.2178012456E+01
   2335.00    0.2174538245E+01
   2336.00    0.2171071007E+01
   2337.00    0.2167610709E+01
   2338.00    0.2164157318E+01
   2339.00    0.2160710802E+01
   2340.00    0.2157271129E+01
   2341.00    0.2153838265E+01
   2342.00    0.2150412180E+01
   2343.00    0.2146992841E+01
   2344.00    0.2143580216E+01
   2345.00    0.2140174273E+01
   2346.00    0.2136774981E+01
   2347.00    0.2133382309E+01
   2348.00    0.2129996224E+01
   2349.00    0.2126616696E+01
   2350.00    0.2123243694E+01
   2351.00    0.2119877187E+01
   2352.00    0.2116517144E+01
   2353.00    0.2113163534E+01
   2354.00    0.2109816326E+01
   2355.00    0.2106475491E+01
   2356.00    0.2103140998E+01
   2357.00    0.2099812817E+01
   2358.00    0.2096490917E+01
   2359.00    0.2093175268E+01
   2360.00    0.2089865842E+01
   2361.00    0.2086562607E+01
   2362.00    0.2083265535E+01
   2363.00    0.2079974596E+01
   2364.00    0.2076689760E+01
   2365.00    0.2073410999E+01
   2366.00    0.2070138282E+01
   2367.00    0.2066871582E+01
   2368.00    0.2063610869E+01
   2369.00    0.2060356114E+01
   2370.00    0.2057107289E+01
   2371.00    0.2053864365E+01
   2372.00    0.2050627313E+01
   2373.00    0.2047396106E+01
   2374.00    0.2044170714E+01
   2375.00    0.2040951110E+01
   2376.00    0.2037737266E+01
   2377.00    0.2034529153E+01
   2378.00    0.2031326744E+01
   2379.00    0.2028130011E+01
   2380.00    0.2024938927E+01
   2381.00    0.2021753463E+01
   2382.00    0.2018573592E+01
   2383.00    0.2015399288E+01
   2384.00    0.2012230522E+01
   2385.00    0.2009067268E+01
   2386.00    0.2005909499E+01
   2387.00    0.2002757187E+01
   2388.00    0.1999610305E+01
   2389.00    0.1996468828E+01
   2390.00    0.1993332728E+01
   2391.00    0.1990201978E+01
   2392.00    0.1987076553E+01
   2393.00    0.1983956425E+01
   2394.00    0.1980841569E+01
   2395.00    0.1977731958E+01
   2396.00    0.1974627566E+01
   2397.00    0.1971528367E+01
   2398.00    0.1968434335E+01
   2399.00    0.1965345444E+01
   2400.00    0.1962261668E+01
   2401.00    0.1959182982E+01
   2402.00    0.1956109361E+01
   2403.00    0.1953040777E+01
   2404.00    0.1949977207E+01
   2405.00    0.1946918625E+01
   2406.00    0.1943865005E+01
   2407.00    0.1940816322E+01
   2408.00    0.1937772552E+01
   2409.00    0.1934733668E+01
   2410.00    0.1931699647E+01
   2411.00    0.1928670462E+01
   2412.00    0.1925646091E+01
   2413.00    0.1922626506E+01
   2414.00    0.1919611685E+01
   2415.00    0.1916601603E+01
   2416.00    0.1913596234E+01
   2417.00    0.1910595555E+01
   2418.00    0.1907599541E+01
   2419.00    0.1904608169E+01
   2420.00    0.1901621412E+01
   2421.00    0.1898639249E+01
   2422.00    0.1895661654E+01
   2423.00    0.1892688603E+01
   2424.00    0.1889720073E+01
   2425.00    0.1886756040E+01
   2426.00    0.1883796480E+01
   2427.00    0.1880841369E+01
   2428.00    0.1877890683E+01
   2429.00    0.1874944400E+01
   2430.00    0.1872002495E+01
   2431.00    0.1869064946E+01
   2432.00    0.1866131728E+01
   2433.00    0.1863202818E+01
   2434.00    0.1860278193E+01
   2435.00    0.1857357831E+01
   2436.00    0.1854441707E+01
   2437.00    0.1851529799E+01
   2438.00    0.1848622084E+01
   2439.00    0.1845718538E+01
   2440.00    0.1842819139E+01
   2441.00    0.1839923865E+01
   2442.00    0.1837032692E+01
   2443.00    0.1834145597E+01
   2444.00    0.1831262558E+01
   2445.00    0.1828383553E+01
   2446.00    0.1825508558E+01
   2447.00    0.1822637552E+01
   2448.00    0.1819770512E+01
   2449.00    0.1816907415E+01
   2450.00    0.1814048239E+01
   2451.00    0.1811192963E+01
   2452.00    0.1808341563E+01
   2453.00    0.1805494018E+01
   2454.00    0.1802650305E+01
   2455.00    0.1799810403E+01
   2456.00    0.1796974289E+01
   2457.00    0.1794141941E+01
   2458.00    0.1791313339E+01
   2459.00    0.1788488459E+01
   2460.00    0.1785667280E+01
   2461.00    0.1782849780E+01
   2462.00    0.1780035937E+01
   2463.00    0.1777225730E+01
   2464.00    0.1774419138E+01
   2465.00    0.1771616138E+01
   2466.00    0.1768816709E+01
   2467.00    0.1766020830E+01
   2468.00    0.1763228479E+01
   2469.00    0.1760439635E+01
   2470.00    0.1757654276E+01
   2471.00    0.1754872382E+01
   2472.00    0.1752093930E+01
   2473.00    0.1749318900E+01
   2474.00    0.1746547270E+01
   2475.00    0.1743779020E+01
   2476.00    0.1741014128E+01
   2477.00    0.1738252573E+01
   2478.00    0.1735494334E+01
   2479.00    0.1732739390E+01
   2480.00    0.1729987721E+01
   2481.00    0.1727239305E+01
   2482.00    0.1724494121E+01
   2483.00    0.1721752149E+01
   2484.00    0.1719013368E+01
   2485.00    0.1716277757E+01
   2486.00    0.1713545295E+01
   2487.00    0.1710815961E+01
   2488.00    0.1708089736E+01
   2489.00    0.1705366598E+01
   2490.00    0.1702646526E+01
   2491.00    0.1699929501E+01
   2492.00    0.1697215501E+01
   2493.00    0.1694504507E+01
   2494.00    0.1691796497E+01
   2495.00    0.1689091451E+01
   2496.00    0.1686389349E+01
   2497.00    0.1683690171E+01
   2498.00    0.1680993895E+01
   2499.00    0.1678300502E+01
   2500.00    0.1675609972E+01
   2501.00    0.1672922284E+01
   2502.00    0.1670237417E+01
   2503.00    0.1667555353E+01
   2504.00    0.1664876070E+01
   2505.00    0.1662199548E+01
   2506.00    0.1659525767E+01
   2507.00    0.1656854708E+01
   2508.00    0.1654186349E+01
   2509.00    0.1651520671E+01
   2510.00    0.1648857655E+01
   2511.00    0.1646197279E+01
   2512.00    0.1643539523E+01
   2513.00    0.1640884369E+01
   2514.00    0.1638231795E+01
   2515.00    0.1635581783E+01
   2516.00    0.1632934311E+01
   2517.00    0.1630289360E+01
   2518.00    0.1627646911E+01
   2519.00    0.1625006943E+01
   2520.00    0.1622369436E+01
   2521.00    0.1619734371E+01
   2522.00    0.1617101728E+01
   2523.00    0.1614471487E+01
   2524.00    0.1611843628E+01
   2525.00    0.1609218132E+01
   2526.00    0.1606594978E+01
   2527.00    0.1603974147E+01
   2528.00    0.1601355619E+01
   2529.00    0.1598739375E+01
   2530.00    0.1596125395E+01
   2531.00    0.1593513659E+01
   2532.00    0.1590904147E+01
   2533.00    0.1588296840E+01
   2534.00    0.1585691718E+01
   2535.00    0.1583088762E+01
   2536.00    0.1580487951E+01
   2537.00    0.1577889267E+01
   2538.00    0.1575292689E+01
   2539.00    0.1572698198E+01
   2540.00    0.1570105775E+01
   2541.00    0.1567515400E+01
   2542.00    0.1564927052E+01
   2543.00    0.1562340713E+01
   2544.00    0.1559756364E+01
   2545.00    0.1557173984E+01
   2546.00    0.1554593553E+01
   2547.00    0.1552015053E+01
   2548.00    0.1549438464E+01
   2549.00    0.1546863766E+01
   2550.00    0.1544290940E+01
   2551.00    0.1541719966E+01
   2552.00    0.1539150825E+01
   2553.00    0.1536583497E+01
   2554.00    0.1534017962E+01
   2555.00    0.1531454201E+01
   2556.00    0.1528892195E+01
   2557.00    0.1526331924E+01
   2558.00    0.1523773368E+01
   2559.00    0.1521216508E+01
   2560.00    0.1518661324E+01
   2561.00    0.1516107797E+01
   2562.00    0.1513555907E+01
   2563.00    0.1511005635E+01
   2564.00    0.1508456961E+01
   2565.00    0.1505909865E+01
   2566.00    0.1503364329E+01
   2567.00    0.1500820332E+01
   2568.00    0.1498277855E+01
   2569.00    0.1495736878E+01
   2570.00    0.1493197382E+01
   2571.00    0.1490659347E+01
   2572.00    0.1488122753E+01
   2573.00    0.1485587582E+01
   2574.00    0.1483053812E+01
   2575.00    0.1480521426E+01
   2576.00    0.1477990402E+01
   2577.00    0.1475460722E+01
   2578.00    0.1472932366E+01
   2579.00    0.1470405313E+01
   2580.00    0.1467879545E+01
   2581.00    0.1465355042E+01
   2582.00    0.1462831784E+01
   2583.00    0.1460309751E+01
   2584.00    0.1457788924E+01
   2585.00    0.1455269283E+01
   2586.00    0.1452750807E+01
   2587.00    0.1450233478E+01
   2588.00    0.1447717276E+01
   2589.00    0.1445202181E+01
   2590.00    0.1442688172E+01
   2591.00    0.1440175231E+01
   2592.00    0.1437663337E+01
   2593.00    0.1435152470E+01
   2594.00    0.1432642611E+01
   2595.00    0.1430133740E+01
   2596.00    0.1427625836E+01
   2597.00    0.1425118881E+01
   2598.00    0.1422612853E+01
   2599.00    0.1420107733E+01
   2600.00    0.1417603501E+01
   2601.00    0.1415100137E+01
   2602.00    0.1412597620E+01
   2603.00    0.1410095932E+01
   2604.00    0.1407595051E+01
   2605.00    0.1405094958E+01
   2606.00    0.1402595633E+01
   2607.00    0.1400097054E+01
   2608.00    0.1397599203E+01
   2609.00    0.1395102059E+01
   2610.00    0.1392605602E+01
   2611.00    0.1390109811E+01
   2612.00    0.1387614667E+01
   2613.00    0.1385120148E+01
   2614.00    0.1382626235E+01
   2615.00    0.1380132907E+01
   2616.00    0.1377640144E+01
   2617.00    0.1375147926E+01
   2618.00    0.1372656231E+01
   2619.00    0.1370165040E+01
   2620.00    0.1367674332E+01
   2621.00    0.1365184087E+01
   2622.00    0.1362694284E+01
   2623.00    0.1360204901E+01
   2624.00    0.1357715920E+01
   2625.00    0.1355227319E+01
   2626.00    0.1352739077E+01
   2627.00    0.1350251174E+01
   2628.00    0.1347763588E+01
   2629.00    0.1345276300E+01
   2630.00    0.1342789288E+01
   2631.00    0.1340302532E+01
   2632.00    0.1337816010E+01
   2633.00    0.1335329702E+01
   2634.00    0.1332843586E+01
   2635.00    0.1330357642E+01
   2636.00    0.1327871849E+01
   2637.00    0.1325386185E+01
   2638.00    0.1322900630E+01
   2639.00    0.1320415162E+01
   2640.00    0.1317929760E+01
   2641.00    0.1315444404E+01
   2642.00    0.1312959070E+01
   2643.00    0.1310473739E+01
   2644.00    0.1307988389E+01
   2645.00    0.1305502999E+01
   2646.00    0.1303017547E+01
   2647.00    0.1300532011E+01
   2648.00    0.1298046371E+01
   2649.00    0.1295560604E+01
   2650.00    0.1293074690E+01
   2651.00    0.1290588606E+01
   2652.00    0.1288102330E+01
   2653.00    0.1285615842E+01
   2654.00    0.1283129119E+01
   2655.00    0.1280642139E+01
   2656.00    0.1278154881E+01
   2657.00    0.1275667323E+01
   2658.00    0.1273179442E+01
   2659.00    0.1270691217E+01
   2660.00    0.1268202626E+01
   2661.00    0.1265713647E+01
   2662.00    0.1263224257E+01
   2663.00    0.1260734435E+01
   2664.00    0.1258244157E+01
   2665.00    0.1255753403E+01
   2666.00    0.1253262149E+01
   2667.00    0.1250770373E+01
   2668.00    0.1248278053E+01
   2669.00    0.1245785167E+01
   2670.00    0.1243291691E+01
   2671.00    0.1240797604E+01
   2672.00    0.1238302882E+01
   2673.00    0.1235807503E+01
   2674.00    0.1233311445E+01
   2675.00    0.1230814684E+01
   2676.00    0.1228317197E+01
   2677.00    0.1225818963E+01
   2678.00    0.1223319958E+01
   2679.00    0.1220820158E+01
   2680.00    0.1218319542E+01
   2681.00    0.1215818086E+01
   2682.00    0.1213315767E+01
   2683.00    0.1210812561E+01
   2684.00    0.1208308446E+01
   2685.00    0.1205803398E+01
   2686.00    0.1203297394E+01
   2687.00    0.1200790410E+01
   2688.00    0.1198282424E+01
   2689.00    0.1195773411E+01
   2690.00    0.1193263349E+01
   2691.00    0.1190752213E+01
   2692.00    0.1188239980E+01
   2693.00    0.1185726627E+01
   2694.00    0.1183212129E+01
   2695.00    0.1180696463E+01
   2696.00    0.1178179605E+01
   2697.00    0.1175661531E+01
   2698.00    0.1173142217E+01
   2699.00    0.1170621640E+01
   2700.00    0.1168099775E+01
   2701.00    0.1165576597E+01
   2702.00    0.1163052084E+01
   2703.00    0.1160526211E+01
   2704.00    0.1157998953E+01
   2705.00    0.1155470287E+01
   2706.00    0.1152940188E+01
   2707.00    0.1150408631E+01
   2708.00    0.1147875592E+01
   2709.00    0.1145341047E+01
   2710.00    0.1142804972E+01
   2711.00    0.1140267341E+01
   2712.00    0.1137728130E+01
   2713.00    0.1135187315E+01
   2714.00    0.1132644870E+01
   2715.00    0.1130100771E+01
   2716.00    0.1127554994E+01
   2717.00    0.1125007513E+01
   2718.00    0.1122458303E+01
   2719.00    0.1119907340E+01
   2720.00    0.1117354598E+01
   2721.00    0.1114800053E+01
   2722.00    0.1112243679E+01
   2723.00    0.1109685452E+01
   2724.00    0.1107125347E+01
   2725.00    0.1104563337E+01
   2726.00    0.1101999399E+01
   2727.00    0.1099433506E+01
   2728.00    0.1096865634E+01
   2729.00    0.1094295758E+01
   2730.00    0.1091723851E+01
   2731.00    0.1089149889E+01
   2732.00    0.1086573846E+01
   2733.00    0.1083995697E+01
   2734.00    0.1081415416E+01
   2735.00    0.1078832978E+01
   2736.00    0.1076248358E+01
   2737.00    0.1073661530E+01
   2738.00    0.1071072468E+01
   2739.00    0.1068481147E+01
   2740.00    0.1065887542E+01
   2741.00    0.1063291626E+01
   2742.00    0.1060693375E+01
   2743.00    0.1058092762E+01
   2744.00    0.1055489763E+01
   2745.00    0.1052884351E+01
   2746.00    0.1050276501E+01
   2747.00    0.1047666187E+01
   2748.00    0.1045053384E+01
   2749.00    0.1042438067E+01
   2750.00    0.1039820209E+01
   2751.00    0.1037199785E+01
   2752.00    0.1034576769E+01
   2753.00    0.1031951137E+01
   2754.00    0.1029322862E+01
   2755.00    0.1026691918E+01
   2756.00    0.1024058282E+01
   2757.00    0.1021421926E+01
   2758.00    0.1018782826E+01
   2759.00    0.1016140957E+01
   2760.00    0.1013496292E+01
   2761.00    0.1010848808E+01
   2762.00    0.1008198478E+01
   2763.00    0.1005545277E+01
   2764.00    0.1002889180E+01
   2765.00    0.1000230163E+01
   2766.00    0.9975681993E+00
   2767.00    0.9949032654E+00
   2768.00    0.9922353360E+00
   2769.00    0.9895643864E+00
   2770.00    0.9868903918E+00
   2771.00    0.9842133278E+00
   2772.00    0.9815331699E+00
   2773.00    0.9788498937E+00
   2774.00    0.9761634749E+00
   2775.00    0.9734738896E+00
   2776.00    0.9707811136E+00
   2777.00    0.9680851232E+00
   2778.00    0.9653858945E+00
   2779.00    0.9626834041E+00
   2780.00    0.9599776284E+00
   2781.00    0.9572685443E+00
   2782.00    0.9545561287E+00
   2783.00    0.9518403586E+00
   2784.00    0.9491212113E+00
   2785.00    0.9463986644E+00
   2786.00    0.9436726955E+00
   2787.00    0.9409432824E+00
   2788.00    0.9382104034E+00
   2789.00    0.9354740368E+00
   2790.00    0.9327341611E+00
   2791.00    0.9299907554E+00
   2792.00    0.9272437986E+00
   2793.00    0.9244932702E+00
   2794.00    0.9217391500E+00
   2795.00    0.9189814179E+00
   2796.00    0.9162200543E+00
   2797.00    0.9134550398E+00
   2798.00    0.9106863554E+00
   2799.00    0.9079139825E+00
   2800.00    0.9051379029E+00
   2801.00    0.9023580986E+00
   2802.00    0.8995745522E+00
   2803.00    0.8967872466E+00
   2804.00    0.8939961653E+00
   2805.00    0.8912012921E+00
   2806.00    0.8884026113E+00
   2807.00    0.8856001076E+00
   2808.00    0.8827937665E+00
   2809.00    0.8799835737E+00
   2810.00    0.8771695157E+00
   2811.00    0.8743515794E+00
   2812.00    0.8715297523E+00
   2813.00    0.8687040227E+00
   2814.00    0.8658743794E+00
   2815.00    0.8630408118E+00
   2816.00    0.8602033100E+00
   2817.00    0.8573618650E+00
   2818.00    0.8545164684E+00
   2819.00    0.8516671125E+00
   2820.00    0.8488137904E+00
   2821.00    0.8459564963E+00
   2822.00    0.8430952249E+00
   2823.00    0.8402299719E+00
   2824.00    0.8373607341E+00
   2825.00    0.8344875089E+00
   2826.00    0.8316102950E+00
   2827.00    0.8287290920E+00
   2828.00    0.8258439006E+00
   2829.00    0.8229547224E+00
   2830.00    0.8200615604E+00
   2831.00    0.8171644186E+00
   2832.00    0.8142633024E+00
   2833.00    0.8113582183E+00
   2834.00    0.8084491741E+00
   2835.00    0.8055361790E+00
   2836.00    0.8026192438E+00
   2837.00    0.7996983803E+00
   2838.00    0.7967736022E+00
   2839.00    0.7938449246E+00
   2840.00    0.7909123644E+00
   2841.00    0.7879759397E+00
   2842.00    0.7850356710E+00
   2843.00    0.7820915800E+00
   2844.00    0.7791436906E+00
   2845.00    0.7761920285E+00
   2846.00    0.7732366214E+00
   2847.00    0.7702774992E+00
   2848.00    0.7673146937E+00
   2849.00    0.7643482390E+00
   2850.00    0.7613781717E+00
   2851.00    0.7584045304E+00
   2852.00    0.7554273566E+00
   2853.00    0.7524466939E+00
   2854.00    0.7494625889E+00
   2855.00    0.7464750908E+00
   2856.00    0.7434842515E+00
   2857.00    0.7404901261E+00
   2858.00    0.7374927725E+00
   2859.00    0.7344922519E+00
   2860.00    0.7314886288E+00
   2861.00    0.7284819709E+00
   2862.00    0.7254723496E+00
   2863.00    0.7224598397E+00
   2864.00    0.7194445201E+00
   2865.00    0.7164264734E+00
   2866.00    0.7134057861E+00
   2867.00    0.7103825492E+00
   2868.00    0.7073568579E+00
   2869.00    0.7043288118E+00
   2870.00    0.7012985154E+00
   2871.00    0.6982660780E+00
   2872.00    0.6952316137E+00
   2873.00    0.6921952420E+00
   2874.00    0.6891570878E+00
   2875.00    0.6861172817E+00
   2876.00    0.6830759598E+00
   2877.00    0.6800332645E+00
   2878.00    0.6769893445E+00
   2879.00    0.6739443548E+00
   2880.00    0.6708984572E+00
   2881.00    0.6678518206E+00
   2882.00    0.6648046211E+00
   2883.00    0.6617570423E+00
   2884.00    0.6587092757E+00
   2885.00    0.6556615209E+00
   2886.00    0.6526139860E+00
   2887.00    0.6495668877E+00
   2888.00    0.6465204521E+00
   2889.00    0.6434749144E+00
   2890.00    0.6404305200E+00
   2891.00    0.6373875243E+00
   2892.00    0.6343461934E+00
   2893.00    0.6313068045E+00
   2894.00    0.6282696461E+00
   2895.00    0.6252350189E+00
   2896.00    0.6222032358E+00
   2897.00    0.6191746228E+00
   2898.00    0.6161495193E+00
   2899.00    0.6131282785E+00
   2900.00    0.6101112685E+00
   2901.00    0.6070988723E+00
   2902.00    0.6040914888E+00
   2903.00    0.6010895332E+00
   2904.00    0.5980934381E+00
   2905.00    0.5951036536E+00
   2906.00    0.5921206486E+00
   2907.00    0.5891449114E+00
   2908.00    0.5861769503E+00
   2909.00    0.5832172948E+00
   2910.00    0.5802664962E+00
   2911.00    0.5773251290E+00
   2912.00    0.5743937912E+00
   2913.00    0.5714731060E+00
   2914.00    0.5685637225E+00
   2915.00    0.5656663171E+00
   2916.00    0.5627815945E+00
   2917.00    0.5599102890E+00
   2918.00    0.5570531659E+00
   2919.00    0.5542110229E+00
   2920.00    0.5513846916E+00
   2921.00    0.5485750388E+00
   2922.00    0.5457829686E+00
   2923.00    0.5430094236E+00
   2924.00    0.5402553870E+00
   2925.00    0.5375218845E+00
   2926.00    0.5348099863E+00
   2927.00    0.5321208090E+00
   2928.00    0.5294555183E+00
   2929.00    0.5268153306E+00
   2930.00    0.5242015164E+00
   2931.00    0.5216154024E+00
   2932.00    0.5190583741E+00
   2933.00    0.5165318792E+00
   2934.00    0.5140374305E+00
   2935.00    0.5115766092E+00
   2936.00    0.5091510685E+00
   2937.00    0.5067625368E+00
   2938.00    0.5044128223E+00
   2939.00    0.5021038169E+00
   2940.00    0.4998375002E+00
   2941.00    0.4976159449E+00
   2942.00    0.4954413211E+00
   2943.00    0.4933159020E+00
   2944.00    0.4912420692E+00
   2945.00    0.4892223191E+00
   2946.00    0.4872592687E+00
   2947.00    0.4853556629E+00
   2948.00    0.4835143813E+00
   2949.00    0.4817384461E+00
   2950.00    0.4800310305E+00
   2951.00    0.4783954671E+00
   2952.00    0.4768352573E+00
   2953.00    0.4753540817E+00
   2954.00    0.4739558106E+00
   2955.00    0.4726445154E+00
   2956.00    0.4714244810E+00
   2957.00    0.4703002192E+00
   2958.00    0.4692764824E+00
   2959.00    0.4683582794E+00
   2960.00    0.4675508915E+00
   2961.00    0.4668598899E+00
   2962.00    0.4662911553E+00
   2963.00    0.4658508975E+00
   2964.00    0.4655456781E+00
   2965.00    0.4653824342E+00
   2966.00    0.4653685037E+00
   2967.00    0.4655116539E+00
   2968.00    0.4658201107E+00
   2969.00    0.4663025921E+00
   2970.00    0.4669683429E+00
   2971.00    0.4678271740E+00
   2972.00    0.4688895033E+00
   2973.00    0.4701664019E+00
   2974.00    0.4716696435E+00
   2975.00    0.4734117587E+00
   2976.00    0.4754060937E+00
   2977.00    0.4776668755E+00
   2978.00    0.4802092828E+00
   2979.00    0.4830495232E+00
   2980.00    0.4862049193E+00
   2981.00    0.4896940019E+00
   2982.00    0.4935366143E+00
   2983.00    0.4977540260E+00
   2984.00    0.5023690592E+00
   2985.00    0.5074062285E+00
   2986.00    0.5128918961E+00
   2987.00    0.5188544443E+00
   2988.00    0.5253244674E+00
   2989.00    0.5323349856E+00
   2990.00    0.5399216849E+00
   2991.00    0.5481231854E+00
   2992.00    0.5569813422E+00
   2993.00    0.5665415851E+00
   2994.00    0.5768533012E+00
   2995.00    0.5879702680E+00
   2996.00    0.5999511443E+00
   2997.00    0.6128600294E+00
   2998.00    0.6267671000E+00
   2999.00    0.6417493396E+00
   3000.00    0.6578913753E+00
   3001.00    0.6752864420E+00
   3002.00    0.6940374959E+00
   3003.00    0.7142585068E+00
   3004.00    0.7360759617E+00
   3005.00    0.7596306239E+00
   3006.00    0.7850795966E+00
   3007.00    0.8125987579E+00
   3008.00    0.8423856450E+00
   3009.00    0.8746628892E+00
   3010.00    0.9096823290E+00
   3011.00    0.9477299614E+00
   3012.00    0.9891319403E+00
   3013.00    0.1034261888E+01
   3014.00    0.1083549872E+01
   3015.00    0.1137493498E+01
   3016.00    0.1196671741E+01
   3017.00    0.1261762314E+01
   3018.00    0.1333563690E+01
   3019.00    0.1413023281E+01
   3020.00    0.1501273867E+01
   3021.00    0.1599681188E+01
   3022.00    0.1709906850E+01
   3023.00    0.1833992447E+01
   3024.00    0.1974473457E+01
   3025.00    0.2134535363E+01
   3026.00    0.2318230136E+01
   3027.00    0.2530779330E+01
   3028.00    0.2779000518E+01
   3029.00    0.3071903891E+01
   3030.00    0.3421502250E+01
   3031.00    0.3843810249E+01
   3032.00    0.4359703343E+01
   3033.00    0.4994182008E+01
   3034.00    0.5768850861E+01
   3035.00    0.6671932243E+01
   3036.00    0.7574559909E+01
   3037.00    0.8117750591E+01
   3038.00    0.7891687579E+01
   3039.00    0.7040500807E+01
   3040.00    0.6208292575E+01
   3041.00    0.5913711013E+01
   3042.00    0.6375283380E+01
   3043.00    0.7571402588E+01
   3044.00    0.9256520429E+01
   3045.00    0.1082405111E+02
   3046.00    0.1145707569E+02
   3047.00    0.1098953763E+02
   3048.00    0.9985052216E+01
   3049.00    0.8933073975E+01
   3050.00    0.8017917107E+01
   3051.00    0.7266153883E+01
   3052.00    0.6656439696E+01
   3053.00    0.6160174773E+01
   3054.00    0.5752532447E+01
   3055.00    0.5414137554E+01
   3056.00    0.5130333921E+01
   3057.00    0.4890087479E+01
   3058.00    0.4685041840E+01
   3059.00    0.4508803215E+01
   3060.00    0.4356421316E+01
   3061.00    0.4224016925E+01
   3062.00    0.4108514365E+01
   3063.00    0.4007447939E+01
   3064.00    0.3918820493E+01
   3065.00    0.3840998909E+01
   3066.00    0.3772636015E+01
   3067.00    0.3712611573E+01
   3068.00    0.3659987203E+01
   3069.00    0.3613971592E+01
   3070.00    0.3573893388E+01
   3071.00    0.3539179877E+01
   3072.00    0.3509340077E+01
   3073.00    0.3483951221E+01
   3074.00    0.3462647876E+01
   3075.00    0.3445113114E+01
   3076.00    0.3431071328E+01
   3077.00    0.3420282329E+01
   3078.00    0.3412536501E+01
   3079.00    0.3407650795E+01
   3080.00    0.3405465425E+01
   3081.00    0.3405841140E+01
   3082.00    0.3408656987E+01
   3083.00    0.3413808502E+01
   3084.00    0.3421206264E+01
   3085.00    0.3430774784E+01
   3086.00    0.3442451693E+01
   3087.00    0.3456187166E+01
   3088.00    0.3471943453E+01
   3089.00    0.3489694198E+01
   3090.00    0.3509422676E+01
   3091.00    0.3531116644E+01
   3092.00    0.3554753691E+01
   3093.00    0.3580260962E+01
   3094.00    0.3607409310E+01
   3095.00    0.3635565843E+01
   3096.00    0.3663317095E+01
   3097.00    0.3688839241E+01
   3098.00    0.3712947180E+01
   3099.00    0.3740480908E+01
   3100.00    0.3774084207E+01
   3101.00    0.3812417447E+01
   3102.00    0.3853495043E+01
   3103.00    0.3895561279E+01
   3104.00    0.3936361907E+01
   3105.00    0.3973587204E+01
   3106.00    0.4008903947E+01
   3107.00    0.4048580732E+01
   3108.00    0.4095317647E+01
   3109.00    0.4147334480E+01
   3110.00    0.4202682721E+01
   3111.00    0.4260414820E+01
   3112.00    0.4320204979E+01
   3113.00    0.4381996237E+01
   3114.00    0.4445835825E+01
   3115.00    0.4511809824E+01
   3116.00    0.4580018770E+01
   3117.00    0.4650569134E+01
   3118.00    0.4723570852E+01
   3119.00    0.4799137133E+01
   3120.00    0.4877385082E+01
   3121.00    0.4958436586E+01
   3122.00    0.5042419273E+01
   3123.00    0.5129467452E+01
   3124.00    0.5219723061E+01
   3125.00    0.5313336601E+01
   3126.00    0.5410468087E+01
   3127.00    0.5511288035E+01
   3128.00    0.5615978492E+01
   3129.00    0.5724734140E+01
   3130.00    0.5837763468E+01
   3131.00    0.5955290056E+01
   3132.00    0.6077553963E+01
   3133.00    0.6204813249E+01
   3134.00    0.6337345642E+01
   3135.00    0.6475450382E+01
   3136.00    0.6619450237E+01
   3137.00    0.6769693750E+01
   3138.00    0.6926557701E+01
   3139.00    0.7090449842E+01
   3140.00    0.7261811916E+01
   3141.00    0.7441122988E+01
   3142.00    0.7628903125E+01
   3143.00    0.7825717444E+01
   3144.00    0.8032180547E+01
   3145.00    0.8248961370E+01
   3146.00    0.8476788439E+01
   3147.00    0.8716455514E+01
   3148.00    0.8968827565E+01
   3149.00    0.9234846982E+01
   3150.00    0.9515539822E+01
   3151.00    0.9812021809E+01
   3152.00    0.1012550360E+02
   3153.00    0.1045729466E+02
   3154.00    0.1080880466E+02
   3155.00    0.1118154119E+02
   3156.00    0.1157710175E+02
   3157.00    0.1199715858E+02
   3158.00    0.1244343516E+02
   3159.00    0.1291767798E+02
   3160.00    0.1342164003E+02
   3161.00    0.1395713006E+02
   3162.00    0.1452628516E+02
   3163.00    0.1513250910E+02
   3164.00    0.1578330536E+02
   3165.00    0.1649838862E+02
   3166.00    0.1733199285E+02
   3167.00    0.1842898271E+02
   3168.00    0.2012954065E+02
   3169.00    0.2298082394E+02
   3170.00    0.2715072566E+02
   3171.00    0.3170915138E+02
   3172.00    0.3575611189E+02
   3173.00    0.3945856406E+02
   3174.00    0.4338140105E+02
   3175.00    0.4800169817E+02
   3176.00    0.5372264591E+02
   3177.00    0.6097093140E+02
   3178.00    0.7023998658E+02
   3179.00    0.8199047693E+02
   3180.00    0.9612596354E+02
   3181.00    0.1104958928E+03
   3182.00    0.1191514114E+03
   3183.00    0.1159945185E+03
   3184.00    0.1031577319E+03
   3185.00    0.8779736771E+02
   3186.00    0.7414365773E+02
   3187.00    0.6314348004E+02
   3188.00    0.5449463290E+02
   3189.00    0.4767164971E+02
   3190.00    0.4221822412E+02
   3191.00    0.3779020529E+02
   3192.00    0.3413774847E+02
   3193.00    0.3108025621E+02
   3194.00    0.2848605279E+02
   3195.00    0.2625780899E+02
   3196.00    0.2432246694E+02
   3197.00    0.2262432186E+02
   3198.00    0.2112024347E+02
   3199.00    0.1977633755E+02
   3200.00    0.1856558072E+02
   3201.00    0.1746611962E+02
   3202.00    0.1646002842E+02
   3203.00    0.1553238694E+02
   3204.00    0.1467058532E+02
   3205.00    0.1386379153E+02
   3206.00    0.1310253772E+02
   3207.00    0.1237839695E+02
   3208.00    0.1168373429E+02
   3209.00    0.1101153032E+02
   3210.00    0.1035529576E+02
   3211.00    0.9709132774E+01
   3212.00    0.9068075249E+01
   3213.00    0.8429005382E+01
   3214.00    0.7792815424E+01
   3215.00    0.7169316034E+01
   3216.00    0.6588140128E+01
   3217.00    0.6121565108E+01
   3218.00    0.5923495227E+01
   3219.00    0.6260090306E+01
   3220.00    0.7453555297E+01
   3221.00    0.9741879516E+01
   3222.00    0.1315721542E+02
   3223.00    0.1722831257E+02
   3224.00    0.2058388262E+02
   3225.00    0.2184287710E+02
   3226.00    0.2121880979E+02
   3227.00    0.1979018616E+02
   3228.00    0.1825764510E+02
   3229.00    0.1687344232E+02
   3230.00    0.1569625673E+02
   3231.00    0.1474528149E+02
   3232.00    0.1408244065E+02
   3233.00    0.1387096951E+02
   3234.00    0.1432426991E+02
   3235.00    0.1531653545E+02
   3236.00    0.1615619462E+02
   3237.00    0.1640928211E+02
   3238.00    0.1626176415E+02
   3239.00    0.1599587639E+02
   3240.00    0.1576132134E+02
   3241.00    0.1561729694E+02
   3242.00    0.1558715675E+02
   3243.00    0.1568380344E+02
   3244.00    0.1591743288E+02
   3245.00    0.1629141752E+02
   3246.00    0.1677946993E+02
   3247.00    0.1725851043E+02
   3248.00    0.1736270524E+02
   3249.00    0.1638950161E+02
   3250.00    0.1386653309E+02
   3251.00    0.1050682789E+02
   3252.00    0.7509259920E+01
   3253.00    0.5408121053E+01
   3254.00    0.4189678050E+01
   3255.00    0.3647682068E+01
   3256.00    0.3522066656E+01
   3257.00    0.3595083544E+01
   3258.00    0.3738771374E+01
   3259.00    0.3893996603E+01
   3260.00    0.4037436241E+01
   3261.00    0.4161616341E+01
   3262.00    0.4265561894E+01
   3263.00    0.4350757493E+01
   3264.00    0.4419451644E+01
   3265.00    0.4473965532E+01
   3266.00    0.4516431058E+01
   3267.00    0.4548711384E+01
   3268.00    0.4572396959E+01
   3269.00    0.4588830280E+01
   3270.00    0.4599139091E+01
   3271.00    0.4604269507E+01
   3272.00    0.4605015835E+01
   3273.00    0.4602046180E+01
   3274.00    0.4595923908E+01
   3275.00    0.4587125417E+01
   3276.00    0.4576054765E+01
   3277.00    0.4563055687E+01
   3278.00    0.4548421457E+01
   3279.00    0.4532403003E+01
   3280.00    0.4515215602E+01
   3281.00    0.4497044406E+01
   3282.00    0.4478049031E+01
   3283.00    0.4458367375E+01
   3284.00    0.4438118807E+01
   3285.00    0.4417406839E+01
   3286.00    0.4396321371E+01
   3287.00    0.4374940588E+01
   3288.00    0.4353332567E+01
   3289.00    0.4331556636E+01
   3290.00    0.4309664538E+01
   3291.00    0.4287701420E+01
   3292.00    0.4265706687E+01
   3293.00    0.4243714731E+01
   3294.00    0.4221755559E+01
   3295.00    0.4199855336E+01
   3296.00    0.4178036858E+01
   3297.00    0.4156319962E+01
   3298.00    0.4134721874E+01
   3299.00    0.4113257527E+01
   3300.00    0.4091939828E+01
   3301.00    0.4070779891E+01
   3302.00    0.4049787252E+01
   3303.00    0.4028970045E+01
   3304.00    0.4008335166E+01
   3305.00    0.3987888412E+01
   3306.00    0.3967634608E+01
   3307.00    0.3947577716E+01
   3308.00    0.3927720932E+01
   3309.00    0.3908066771E+01
   3310.00    0.3888617151E+01
   3311.00    0.3869373450E+01
   3312.00    0.3850336576E+01
   3313.00    0.3831507017E+01
   3314.00    0.3812884889E+01
   3315.00    0.3794469980E+01
   3316.00    0.3776261785E+01
   3317.00    0.3758259548E+01
   3318.00    0.3740462282E+01
   3319.00    0.3722868804E+01
   3320.00    0.3705477759E+01
   3321.00    0.3688287636E+01
   3322.00    0.3671296794E+01
   3323.00    0.3654503479E+01
   3324.00    0.3637905833E+01
   3325.00    0.3621501918E+01
   3326.00    0.3605289720E+01
   3327.00    0.3589267167E+01
   3328.00    0.3573432134E+01
   3329.00    0.3557782456E+01
   3330.00    0.3542315934E+01
   3331.00    0.3527030341E+01
   3332.00    0.3511923432E+01
   3333.00    0.3496992950E+01
   3334.00    0.3482236625E+01
   3335.00    0.3467652188E+01
   3336.00    0.3453237366E+01
   3337.00    0.3438989892E+01
   3338.00    0.3424907507E+01
   3339.00    0.3410987962E+01
   3340.00    0.3397229018E+01
   3341.00    0.3383628456E+01
   3342.00    0.3370184070E+01
   3343.00    0.3356893674E+01
   3344.00    0.3343755104E+01
   3345.00    0.3330766217E+01
   3346.00    0.3317924893E+01
   3347.00    0.3305229034E+01
   3348.00    0.3292676571E+01
   3349.00    0.3280265457E+01
   3350.00    0.3267993673E+01
   3351.00    0.3255859226E+01
   3352.00    0.3243860152E+01
   3353.00    0.3231994511E+01
   3354.00    0.3220260393E+01
   3355.00    0.3208655917E+01
   3356.00    0.3197179226E+01
   3357.00    0.3185828495E+01
   3358.00    0.3174601926E+01
   3359.00    0.3163497747E+01
   3360.00    0.3152514215E+01
   3361.00    0.3141649615E+01
   3362.00    0.3130902261E+01
   3363.00    0.3120270490E+01
   3364.00    0.3109752671E+01
   3365.00    0.3099347197E+01
   3366.00    0.3089052488E+01
   3367.00    0.3078866991E+01
   3368.00    0.3068789178E+01
   3369.00    0.3058817548E+01
   3370.00    0.3048950625E+01
   3371.00    0.3039186957E+01
   3372.00    0.3029525119E+01
   3373.00    0.3019963708E+01
   3374.00    0.3010501347E+01
   3375.00    0.3001136681E+01
   3376.00    0.2991868380E+01
   3377.00    0.2982695135E+01
   3378.00    0.2973615662E+01
   3379.00    0.2964628698E+01
   3380.00    0.2955733001E+01
   3381.00    0.2946927353E+01
   3382.00    0.2938210555E+01
   3383.00    0.2929581430E+01
   3384.00    0.2921038822E+01
   3385.00    0.2912581593E+01
   3386.00    0.2904208627E+01
   3387.00    0.2895918827E+01
   3388.00    0.2887711115E+01
   3389.00    0.2879584431E+01
   3390.00    0.2871537734E+01
   3391.00    0.2863570002E+01
   3392.00    0.2855680229E+01
   3393.00    0.2847867430E+01
   3394.00    0.2840130632E+01
   3395.00    0.2832468884E+01
   3396.00    0.2824881249E+01
   3397.00    0.2817366805E+01
   3398.00    0.2809924650E+01
   3399.00    0.2802553894E+01
   3400.00    0.2795253663E+01
   3401.00    0.2788023101E+01
   3402.00    0.2780861364E+01
   3403.00    0.2773767623E+01
   3404.00    0.2766741064E+01
   3405.00    0.2759780887E+01
   3406.00    0.2752886305E+01
   3407.00    0.2746056546E+01
   3408.00    0.2739290851E+01
   3409.00    0.2732588473E+01
   3410.00    0.2725948679E+01
   3411.00    0.2719370748E+01
   3412.00    0.2712853972E+01
   3413.00    0.2706397654E+01
   3414.00    0.2700001110E+01
   3415.00    0.2693663668E+01
   3416.00    0.2687384667E+01
   3417.00    0.2681163457E+01
   3418.00    0.2674999400E+01
   3419.00    0.2668891868E+01
   3420.00    0.2662840245E+01
   3421.00    0.2656843924E+01
   3422.00    0.2650902309E+01
   3423.00    0.2645014816E+01
   3424.00    0.2639180868E+01
   3425.00    0.2633399899E+01
   3426.00    0.2627671354E+01
   3427.00    0.2621994687E+01
   3428.00    0.2616369359E+01
   3429.00    0.2610794843E+01
   3430.00    0.2605270620E+01
   3431.00    0.2599796180E+01
   3432.00    0.2594371022E+01
   3433.00    0.2588994654E+01
   3434.00    0.2583666590E+01
   3435.00    0.2578386354E+01
   3436.00    0.2573153481E+01
   3437.00    0.2567967508E+01
   3438.00    0.2562827986E+01
   3439.00    0.2557734470E+01
   3440.00    0.2552686523E+01
   3441.00    0.2547683717E+01
   3442.00    0.2542725631E+01
   3443.00    0.2537811850E+01
   3444.00    0.2532941969E+01
   3445.00    0.2528115587E+01
   3446.00    0.2523332311E+01
   3447.00    0.2518591756E+01
   3448.00    0.2513893542E+01
   3449.00    0.2509237299E+01
   3450.00    0.2504622658E+01
   3451.00    0.2500049262E+01
   3452.00    0.2495516758E+01
   3453.00    0.2491024798E+01
   3454.00    0.2486573043E+01
   3455.00    0.2482161158E+01
   3456.00    0.2477788815E+01
   3457.00    0.2473455691E+01
   3458.00    0.2469161471E+01
   3459.00    0.2464905844E+01
   3460.00    0.2460688504E+01
   3461.00    0.2456509153E+01
   3462.00    0.2452367497E+01
   3463.00    0.2448263248E+01
   3464.00    0.2444196122E+01
   3465.00    0.2440165844E+01
   3466.00    0.2436172139E+01
   3467.00    0.2432214743E+01
   3468.00    0.2428293392E+01
   3469.00    0.2424407831E+01
   3470.00    0.2420557808E+01
   3471.00    0.2416743076E+01
   3472.00    0.2412963395E+01
   3473.00    0.2409218526E+01
   3474.00    0.2405508239E+01
   3475.00    0.2401832306E+01
   3476.00    0.2398190505E+01
   3477.00    0.2394582618E+01
   3478.00    0.2391008433E+01
   3479.00    0.2387467741E+01
   3480.00    0.2383960338E+01
   3481.00    0.2380486024E+01
   3482.00    0.2377044606E+01
   3483.00    0.2373635892E+01
   3484.00    0.2370259697E+01
   3485.00    0.2366915838E+01
   3486.00    0.2363604139E+01
   3487.00    0.2360324426E+01
   3488.00    0.2357076531E+01
   3489.00    0.2353860290E+01
   3490.00    0.2350675541E+01
   3491.00    0.2347522129E+01
   3492.00    0.2344399902E+01
   3493.00    0.2341308712E+01
   3494.00    0.2338248414E+01
   3495.00    0.2335218871E+01
   3496.00    0.2332219945E+01
   3497.00    0.2329251505E+01
   3498.00    0.2326313424E+01
   3499.00    0.2323405579E+01
   3500.00    0.2320527849E+01
   3501.00    0.2317680119E+01
   3502.00    0.2314862278E+01
   3503.00    0.2312074218E+01
   3504.00    0.2309315835E+01
   3505.00    0.2306587029E+01
   3506.00    0.2303887706E+01
   3507.00    0.2301217772E+01
   3508.00    0.2298577140E+01
   3509.00    0.2295965726E+01
   3510.00    0.2293383449E+01
   3511.00    0.2290830235E+01
   3512.00    0.2288306009E+01
   3513.00    0.2285810704E+01
   3514.00    0.2283344256E+01
   3515.00    0.2280906604E+01
   3516.00    0.2278497691E+01
   3517.00    0.2276117465E+01
   3518.00    0.2273765877E+01
   3519.00    0.2271442882E+01
   3520.00    0.2269148440E+01
   3521.00    0.2266882514E+01
   3522.00    0.2264645072E+01
   3523.00    0.2262436084E+01
   3524.00    0.2260255526E+01
   3525.00    0.2258103377E+01
   3526.00    0.2255979621E+01
   3527.00    0.2253884246E+01
   3528.00    0.2251817243E+01
   3529.00    0.2249778609E+01
   3530.00    0.2247768343E+01
   3531.00    0.2245786450E+01
   3532.00    0.2243832938E+01
   3533.00    0.2241907822E+01
   3534.00    0.2240011116E+01
   3535.00    0.2238142845E+01
   3536.00    0.2236303033E+01
   3537.00    0.2234491711E+01
   3538.00    0.2232708914E+01
   3539.00    0.2230954682E+01
   3540.00    0.2229229058E+01
   3541.00    0.2227532093E+01
   3542.00    0.2225863839E+01
   3543.00    0.2224224354E+01
   3544.00    0.2222613703E+01
   3545.00    0.2221031952E+01
   3546.00    0.2219479175E+01
   3547.00    0.2217955450E+01
   3548.00    0.2216460860E+01
   3549.00    0.2214995493E+01
   3550.00    0.2213559443E+01
   3551.00    0.2212152808E+01
   3552.00    0.2210775692E+01
   3553.00    0.2209428206E+01
   3554.00    0.2208110464E+01
   3555.00    0.2206822588E+01
   3556.00    0.2205564703E+01
   3557.00    0.2204336943E+01
   3558.00    0.2203139446E+01
   3559.00    0.2201972355E+01
   3560.00    0.2200835823E+01
   3561.00    0.2199730005E+01
   3562.00    0.2198655065E+01
   3563.00    0.2197611173E+01
   3564.00    0.2196598506E+01
   3565.00    0.2195617245E+01
   3566.00    0.2194667582E+01
   3567.00    0.2193749714E+01
   3568.00    0.2192863844E+01
   3569.00    0.2192010185E+01
   3570.00    0.2191188956E+01
   3571.00    0.2190400383E+01
   3572.00    0.2189644701E+01
   3573.00    0.2188922153E+01
   3574.00    0.2188232989E+01
   3575.00    0.2187577470E+01
   3576.00    0.2186955861E+01
   3577.00    0.2186368440E+01
   3578.00    0.2185815492E+01
   3579.00    0.2185297311E+01
   3580.00    0.2184814203E+01
   3581.00    0.2184366479E+01
   3582.00    0.2183954463E+01
   3583.00    0.2183578490E+01
   3584.00    0.2183238902E+01
   3585.00    0.2182936054E+01
   3586.00    0.2182670312E+01
   3587.00    0.2182442052E+01
   3588.00    0.2182251661E+01
   3589.00    0.2182099541E+01
   3590.00    0.2181986102E+01
   3591.00    0.2181911768E+01
   3592.00    0.2181876978E+01
   3593.00    0.2181882180E+01
   3594.00    0.2181927838E+01
   3595.00    0.2182014431E+01
   3596.00    0.2182142449E+01
   3597.00    0.2182312399E+01
   3598.00    0.2182524802E+01
   3599.00    0.2182780195E+01
   3600.00    0.2183079132E+01
   3601.00    0.2183422181E+01
   3602.00    0.2183809930E+01
   3603.00    0.2184242981E+01
   3604.00    0.2184721957E+01
   3605.00    0.2185247498E+01
   3606.00    0.2185820264E+01
   3607.00    0.2186440933E+01
   3608.00    0.2187110207E+01
   3609.00    0.2187828805E+01
   3610.00    0.2188597469E+01
   3611.00    0.2189416966E+01
   3612.00    0.2190288082E+01
   3613.00    0.2191211630E+01
   3614.00    0.2192188446E+01
   3615.00    0.2193219392E+01
   3616.00    0.2194305357E+01
   3617.00    0.2195447257E+01
   3618.00    0.2196646036E+01
   3619.00    0.2197902668E+01
   3620.00    0.2199218156E+01
   3621.00    0.2200593535E+01
   3622.00    0.2202029872E+01
   3623.00    0.2203528270E+01
   3624.00    0.2205089863E+01
   3625.00    0.2206715825E+01
   3626.00    0.2208407364E+01
   3627.00    0.2210165729E+01
   3628.00    0.2211992209E+01
   3629.00    0.2213888135E+01
   3630.00    0.2215854881E+01
   3631.00    0.2217893865E+01
   3632.00    0.2220006555E+01
   3633.00    0.2222194465E+01
   3634.00    0.2224459161E+01
   3635.00    0.2226802261E+01
   3636.00    0.2229225437E+01
   3637.00    0.2231730421E+01
   3638.00    0.2234319001E+01
   3639.00    0.2236993028E+01
   3640.00    0.2239754419E+01
   3641.00    0.2242605156E+01
   3642.00    0.2245547291E+01
   3643.00    0.2248582950E+01
   3644.00    0.2251714335E+01
   3645.00    0.2254943727E+01
   3646.00    0.2258273490E+01
   3647.00    0.2261706074E+01
   3648.00    0.2265244020E+01
   3649.00    0.2268889964E+01
   3650.00    0.2272646641E+01
   3651.00    0.2276516887E+01
   3652.00    0.2280503650E+01
   3653.00    0.2284609989E+01
   3654.00    0.2288839082E+01
   3655.00    0.2293194232E+01
   3656.00    0.2297678871E+01
   3657.00    0.2302296570E+01
   3658.00    0.2307051041E+01
   3659.00    0.2311946150E+01
   3660.00    0.2316985917E+01
   3661.00    0.2322174534E+01
   3662.00    0.2327516362E+01
   3663.00    0.2333015950E+01
   3664.00    0.2338678039E+01
   3665.00    0.2344507575E+01
   3666.00    0.2350509719E+01
   3667.00    0.2356689857E+01
   3668.00    0.2363053615E+01
   3669.00    0.2369606873E+01
   3670.00    0.2376355774E+01
   3671.00    0.2383306746E+01
   3672.00    0.2390466513E+01
   3673.00    0.2397842114E+01
   3674.00    0.2405440922E+01
   3675.00    0.2413270664E+01
   3676.00    0.2421339440E+01
   3677.00    0.2429655750E+01
   3678.00    0.2438228513E+01
   3679.00    0.2447067100E+01
   3680.00    0.2456181355E+01
   3681.00    0.2465581631E+01
   3682.00    0.2475278823E+01
   3683.00    0.2485284399E+01
   3684.00    0.2495610442E+01
   3685.00    0.2506269691E+01
   3686.00    0.2517275584E+01
   3687.00    0.2528642311E+01
   3688.00    0.2540384859E+01
   3689.00    0.2552519077E+01
   3690.00    0.2565061736E+01
   3691.00    0.2578030593E+01
   3692.00    0.2591444468E+01
   3693.00    0.2605323325E+01
   3694.00    0.2619688358E+01
   3695.00    0.2634562085E+01
   3696.00    0.2649968459E+01
   3697.00    0.2665932979E+01
   3698.00    0.2682482816E+01
   3699.00    0.2699646954E+01
   3700.00    0.2717456343E+01
   3701.00    0.2735944069E+01
   3702.00    0.2755145537E+01
   3703.00    0.2775098683E+01
   3704.00    0.2795844199E+01
   3705.00    0.2817425790E+01
   3706.00    0.2839890454E+01
   3707.00    0.2863288803E+01
   3708.00    0.2887675411E+01
   3709.00    0.2913109212E+01
   3710.00    0.2939653938E+01
   3711.00    0.2967378623E+01
   3712.00    0.2996358160E+01
   3713.00    0.3026673935E+01
   3714.00    0.3058414545E+01
   3715.00    0.3091676611E+01
   3716.00    0.3126565706E+01
   3717.00    0.3163197415E+01
   3718.00    0.3201698540E+01
   3719.00    0.3242208498E+01
   3720.00    0.3284880920E+01
   3721.00    0.3329885502E+01
   3722.00    0.3377410156E+01
   3723.00    0.3427663511E+01
   3724.00    0.3480877835E+01
   3725.00    0.3537312467E+01
   3726.00    0.3597257860E+01
   3727.00    0.3661040368E+01
   3728.00    0.3729027936E+01
   3729.00    0.3801636911E+01
   3730.00    0.3879340214E+01
   3731.00    0.3962677230E+01
   3732.00    0.4052265816E+01
   3733.00    0.4148817002E+01
   3734.00    0.4253153087E+01
   3735.00    0.4366230090E+01
   3736.00    0.4489165789E+01
   3737.00    0.4623275064E+01
   3738.00    0.4770114778E+01
   3739.00    0.4931541334E+01
   3740.00    0.5109785197E+01
   3741.00    0.5307548370E+01
   3742.00    0.5528133350E+01
   3743.00    0.5775615692E+01
   3744.00    0.6055077831E+01
   3745.00    0.6372929943E+01
   3746.00    0.6737356072E+01
   3747.00    0.7158942309E+01
   3748.00    0.7651571500E+01
   3749.00    0.8233707791E+01
   3750.00    0.8930241508E+01
   3751.00    0.9775093731E+01
   3752.00    0.1081467474E+02
   3753.00    0.1211161991E+02
   3754.00    0.1374548198E+02
   3755.00    0.1579736714E+02
   3756.00    0.1827648361E+02
   3757.00    0.2089466152E+02
   3758.00    0.2270370396E+02
   3759.00    0.2241397303E+02
   3760.00    0.2001438419E+02
   3761.00    0.1685633784E+02
   3762.00    0.1396235870E+02
   3763.00    0.1161974736E+02
   3764.00    0.9786808457E+01
   3765.00    0.8352208063E+01
   3766.00    0.7215328876E+01
   3767.00    0.6299962357E+01
   3768.00    0.5551064602E+01
   3769.00    0.4929160910E+01
   3770.00    0.4405715974E+01
   3771.00    0.3959818279E+01
   3772.00    0.3575903930E+01
   3773.00    0.3242206949E+01
   3774.00    0.2949698396E+01
   3775.00    0.2691351857E+01
   3776.00    0.2461627854E+01
   3777.00    0.2256106658E+01
   3778.00    0.2071223005E+01
   3779.00    0.1904071757E+01
   3780.00    0.1752263659E+01
   3781.00    0.1613816933E+01
   3782.00    0.1487074859E+01
   3783.00    0.1370642437E+01
   3784.00    0.1263337214E+01
   3785.00    0.1164150757E+01
   3786.00    0.1072218201E+01
   3787.00    0.9867940008E+00
   3788.00    0.9072324784E+00
   3789.00    0.8329721368E+00
   3790.00    0.7635229469E+00
   3791.00    0.6984560249E+00
   3792.00    0.6373952610E+00
   3793.00    0.5800105796E+00
   3794.00    0.5260126182E+00
   3795.00    0.4751487110E+00
   3796.00    0.4272001788E+00
   3797.00    0.3819810794E+00
   3798.00    0.3393388130E+00
   3799.00    0.2991573804E+00
   3800.00    0.2613648397E+00
   3801.00    0.2259479286E+00
   3802.00    0.1929795955E+00
   3803.00    0.1626704670E+00
   3804.00    0.1354639656E+00
   3805.00    0.1122001447E+00
   3806.00    0.9432406078E-01
   3807.00    0.8383790125E-01
   3808.00    0.8226315375E-01
   3809.00    0.8899896439E-01
   3810.00    0.1015885569E+00
   3811.00    0.1175395824E+00
   3812.00    0.1351807435E+00
   3813.00    0.1535482153E+00
   3814.00    0.1721055395E+00
   3815.00    0.1905525703E+00
   3816.00    0.2087194700E+00
   3817.00    0.2265100704E+00
   3818.00    0.2438711691E+00
   3819.00    0.2607753631E+00
   3820.00    0.2772111162E+00
   3821.00    0.2931768188E+00
   3822.00    0.3086771287E+00
   3823.00    0.3237206586E+00
   3824.00    0.3383184825E+00
   3825.00    0.3524831540E+00
   3826.00    0.3662280517E+00
   3827.00    0.3795669397E+00
   3828.00    0.3925136693E+00
   3829.00    0.4050819789E+00
   3830.00    0.4172853583E+00
   3831.00    0.4291369608E+00
   3832.00    0.4406495454E+00
   3833.00    0.4518354428E+00
   3834.00    0.4627065374E+00
   3835.00    0.4732742596E+00
   3836.00    0.4835495869E+00
   3837.00    0.4935430502E+00
   3838.00    0.5032647437E+00
   3839.00    0.5127243382E+00
   3840.00    0.5219310945E+00
   3841.00    0.5308938795E+00
   3842.00    0.5396211816E+00
   3843.00    0.5481211271E+00
   3844.00    0.5564014953E+00
   3845.00    0.5644697350E+00
   3846.00    0.5723329791E+00
   3847.00    0.5799980597E+00
   3848.00    0.5874715218E+00
   3849.00    0.5947596375E+00
   3850.00    0.6018684186E+00
   3851.00    0.6088036293E+00
   3852.00    0.6155707980E+00
   3853.00    0.6221752283E+00
   3854.00    0.6286220101E+00
   3855.00    0.6349160297E+00
   3856.00    0.6410619793E+00
   3857.00    0.6470643664E+00
   3858.00    0.6529275224E+00
   3859.00    0.6586556106E+00
   3860.00    0.6642526344E+00
   3861.00    0.6697224447E+00
   3862.00    0.6750687465E+00
   3863.00    0.6802951060E+00
   3864.00    0.6854049567E+00
   3865.00    0.6904016053E+00
   3866.00    0.6952882378E+00
   3867.00    0.7000679242E+00
   3868.00    0.7047436244E+00
   3869.00    0.7093181923E+00
   3870.00    0.7137943808E+00
   3871.00    0.7181748464E+00
   3872.00    0.7224621525E+00
   3873.00    0.7266587745E+00
   3874.00    0.7307671024E+00
   3875.00    0.7347894452E+00
   3876.00    0.7387280341E+00
   3877.00    0.7425850252E+00
   3878.00    0.7463625033E+00
   3879.00    0.7500624844E+00
   3880.00    0.7536869185E+00
   3881.00    0.7572376925E+00
   3882.00    0.7607166322E+00
   3883.00    0.7641255054E+00
   3884.00    0.7674660236E+00
   3885.00    0.7707398445E+00
   3886.00    0.7739485739E+00
   3887.00    0.7770937680E+00
   3888.00    0.7801769348E+00
   3889.00    0.7831995365E+00
   3890.00    0.7861629906E+00
   3891.00    0.7890686723E+00
   3892.00    0.7919179153E+00
   3893.00    0.7947120140E+00
   3894.00    0.7974522242E+00
   3895.00    0.8001397655E+00
   3896.00    0.8027758215E+00
   3897.00    0.8053615420E+00
   3898.00    0.8078980436E+00
   3899.00    0.8103864113E+00
   3900.00    0.8128276992E+00
   3901.00    0.8152229318E+00
   3902.00    0.8175731052E+00
   3903.00    0.8198791877E+00
   3904.00    0.8221421210E+00
   3905.00    0.8243628211E+00
   3906.00    0.8265421789E+00
   3907.00    0.8286810614E+00
   3908.00    0.8307803123E+00
   3909.00    0.8328407528E+00
   3910.00    0.8348631824E+00
   3911.00    0.8368483794E+00
   3912.00    0.8387971019E+00
   3913.00    0.8407100883E+00
   3914.00    0.8425880578E+00
   3915.00    0.8444317111E+00
   3916.00    0.8462417312E+00
   3917.00    0.8480187837E+00
   3918.00    0.8497635173E+00
   3919.00    0.8514765646E+00
   3920.00    0.8531585423E+00
   3921.00    0.8548100520E+00
   3922.00    0.8564316803E+00
   3923.00    0.8580239996E+00
   3924.00    0.8595875683E+00
   3925.00    0.8611229313E+00
   3926.00    0.8626306203E+00
   3927.00    0.8641111544E+00
   3928.00    0.8655650404E+00
   3929.00    0.8669927729E+00
   3930.00    0.8683948351E+00
   3931.00    0.8697716988E+00
   3932.00    0.8711238248E+00
   3933.00    0.8724516633E+00
   3934.00    0.8737556540E+00
   3935.00    0.8750362268E+00
   3936.00    0.8762938015E+00
   3937.00    0.8775287888E+00
   3938.00    0.8787415897E+00
   3939.00    0.8799325966E+00
   3940.00    0.8811021929E+00
   3941.00    0.8822507537E+00
   3942.00    0.8833786456E+00
   3943.00    0.8844862274E+00
   3944.00    0.8855738500E+00
   3945.00    0.8866418565E+00
   3946.00    0.8876905829E+00
   3947.00    0.8887203577E+00
   3948.00    0.8897315025E+00
   3949.00    0.8907243322E+00
   3950.00    0.8916991548E+00
   3951.00    0.8926562718E+00
   3952.00    0.8935959787E+00
   3953.00    0.8945185644E+00
   3954.00    0.8954243122E+00
   3955.00    0.8963134993E+00
   3956.00    0.8971863973E+00
   3957.00    0.8980432722E+00
   3958.00    0.8988843847E+00
   3959.00    0.8997099899E+00
   3960.00    0.9005203382E+00
   3961.00    0.9013156746E+00
   3962.00    0.9020962395E+00
   3963.00    0.9028622682E+00
   3964.00    0.9036139917E+00
   3965.00    0.9043516361E+00
   3966.00    0.9050754233E+00
   3967.00    0.9057855708E+00
   3968.00    0.9064822918E+00
   3969.00    0.9071657956E+00
   3970.00    0.9078362871E+00
   3971.00    0.9084939676E+00
   3972.00    0.9091390344E+00
   3973.00    0.9097716811E+00
   3974.00    0.9103920976E+00
   3975.00    0.9110004702E+00
   3976.00    0.9115969817E+00
   3977.00    0.9121818117E+00
   3978.00    0.9127551360E+00
   3979.00    0.9133171277E+00
   3980.00    0.9138679563E+00
   3981.00    0.9144077882E+00
   3982.00    0.9149367871E+00
   3983.00    0.9154551133E+00
   3984.00    0.9159629245E+00
   3985.00    0.9164603753E+00
   3986.00    0.9169476177E+00
   3987.00    0.9174248009E+00
   3988.00    0.9178920715E+00
   3989.00    0.9183495734E+00
   3990.00    0.9187974480E+00
   3991.00    0.9192358343E+00
   3992.00    0.9196648686E+00
   3993.00    0.9200846851E+00
   3994.00    0.9204954155E+00
   3995.00    0.9208971892E+00
   3996.00    0.9212901335E+00
   3997.00    0.9216743733E+00
   3998.00    0.9220500316E+00
   3999.00    0.9224172292E+00
   4000.00    0.9227760846E+00
