Frequencies(cm-1)    polar_2nd_yzz        
   1000.00    0.1615355770E+01
   1001.00    0.1665173494E+01
   1002.00    0.1550949547E+01
   1003.00    0.1358814514E+01
   1004.00    0.1169061273E+01
   1005.00    0.1010369035E+01
   1006.00    0.8842344115E+00
   1007.00    0.7847968560E+00
   1008.00    0.7058445539E+00
   1009.00    0.6424129428E+00
   1010.00    0.5908242569E+00
   1011.00    0.5484072193E+00
   1012.00    0.5132212073E+00
   1013.00    0.4838461344E+00
   1014.00    0.4592337880E+00
   1015.00    0.4386050472E+00
   1016.00    0.4213791581E+00
   1017.00    0.4071250237E+00
   1018.00    0.3955276761E+00
   1019.00    0.3863654122E+00
   1020.00    0.3794946576E+00
   1021.00    0.3748407056E+00
   1022.00    0.3723932462E+00
   1023.00    0.3722061804E+00
   1024.00    0.3744017170E+00
   1025.00    0.3791792532E+00
   1026.00    0.3868301314E+00
   1027.00    0.3977601584E+00
   1028.00    0.4125229109E+00
   1029.00    0.4318685487E+00
   1030.00    0.4568154263E+00
   1031.00    0.4887555543E+00
   1032.00    0.5296099757E+00
   1033.00    0.5820546935E+00
   1034.00    0.6498330493E+00
   1035.00    0.7381204280E+00
   1036.00    0.8536794668E+00
   1037.00    0.1003699268E+01
   1038.00    0.1189668758E+01
   1039.00    0.1388712900E+01
   1040.00    0.1528290603E+01
   1041.00    0.1524236742E+01
   1042.00    0.1391231048E+01
   1043.00    0.1216818674E+01
   1044.00    0.1057938397E+01
   1045.00    0.9296085894E+00
   1046.00    0.8295771406E+00
   1047.00    0.7519066199E+00
   1048.00    0.6911302835E+00
   1049.00    0.6430119429E+00
   1050.00    0.6044148302E+00
   1051.00    0.5730287383E+00
   1052.00    0.5471414276E+00
   1053.00    0.5254919449E+00
   1054.00    0.5072264426E+00
   1055.00    0.4920210254E+00
   1056.00    0.4805534690E+00
   1057.00    0.4757060241E+00
   1058.00    0.4846978413E+00
   1059.00    0.5190202453E+00
   1060.00    0.5810934989E+00
   1061.00    0.6456814475E+00
   1062.00    0.6853848146E+00
   1063.00    0.7016871139E+00
   1064.00    0.7075519535E+00
   1065.00    0.7113657331E+00
   1066.00    0.7166513867E+00
   1067.00    0.7246351887E+00
   1068.00    0.7356964489E+00
   1069.00    0.7499642416E+00
   1070.00    0.7675442085E+00
   1071.00    0.7886048968E+00
   1072.00    0.8134105967E+00
   1073.00    0.8423239655E+00
   1074.00    0.8757597343E+00
   1075.00    0.9140037308E+00
   1076.00    0.9566448192E+00
   1077.00    0.1000963893E+01
   1078.00    0.1038058187E+01
   1079.00    0.1047472829E+01
   1080.00    0.1005571127E+01
   1081.00    0.9277443325E+00
   1082.00    0.8723897079E+00
   1083.00    0.8680406170E+00
   1084.00    0.9023443264E+00
   1085.00    0.9580661876E+00
   1086.00    0.1025916437E+01
   1087.00    0.1102535779E+01
   1088.00    0.1187559203E+01
   1089.00    0.1282126578E+01
   1090.00    0.1388322999E+01
   1091.00    0.1509074028E+01
   1092.00    0.1648285877E+01
   1093.00    0.1811168190E+01
   1094.00    0.2004748731E+01
   1095.00    0.2238618996E+01
   1096.00    0.2525916521E+01
   1097.00    0.2884307753E+01
   1098.00    0.3335748996E+01
   1099.00    0.3900376483E+01
   1100.00    0.4570279081E+01
   1101.00    0.5237468674E+01
   1102.00    0.5615553691E+01
   1103.00    0.5425553364E+01
   1104.00    0.4785952694E+01
   1105.00    0.4038803745E+01
   1106.00    0.3379187619E+01
   1107.00    0.2848084447E+01
   1108.00    0.2429485679E+01
   1109.00    0.2097848787E+01
   1110.00    0.1831309608E+01
   1111.00    0.1613466745E+01
   1112.00    0.1432443229E+01
   1113.00    0.1279665155E+01
   1114.00    0.1148885877E+01
   1115.00    0.1035490624E+01
   1116.00    0.9360174293E+00
   1117.00    0.8478289573E+00
   1118.00    0.7688864036E+00
   1119.00    0.6975922399E+00
   1120.00    0.6326799431E+00
   1121.00    0.5731367468E+00
   1122.00    0.5181511173E+00
   1123.00    0.4670814205E+00
   1124.00    0.4194477258E+00
   1125.00    0.3749575846E+00
   1126.00    0.3335943776E+00
   1127.00    0.2958339879E+00
   1128.00    0.2631229758E+00
   1129.00    0.2387926135E+00
   1130.00    0.2291462318E+00
   1131.00    0.2424434708E+00
   1132.00    0.2818574382E+00
   1133.00    0.3345682946E+00
   1134.00    0.3707902736E+00
   1135.00    0.3709796215E+00
   1136.00    0.3467963658E+00
   1137.00    0.3190080132E+00
   1138.00    0.3012105881E+00
   1139.00    0.3029264291E+00
   1140.00    0.3344069172E+00
   1141.00    0.4074631658E+00
   1142.00    0.5324662523E+00
   1143.00    0.7073247316E+00
   1144.00    0.8940002323E+00
   1145.00    0.1024882827E+01
   1146.00    0.1076299380E+01
   1147.00    0.1082539696E+01
   1148.00    0.1078739007E+01
   1149.00    0.1081249761E+01
   1150.00    0.1095343662E+01
   1151.00    0.1122237004E+01
   1152.00    0.1161952014E+01
   1153.00    0.1213769137E+01
   1154.00    0.1274729465E+01
   1155.00    0.1334779863E+01
   1156.00    0.1366631045E+01
   1157.00    0.1320847577E+01
   1158.00    0.1170830272E+01
   1159.00    0.9836349849E+00
   1160.00    0.8560233308E+00
   1161.00    0.8140443466E+00
   1162.00    0.8313295225E+00
   1163.00    0.8784660595E+00
   1164.00    0.9386458093E+00
   1165.00    0.1004345315E+01
   1166.00    0.1072610757E+01
   1167.00    0.1142477365E+01
   1168.00    0.1213814784E+01
   1169.00    0.1286838120E+01
   1170.00    0.1361904317E+01
   1171.00    0.1439429385E+01
   1172.00    0.1519857395E+01
   1173.00    0.1603651995E+01
   1174.00    0.1691297950E+01
   1175.00    0.1783307347E+01
   1176.00    0.1880228219E+01
   1177.00    0.1982654787E+01
   1178.00    0.2091239180E+01
   1179.00    0.2206704839E+01
   1180.00    0.2329862044E+01
   1181.00    0.2461626180E+01
   1182.00    0.2603039536E+01
   1183.00    0.2755297693E+01
   1184.00    0.2919781857E+01
   1185.00    0.3098098905E+01
   1186.00    0.3292131533E+01
   1187.00    0.3504101692E+01
   1188.00    0.3736651664E+01
   1189.00    0.3992948781E+01
   1190.00    0.4276822176E+01
   1191.00    0.4592943422E+01
   1192.00    0.4947068031E+01
   1193.00    0.5346362426E+01
   1194.00    0.5799852487E+01
   1195.00    0.6319047107E+01
   1196.00    0.6918816308E+01
   1197.00    0.7618641872E+01
   1198.00    0.8444411016E+01
   1199.00    0.9430981211E+01
   1200.00    0.1062575152E+02
   1201.00    0.1209322011E+02
   1202.00    0.1391935903E+02
   1203.00    0.1621164018E+02
   1204.00    0.1908868169E+02
   1205.00    0.2265866102E+02
   1206.00    0.2689503917E+02
   1207.00    0.3110405102E+02
   1208.00    0.3343705676E+02
   1209.00    0.3239195427E+02
   1210.00    0.2893815824E+02
   1211.00    0.2498658083E+02
   1212.00    0.2151440994E+02
   1213.00    0.1871315892E+02
   1214.00    0.1649949095E+02
   1215.00    0.1474455349E+02
   1216.00    0.1333735979E+02
   1217.00    0.1219376107E+02
   1218.00    0.1125209573E+02
   1219.00    0.1046712404E+02
   1220.00    0.9804705016E+01
   1221.00    0.9236995798E+01
   1222.00    0.8737072321E+01
   1223.00    0.8273015335E+01
   1224.00    0.7811774625E+01
   1225.00    0.7356250767E+01
   1226.00    0.6963728598E+01
   1227.00    0.6664129247E+01
   1228.00    0.6433990933E+01
   1229.00    0.6245471913E+01
   1230.00    0.6083580489E+01
   1231.00    0.5941716987E+01
   1232.00    0.5817011980E+01
   1233.00    0.5708171483E+01
   1234.00    0.5614651906E+01
   1235.00    0.5536374406E+01
   1236.00    0.5473650704E+01
   1237.00    0.5427199167E+01
   1238.00    0.5398207842E+01
   1239.00    0.5388426283E+01
   1240.00    0.5400265166E+01
   1241.00    0.5436845430E+01
   1242.00    0.5501820473E+01
   1243.00    0.5598453110E+01
   1244.00    0.5726467829E+01
   1245.00    0.5872681697E+01
   1246.00    0.5986473909E+01
   1247.00    0.5933113860E+01
   1248.00    0.5485673255E+01
   1249.00    0.4553590067E+01
   1250.00    0.3453931887E+01
   1251.00    0.2590040075E+01
   1252.00    0.2093882498E+01
   1253.00    0.1891977086E+01
   1254.00    0.1856353534E+01
   1255.00    0.1891698231E+01
   1256.00    0.1948883486E+01
   1257.00    0.2007211321E+01
   1258.00    0.2059164787E+01
   1259.00    0.2102672819E+01
   1260.00    0.2137757847E+01
   1261.00    0.2165156856E+01
   1262.00    0.2185778274E+01
   1263.00    0.2200525614E+01
   1264.00    0.2210327246E+01
   1265.00    0.2216392750E+01
   1266.00    0.2220908067E+01
   1267.00    0.2228559651E+01
   1268.00    0.2248365392E+01
   1269.00    0.2289435408E+01
   1270.00    0.2342417036E+01
   1271.00    0.2380215493E+01
   1272.00    0.2393795252E+01
   1273.00    0.2392406454E+01
   1274.00    0.2384866296E+01
   1275.00    0.2375442555E+01
   1276.00    0.2365765025E+01
   1277.00    0.2356362941E+01
   1278.00    0.2347355603E+01
   1279.00    0.2338720738E+01
   1280.00    0.2330393173E+01
   1281.00    0.2322299003E+01
   1282.00    0.2314365608E+01
   1283.00    0.2306522937E+01
   1284.00    0.2298702145E+01
   1285.00    0.2290834749E+01
   1286.00    0.2282855652E+01
   1287.00    0.2274717093E+01
   1288.00    0.2266431391E+01
   1289.00    0.2258188725E+01
   1290.00    0.2250662961E+01
   1291.00    0.2245718252E+01
   1292.00    0.2247481274E+01
   1293.00    0.2261316061E+01
   1294.00    0.2285032918E+01
   1295.00    0.2304341969E+01
   1296.00    0.2311096749E+01
   1297.00    0.2309116461E+01
   1298.00    0.2303597016E+01
   1299.00    0.2297255702E+01
   1300.00    0.2291143753E+01
   1301.00    0.2285592347E+01
   1302.00    0.2280664548E+01
   1303.00    0.2276333909E+01
   1304.00    0.2272550605E+01
   1305.00    0.2269264637E+01
   1306.00    0.2266433081E+01
   1307.00    0.2264021542E+01
   1308.00    0.2262003683E+01
   1309.00    0.2260360249E+01
   1310.00    0.2259078126E+01
   1311.00    0.2258149577E+01
   1312.00    0.2257571709E+01
   1313.00    0.2257346164E+01
   1314.00    0.2257479020E+01
   1315.00    0.2257980883E+01
   1316.00    0.2258867200E+01
   1317.00    0.2260158767E+01
   1318.00    0.2261882498E+01
   1319.00    0.2264072472E+01
   1320.00    0.2266771348E+01
   1321.00    0.2270032219E+01
   1322.00    0.2273921039E+01
   1323.00    0.2278519792E+01
   1324.00    0.2283930594E+01
   1325.00    0.2290280974E+01
   1326.00    0.2297730557E+01
   1327.00    0.2306479221E+01
   1328.00    0.2316776265E+01
   1329.00    0.2328928551E+01
   1330.00    0.2343301326E+01
   1331.00    0.2360294005E+01
   1332.00    0.2380242653E+01
   1333.00    0.2403118754E+01
   1334.00    0.2427677677E+01
   1335.00    0.2449199969E+01
   1336.00    0.2454264631E+01
   1337.00    0.2413399028E+01
   1338.00    0.2291466583E+01
   1339.00    0.2109789621E+01
   1340.00    0.1961629743E+01
   1341.00    0.1893031166E+01
   1342.00    0.1879310133E+01
   1343.00    0.1889066362E+01
   1344.00    0.1905632495E+01
   1345.00    0.1922272801E+01
   1346.00    0.1936651941E+01
   1347.00    0.1948131720E+01
   1348.00    0.1956668927E+01
   1349.00    0.1962389450E+01
   1350.00    0.1965427722E+01
   1351.00    0.1965867998E+01
   1352.00    0.1963723664E+01
   1353.00    0.1958929552E+01
   1354.00    0.1951337516E+01
   1355.00    0.1940711747E+01
   1356.00    0.1926723580E+01
   1357.00    0.1908948412E+01
   1358.00    0.1886872472E+01
   1359.00    0.1859928596E+01
   1360.00    0.1827607453E+01
   1361.00    0.1789757646E+01
   1362.00    0.1747354200E+01
   1363.00    0.1704418097E+01
   1364.00    0.1672635334E+01
   1365.00    0.1681229995E+01
   1366.00    0.1790805074E+01
   1367.00    0.2084702008E+01
   1368.00    0.2579951071E+01
   1369.00    0.3107593251E+01
   1370.00    0.3431145820E+01
   1371.00    0.3517019466E+01
   1372.00    0.3475529439E+01
   1373.00    0.3393952864E+01
   1374.00    0.3310207920E+01
   1375.00    0.3236336324E+01
   1376.00    0.3174543271E+01
   1377.00    0.3123885532E+01
   1378.00    0.3082667718E+01
   1379.00    0.3049223160E+01
   1380.00    0.3022126116E+01
   1381.00    0.3000214151E+01
   1382.00    0.2982554237E+01
   1383.00    0.2968398266E+01
   1384.00    0.2957142279E+01
   1385.00    0.2948292814E+01
   1386.00    0.2941440082E+01
   1387.00    0.2936236742E+01
   1388.00    0.2932380934E+01
   1389.00    0.2929602465E+01
   1390.00    0.2927651399E+01
   1391.00    0.2926288884E+01
   1392.00    0.2925281173E+01
   1393.00    0.2924400468E+01
   1394.00    0.2923443013E+01
   1395.00    0.2922292177E+01
   1396.00    0.2921096256E+01
   1397.00    0.2920707236E+01
   1398.00    0.2923493701E+01
   1399.00    0.2933673073E+01
   1400.00    0.2954773897E+01
   1401.00    0.2989459426E+01
   1402.00    0.3046497753E+01
   1403.00    0.3124109003E+01
   1404.00    0.3190999444E+01
   1405.00    0.3226699357E+01
   1406.00    0.3239920449E+01
   1407.00    0.3243635855E+01
   1408.00    0.3244737159E+01
   1409.00    0.3245845293E+01
   1410.00    0.3247703944E+01
   1411.00    0.3250343262E+01
   1412.00    0.3253539873E+01
   1413.00    0.3256983974E+01
   1414.00    0.3260333480E+01
   1415.00    0.3263224974E+01
   1416.00    0.3265267693E+01
   1417.00    0.3266030180E+01
   1418.00    0.3265023107E+01
   1419.00    0.3261679746E+01
   1420.00    0.3255335832E+01
   1421.00    0.3245213199E+01
   1422.00    0.3230418851E+01
   1423.00    0.3209989316E+01
   1424.00    0.3183055434E+01
   1425.00    0.3149316869E+01
   1426.00    0.3110305311E+01
   1427.00    0.3072629260E+01
   1428.00    0.3055910012E+01
   1429.00    0.3109498695E+01
   1430.00    0.3332030850E+01
   1431.00    0.3833209685E+01
   1432.00    0.4548820489E+01
   1433.00    0.5159315084E+01
   1434.00    0.5456585826E+01
   1435.00    0.5520368976E+01
   1436.00    0.5486465995E+01
   1437.00    0.5429327119E+01
   1438.00    0.5377304198E+01
   1439.00    0.5338657079E+01
   1440.00    0.5314398123E+01
   1441.00    0.5303285426E+01
   1442.00    0.5303597185E+01
   1443.00    0.5313711283E+01
   1444.00    0.5332258307E+01
   1445.00    0.5358129315E+01
   1446.00    0.5390440033E+01
   1447.00    0.5428487232E+01
   1448.00    0.5471709073E+01
   1449.00    0.5519653034E+01
   1450.00    0.5571953620E+01
   1451.00    0.5628325353E+01
   1452.00    0.5688587448E+01
   1453.00    0.5752766069E+01
   1454.00    0.5821395295E+01
   1455.00    0.5896298492E+01
   1456.00    0.5982225756E+01
   1457.00    0.6088156219E+01
   1458.00    0.6220271682E+01
   1459.00    0.6364295678E+01
   1460.00    0.6497096448E+01
   1461.00    0.6616058856E+01
   1462.00    0.6730269254E+01
   1463.00    0.6846621488E+01
   1464.00    0.6968429187E+01
   1465.00    0.7097160057E+01
   1466.00    0.7233556301E+01
   1467.00    0.7378124006E+01
   1468.00    0.7531327680E+01
   1469.00    0.7693667265E+01
   1470.00    0.7865710594E+01
   1471.00    0.8048109824E+01
   1472.00    0.8241613039E+01
   1473.00    0.8447075569E+01
   1474.00    0.8665473065E+01
   1475.00    0.8897917476E+01
   1476.00    0.9145676781E+01
   1477.00    0.9410199407E+01
   1478.00    0.9693144453E+01
   1479.00    0.9996419189E+01
   1480.00    0.1032222575E+02
   1481.00    0.1067311965E+02
   1482.00    0.1105208348E+02
   1483.00    0.1146262045E+02
   1484.00    0.1190887380E+02
   1485.00    0.1239577973E+02
   1486.00    0.1292926305E+02
   1487.00    0.1351648467E+02
   1488.00    0.1416614387E+02
   1489.00    0.1488881298E+02
   1490.00    0.1569718813E+02
   1491.00    0.1660576193E+02
   1492.00    0.1762784322E+02
   1493.00    0.1876316667E+02
   1494.00    0.1996535279E+02
   1495.00    0.2108874880E+02
   1496.00    0.2189012338E+02
   1497.00    0.2235688429E+02
   1498.00    0.2305328250E+02
   1499.00    0.2449611896E+02
   1500.00    0.2672576596E+02
   1501.00    0.2966569516E+02
   1502.00    0.3334860218E+02
   1503.00    0.3793352862E+02
   1504.00    0.4369351014E+02
   1505.00    0.5100346854E+02
   1506.00    0.6026196823E+02
   1507.00    0.7153268927E+02
   1508.00    0.8346062995E+02
   1509.00    0.9172955271E+02
   1510.00    0.9109254981E+02
   1511.00    0.8210041245E+02
   1512.00    0.6996139016E+02
   1513.00    0.5814320266E+02
   1514.00    0.4793630805E+02
   1515.00    0.4007616435E+02
   1516.00    0.3450283842E+02
   1517.00    0.3048449357E+02
   1518.00    0.2740045118E+02
   1519.00    0.2490875425E+02
   1520.00    0.2282791136E+02
   1521.00    0.2104941550E+02
   1522.00    0.1950267075E+02
   1523.00    0.1814907341E+02
   1524.00    0.1696885758E+02
   1525.00    0.1593672978E+02
   1526.00    0.1502440432E+02
   1527.00    0.1420980098E+02
   1528.00    0.1347705638E+02
   1529.00    0.1281427355E+02
   1530.00    0.1221206400E+02
   1531.00    0.1166276858E+02
   1532.00    0.1115999835E+02
   1533.00    0.1069829723E+02
   1534.00    0.1027279642E+02
   1535.00    0.9878695523E+01
   1536.00    0.9510303967E+01
   1537.00    0.9159623469E+01
   1538.00    0.8817143317E+01
   1539.00    0.8482279108E+01
   1540.00    0.8171621255E+01
   1541.00    0.7896007452E+01
   1542.00    0.7648703897E+01
   1543.00    0.7419488920E+01
   1544.00    0.7200708154E+01
   1545.00    0.6987721098E+01
   1546.00    0.6782605786E+01
   1547.00    0.6591977544E+01
   1548.00    0.6416888206E+01
   1549.00    0.6253916716E+01
   1550.00    0.6100196949E+01
   1551.00    0.5954203183E+01
   1552.00    0.5815140102E+01
   1553.00    0.5682522000E+01
   1554.00    0.5555992545E+01
   1555.00    0.5435256762E+01
   1556.00    0.5320056609E+01
   1557.00    0.5210162731E+01
   1558.00    0.5105372239E+01
   1559.00    0.5005508818E+01
   1560.00    0.4910423923E+01
   1561.00    0.4819998701E+01
   1562.00    0.4734146655E+01
   1563.00    0.4652817248E+01
   1564.00    0.4576000700E+01
   1565.00    0.4503734397E+01
   1566.00    0.4436111356E+01
   1567.00    0.4373291344E+01
   1568.00    0.4315515230E+01
   1569.00    0.4263123017E+01
   1570.00    0.4216575195E+01
   1571.00    0.4176474677E+01
   1572.00    0.4143579920E+01
   1573.00    0.4118781952E+01
   1574.00    0.4102970231E+01
   1575.00    0.4096583944E+01
   1576.00    0.4098303064E+01
   1577.00    0.4101471335E+01
   1578.00    0.4085166157E+01
   1579.00    0.3997180929E+01
   1580.00    0.3748993474E+01
   1581.00    0.3306263529E+01
   1582.00    0.2829801678E+01
   1583.00    0.2516454011E+01
   1584.00    0.2379125037E+01
   1585.00    0.2338352153E+01
   1586.00    0.2334511329E+01
   1587.00    0.2340045621E+01
   1588.00    0.2344643953E+01
   1589.00    0.2345248621E+01
   1590.00    0.2341737218E+01
   1591.00    0.2335436646E+01
   1592.00    0.2328509656E+01
   1593.00    0.2322022677E+01
   1594.00    0.2313318733E+01
   1595.00    0.2299490515E+01
   1596.00    0.2281240247E+01
   1597.00    0.2260454765E+01
   1598.00    0.2238362481E+01
   1599.00    0.2215572572E+01
   1600.00    0.2192387389E+01
   1601.00    0.2168974939E+01
   1602.00    0.2145442412E+01
   1603.00    0.2121866314E+01
   1604.00    0.2098305315E+01
   1605.00    0.2074806240E+01
   1606.00    0.2051407207E+01
   1607.00    0.2028139516E+01
   1608.00    0.2005028933E+01
   1609.00    0.1982096630E+01
   1610.00    0.1959359939E+01
   1611.00    0.1936832951E+01
   1612.00    0.1914527019E+01
   1613.00    0.1892451179E+01
   1614.00    0.1870612507E+01
   1615.00    0.1849016416E+01
   1616.00    0.1827666912E+01
   1617.00    0.1806566813E+01
   1618.00    0.1785717936E+01
   1619.00    0.1765121254E+01
   1620.00    0.1744777033E+01
   1621.00    0.1724684952E+01
   1622.00    0.1704844203E+01
   1623.00    0.1685253584E+01
   1624.00    0.1665911568E+01
   1625.00    0.1646816379E+01
   1626.00    0.1627966048E+01
   1627.00    0.1609358464E+01
   1628.00    0.1590991428E+01
   1629.00    0.1572862687E+01
   1630.00    0.1554969983E+01
   1631.00    0.1537311083E+01
   1632.00    0.1519883814E+01
   1633.00    0.1502686102E+01
   1634.00    0.1485715996E+01
   1635.00    0.1468971706E+01
   1636.00    0.1452451637E+01
   1637.00    0.1436154416E+01
   1638.00    0.1420078937E+01
   1639.00    0.1404224392E+01
   1640.00    0.1388590319E+01
   1641.00    0.1373176644E+01
   1642.00    0.1357983736E+01
   1643.00    0.1343012466E+01
   1644.00    0.1328264273E+01
   1645.00    0.1313741243E+01
   1646.00    0.1299446199E+01
   1647.00    0.1285382806E+01
   1648.00    0.1271555694E+01
   1649.00    0.1257970607E+01
   1650.00    0.1244634576E+01
   1651.00    0.1231556125E+01
   1652.00    0.1218745528E+01
   1653.00    0.1206215106E+01
   1654.00    0.1193979602E+01
   1655.00    0.1182056633E+01
   1656.00    0.1170467246E+01
   1657.00    0.1159236613E+01
   1658.00    0.1148394895E+01
   1659.00    0.1137978334E+01
   1660.00    0.1128030623E+01
   1661.00    0.1118604667E+01
   1662.00    0.1109764837E+01
   1663.00    0.1101589872E+01
   1664.00    0.1094176651E+01
   1665.00    0.1087645094E+01
   1666.00    0.1082144520E+01
   1667.00    0.1077861808E+01
   1668.00    0.1075031627E+01
   1669.00    0.1073948459E+01
   1670.00    0.1074978579E+01
   1671.00    0.1078565513E+01
   1672.00    0.1085209677E+01
   1673.00    0.1095367439E+01
   1674.00    0.1109117344E+01
   1675.00    0.1125182328E+01
   1676.00    0.1138307116E+01
   1677.00    0.1133424508E+01
   1678.00    0.1079356587E+01
   1679.00    0.9461694557E+00
   1680.00    0.7623596565E+00
   1681.00    0.6068451813E+00
   1682.00    0.5192352154E+00
   1683.00    0.4854239050E+00
   1684.00    0.4787902552E+00
   1685.00    0.4821477670E+00
   1686.00    0.4876704467E+00
   1687.00    0.4923837626E+00
   1688.00    0.4953583254E+00
   1689.00    0.4964525091E+00
   1690.00    0.4958020421E+00
   1691.00    0.4936204355E+00
   1692.00    0.4901240402E+00
   1693.00    0.4855066249E+00
   1694.00    0.4799333393E+00
   1695.00    0.4735418987E+00
   1696.00    0.4664460810E+00
   1697.00    0.4587396064E+00
   1698.00    0.4504996914E+00
   1699.00    0.4417900751E+00
   1700.00    0.4326635113E+00
   1701.00    0.4231637865E+00
   1702.00    0.4133273462E+00
   1703.00    0.4031846008E+00
   1704.00    0.3927609791E+00
   1705.00    0.3820777783E+00
   1706.00    0.3711528572E+00
   1707.00    0.3600012026E+00
   1708.00    0.3486353990E+00
   1709.00    0.3370660216E+00
   1710.00    0.3253019701E+00
   1711.00    0.3133507596E+00
   1712.00    0.3012187808E+00
   1713.00    0.2889115409E+00
   1714.00    0.2764338992E+00
   1715.00    0.2637903093E+00
   1716.00    0.2509850856E+00
   1717.00    0.2380227151E+00
   1718.00    0.2249082447E+00
   1719.00    0.2116477890E+00
   1720.00    0.1982492274E+00
   1721.00    0.1847232003E+00
   1722.00    0.1710845846E+00
   1723.00    0.1573547566E+00
   1724.00    0.1435651820E+00
   1725.00    0.1297633183E+00
   1726.00    0.1160226754E+00
   1727.00    0.1024606074E+00
   1728.00    0.8927080169E-01
   1729.00    0.7678353517E-01
   1730.00    0.6557352254E-01
   1731.00    0.5661789967E-01
   1732.00    0.5136247776E-01
   1733.00    0.5122873381E-01
   1734.00    0.5650811559E-01
   1735.00    0.6614499528E-01
   1736.00    0.7876041087E-01
   1737.00    0.9334053495E-01
   1738.00    0.1092730987E+00
   1739.00    0.1262066033E+00
   1740.00    0.1439388018E+00
   1741.00    0.1623518327E+00
   1742.00    0.1813768561E+00
   1743.00    0.2009746895E+00
   1744.00    0.2211249186E+00
   1745.00    0.2418195729E+00
   1746.00    0.2630593368E+00
   1747.00    0.2848512178E+00
   1748.00    0.3072070813E+00
   1749.00    0.3301427191E+00
   1750.00    0.3536772565E+00
   1751.00    0.3778327828E+00
   1752.00    0.4026341329E+00
   1753.00    0.4281087761E+00
   1754.00    0.4542867834E+00
   1755.00    0.4812008553E+00
   1756.00    0.5088863986E+00
   1757.00    0.5373816444E+00
   1758.00    0.5667278044E+00
   1759.00    0.5969692620E+00
   1760.00    0.6281537985E+00
   1761.00    0.6603328559E+00
   1762.00    0.6935618367E+00
   1763.00    0.7279004447E+00
   1764.00    0.7634130704E+00
   1765.00    0.8001692264E+00
   1766.00    0.8382440371E+00
   1767.00    0.8777187916E+00
   1768.00    0.9186815674E+00
   1769.00    0.9612279344E+00
   1770.00    0.1005461752E+01
   1771.00    0.1051496073E+01
   1772.00    0.1099454166E+01
   1773.00    0.1149470690E+01
   1774.00    0.1201693023E+01
   1775.00    0.1256282787E+01
   1776.00    0.1313417609E+01
   1777.00    0.1373293128E+01
   1778.00    0.1436125337E+01
   1779.00    0.1502153277E+01
   1780.00    0.1571642191E+01
   1781.00    0.1644887189E+01
   1782.00    0.1722217560E+01
   1783.00    0.1804001842E+01
   1784.00    0.1890653822E+01
   1785.00    0.1982639663E+01
   1786.00    0.2080486417E+01
   1787.00    0.2184792245E+01
   1788.00    0.2296238756E+01
   1789.00    0.2415605981E+01
   1790.00    0.2543790681E+01
   1791.00    0.2681828853E+01
   1792.00    0.2830923612E+01
   1793.00    0.2992479988E+01
   1794.00    0.3168148686E+01
   1795.00    0.3359881619E+01
   1796.00    0.3570002995E+01
   1797.00    0.3801301229E+01
   1798.00    0.4057149005E+01
   1799.00    0.4341661889E+01
   1800.00    0.4659910344E+01
   1801.00    0.5018206744E+01
   1802.00    0.5424499101E+01
   1803.00    0.5888918720E+01
   1804.00    0.6424552743E+01
   1805.00    0.7048548967E+01
   1806.00    0.7783714943E+01
   1807.00    0.8660850647E+01
   1808.00    0.9722144402E+01
   1809.00    0.1102599348E+02
   1810.00    0.1265327042E+02
   1811.00    0.1471315272E+02
   1812.00    0.1733898585E+02
   1813.00    0.2063852818E+02
   1814.00    0.2449635138E+02
   1815.00    0.2810149388E+02
   1816.00    0.2972114656E+02
   1817.00    0.2828989849E+02
   1818.00    0.2495834044E+02
   1819.00    0.2138274304E+02
   1820.00    0.1830892666E+02
   1821.00    0.1584620983E+02
   1822.00    0.1390135335E+02
   1823.00    0.1235578736E+02
   1824.00    0.1111109561E+02
   1825.00    0.1009359490E+02
   1826.00    0.9249606040E+01
   1827.00    0.8540058634E+01
   1828.00    0.7936247251E+01
   1829.00    0.7416799248E+01
   1830.00    0.6965569798E+01
   1831.00    0.6570186549E+01
   1832.00    0.6221036989E+01
   1833.00    0.5910556059E+01
   1834.00    0.5632718501E+01
   1835.00    0.5382672217E+01
   1836.00    0.5156469908E+01
   1837.00    0.4950870126E+01
   1838.00    0.4763187952E+01
   1839.00    0.4591181633E+01
   1840.00    0.4432965573E+01
   1841.00    0.4286942866E+01
   1842.00    0.4151752490E+01
   1843.00    0.4026227588E+01
   1844.00    0.3909362256E+01
   1845.00    0.3800284866E+01
   1846.00    0.3698236508E+01
   1847.00    0.3602553425E+01
   1848.00    0.3512652620E+01
   1849.00    0.3428019992E+01
   1850.00    0.3348200487E+01
   1851.00    0.3272789889E+01
   1852.00    0.3201427939E+01
   1853.00    0.3133792537E+01
   1854.00    0.3069594834E+01
   1855.00    0.3008575063E+01
   1856.00    0.2950498978E+01
   1857.00    0.2895154802E+01
   1858.00    0.2842350602E+01
   1859.00    0.2791912024E+01
   1860.00    0.2743680330E+01
   1861.00    0.2697510691E+01
   1862.00    0.2653270696E+01
   1863.00    0.2610839055E+01
   1864.00    0.2570104456E+01
   1865.00    0.2530964561E+01
   1866.00    0.2493325119E+01
   1867.00    0.2457099186E+01
   1868.00    0.2422206431E+01
   1869.00    0.2388572516E+01
   1870.00    0.2356128554E+01
   1871.00    0.2324810613E+01
   1872.00    0.2294559281E+01
   1873.00    0.2265319274E+01
   1874.00    0.2237039084E+01
   1875.00    0.2209670661E+01
   1876.00    0.2183169127E+01
   1877.00    0.2157492520E+01
   1878.00    0.2132601564E+01
   1879.00    0.2108459448E+01
   1880.00    0.2085031647E+01
   1881.00    0.2062285740E+01
   1882.00    0.2040191253E+01
   1883.00    0.2018719516E+01
   1884.00    0.1997843533E+01
   1885.00    0.1977537859E+01
   1886.00    0.1957778489E+01
   1887.00    0.1938542762E+01
   1888.00    0.1919809263E+01
   1889.00    0.1901557744E+01
   1890.00    0.1883769039E+01
   1891.00    0.1866424998E+01
   1892.00    0.1849508418E+01
   1893.00    0.1833002983E+01
   1894.00    0.1816893205E+01
   1895.00    0.1801164375E+01
   1896.00    0.1785802514E+01
   1897.00    0.1770794327E+01
   1898.00    0.1756127162E+01
   1899.00    0.1741788972E+01
   1900.00    0.1727768279E+01
   1901.00    0.1714054140E+01
   1902.00    0.1700636117E+01
   1903.00    0.1687504248E+01
   1904.00    0.1674649020E+01
   1905.00    0.1662061343E+01
   1906.00    0.1649732529E+01
   1907.00    0.1637654267E+01
   1908.00    0.1625818605E+01
   1909.00    0.1614217929E+01
   1910.00    0.1602844948E+01
   1911.00    0.1591692674E+01
   1912.00    0.1580754406E+01
   1913.00    0.1570023718E+01
   1914.00    0.1559494445E+01
   1915.00    0.1549160668E+01
   1916.00    0.1539016700E+01
   1917.00    0.1529057081E+01
   1918.00    0.1519276559E+01
   1919.00    0.1509670087E+01
   1920.00    0.1500232809E+01
   1921.00    0.1490960052E+01
   1922.00    0.1481847316E+01
   1923.00    0.1472890271E+01
   1924.00    0.1464084741E+01
   1925.00    0.1455426706E+01
   1926.00    0.1446912288E+01
   1927.00    0.1438537747E+01
   1928.00    0.1430299477E+01
   1929.00    0.1422193995E+01
   1930.00    0.1414217942E+01
   1931.00    0.1406368072E+01
   1932.00    0.1398641251E+01
   1933.00    0.1391034450E+01
   1934.00    0.1383544742E+01
   1935.00    0.1376169297E+01
   1936.00    0.1368905378E+01
   1937.00    0.1361750337E+01
   1938.00    0.1354701611E+01
   1939.00    0.1347756720E+01
   1940.00    0.1340913265E+01
   1941.00    0.1334168918E+01
   1942.00    0.1327521428E+01
   1943.00    0.1320968612E+01
   1944.00    0.1314508354E+01
   1945.00    0.1308138604E+01
   1946.00    0.1301857373E+01
   1947.00    0.1295662731E+01
   1948.00    0.1289552808E+01
   1949.00    0.1283525787E+01
   1950.00    0.1277579906E+01
   1951.00    0.1271713453E+01
   1952.00    0.1265924766E+01
   1953.00    0.1260212232E+01
   1954.00    0.1254574283E+01
   1955.00    0.1249009393E+01
   1956.00    0.1243516083E+01
   1957.00    0.1238092913E+01
   1958.00    0.1232738483E+01
   1959.00    0.1227451431E+01
   1960.00    0.1222230432E+01
   1961.00    0.1217074200E+01
   1962.00    0.1211981478E+01
   1963.00    0.1206951048E+01
   1964.00    0.1201981720E+01
   1965.00    0.1197072339E+01
   1966.00    0.1192221777E+01
   1967.00    0.1187428937E+01
   1968.00    0.1182692751E+01
   1969.00    0.1178012175E+01
   1970.00    0.1173386196E+01
   1971.00    0.1168813823E+01
   1972.00    0.1164294092E+01
   1973.00    0.1159826062E+01
   1974.00    0.1155408815E+01
   1975.00    0.1151041457E+01
   1976.00    0.1146723115E+01
   1977.00    0.1142452937E+01
   1978.00    0.1138230091E+01
   1979.00    0.1134053766E+01
   1980.00    0.1129923170E+01
   1981.00    0.1125837531E+01
   1982.00    0.1121796091E+01
   1983.00    0.1117798116E+01
   1984.00    0.1113842882E+01
   1985.00    0.1109929689E+01
   1986.00    0.1106057846E+01
   1987.00    0.1102226683E+01
   1988.00    0.1098435543E+01
   1989.00    0.1094683784E+01
   1990.00    0.1090970778E+01
   1991.00    0.1087295912E+01
   1992.00    0.1083658586E+01
   1993.00    0.1080058213E+01
   1994.00    0.1076494218E+01
   1995.00    0.1072966041E+01
   1996.00    0.1069473132E+01
   1997.00    0.1066014953E+01
   1998.00    0.1062590978E+01
   1999.00    0.1059200692E+01
   2000.00    0.1055843591E+01
   2001.00    0.1052519181E+01
   2002.00    0.1049226980E+01
   2003.00    0.1045966514E+01
   2004.00    0.1042737319E+01
   2005.00    0.1039538942E+01
   2006.00    0.1036370938E+01
   2007.00    0.1033232871E+01
   2008.00    0.1030124314E+01
   2009.00    0.1027044849E+01
   2010.00    0.1023994067E+01
   2011.00    0.1020971564E+01
   2012.00    0.1017976948E+01
   2013.00    0.1015009833E+01
   2014.00    0.1012069839E+01
   2015.00    0.1009156595E+01
   2016.00    0.1006269738E+01
   2017.00    0.1003408910E+01
   2018.00    0.1000573761E+01
   2019.00    0.9977639469E+00
   2020.00    0.9949791315E+00
   2021.00    0.9922189838E+00
   2022.00    0.9894831791E+00
   2023.00    0.9867713989E+00
   2024.00    0.9840833308E+00
   2025.00    0.9814186679E+00
   2026.00    0.9787771091E+00
   2027.00    0.9761583585E+00
   2028.00    0.9735621261E+00
   2029.00    0.9709881266E+00
   2030.00    0.9684360802E+00
   2031.00    0.9659057120E+00
   2032.00    0.9633967520E+00
   2033.00    0.9609089349E+00
   2034.00    0.9584420002E+00
   2035.00    0.9559956920E+00
   2036.00    0.9535697588E+00
   2037.00    0.9511639534E+00
   2038.00    0.9487780330E+00
   2039.00    0.9464117591E+00
   2040.00    0.9440648969E+00
   2041.00    0.9417372161E+00
   2042.00    0.9394284899E+00
   2043.00    0.9371384955E+00
   2044.00    0.9348670140E+00
   2045.00    0.9326138299E+00
   2046.00    0.9303787314E+00
   2047.00    0.9281615104E+00
   2048.00    0.9259619618E+00
   2049.00    0.9237798844E+00
   2050.00    0.9216150800E+00
   2051.00    0.9194673536E+00
   2052.00    0.9173365134E+00
   2053.00    0.9152223709E+00
   2054.00    0.9131247405E+00
   2055.00    0.9110434393E+00
   2056.00    0.9089782879E+00
   2057.00    0.9069291091E+00
   2058.00    0.9048957291E+00
   2059.00    0.9028779764E+00
   2060.00    0.9008756824E+00
   2061.00    0.8988886812E+00
   2062.00    0.8969168091E+00
   2063.00    0.8949599054E+00
   2064.00    0.8930178117E+00
   2065.00    0.8910903718E+00
   2066.00    0.8891774323E+00
   2067.00    0.8872788419E+00
   2068.00    0.8853944515E+00
   2069.00    0.8835241146E+00
   2070.00    0.8816676864E+00
   2071.00    0.8798250248E+00
   2072.00    0.8779959894E+00
   2073.00    0.8761804422E+00
   2074.00    0.8743782470E+00
   2075.00    0.8725892697E+00
   2076.00    0.8708133782E+00
   2077.00    0.8690504423E+00
   2078.00    0.8673003337E+00
   2079.00    0.8655629260E+00
   2080.00    0.8638380946E+00
   2081.00    0.8621257166E+00
   2082.00    0.8604256710E+00
   2083.00    0.8587378384E+00
   2084.00    0.8570621014E+00
   2085.00    0.8553983437E+00
   2086.00    0.8537464513E+00
   2087.00    0.8521063113E+00
   2088.00    0.8504778126E+00
   2089.00    0.8488608456E+00
   2090.00    0.8472553023E+00
   2091.00    0.8456610761E+00
   2092.00    0.8440780619E+00
   2093.00    0.8425061561E+00
   2094.00    0.8409452565E+00
   2095.00    0.8393952622E+00
   2096.00    0.8378560738E+00
   2097.00    0.8363275932E+00
   2098.00    0.8348097235E+00
   2099.00    0.8333023694E+00
   2100.00    0.8318054366E+00
   2101.00    0.8303188323E+00
   2102.00    0.8288424646E+00
   2103.00    0.8273762431E+00
   2104.00    0.8259200786E+00
   2105.00    0.8244738829E+00
   2106.00    0.8230375691E+00
   2107.00    0.8216110514E+00
   2108.00    0.8201942451E+00
   2109.00    0.8187870666E+00
   2110.00    0.8173894334E+00
   2111.00    0.8160012641E+00
   2112.00    0.8146224783E+00
   2113.00    0.8132529965E+00
   2114.00    0.8118927406E+00
   2115.00    0.8105416331E+00
   2116.00    0.8091995977E+00
   2117.00    0.8078665590E+00
   2118.00    0.8065424426E+00
   2119.00    0.8052271749E+00
   2120.00    0.8039206833E+00
   2121.00    0.8026228963E+00
   2122.00    0.8013337430E+00
   2123.00    0.8000531535E+00
   2124.00    0.7987810589E+00
   2125.00    0.7975173908E+00
   2126.00    0.7962620820E+00
   2127.00    0.7950150660E+00
   2128.00    0.7937762770E+00
   2129.00    0.7925456502E+00
   2130.00    0.7913231215E+00
   2131.00    0.7901086275E+00
   2132.00    0.7889021056E+00
   2133.00    0.7877034942E+00
   2134.00    0.7865127320E+00
   2135.00    0.7853297588E+00
   2136.00    0.7841545149E+00
   2137.00    0.7829869415E+00
   2138.00    0.7818269803E+00
   2139.00    0.7806745739E+00
   2140.00    0.7795296653E+00
   2141.00    0.7783921985E+00
   2142.00    0.7772621180E+00
   2143.00    0.7761393688E+00
   2144.00    0.7750238968E+00
   2145.00    0.7739156484E+00
   2146.00    0.7728145707E+00
   2147.00    0.7717206113E+00
   2148.00    0.7706337185E+00
   2149.00    0.7695538410E+00
   2150.00    0.7684809285E+00
   2151.00    0.7674149309E+00
   2152.00    0.7663557988E+00
   2153.00    0.7653034834E+00
   2154.00    0.7642579364E+00
   2155.00    0.7632191101E+00
   2156.00    0.7621869572E+00
   2157.00    0.7611614312E+00
   2158.00    0.7601424859E+00
   2159.00    0.7591300757E+00
   2160.00    0.7581241555E+00
   2161.00    0.7571246807E+00
   2162.00    0.7561316071E+00
   2163.00    0.7551448913E+00
   2164.00    0.7541644900E+00
   2165.00    0.7531903607E+00
   2166.00    0.7522224611E+00
   2167.00    0.7512607496E+00
   2168.00    0.7503051849E+00
   2169.00    0.7493557262E+00
   2170.00    0.7484123331E+00
   2171.00    0.7474749659E+00
   2172.00    0.7465435849E+00
   2173.00    0.7456181511E+00
   2174.00    0.7446986260E+00
   2175.00    0.7437849714E+00
   2176.00    0.7428771494E+00
   2177.00    0.7419751227E+00
   2178.00    0.7410788543E+00
   2179.00    0.7401883076E+00
   2180.00    0.7393034465E+00
   2181.00    0.7384242351E+00
   2182.00    0.7375506381E+00
   2183.00    0.7366826204E+00
   2184.00    0.7358201473E+00
   2185.00    0.7349631846E+00
   2186.00    0.7341116983E+00
   2187.00    0.7332656549E+00
   2188.00    0.7324250211E+00
   2189.00    0.7315897641E+00
   2190.00    0.7307598514E+00
   2191.00    0.7299352507E+00
   2192.00    0.7291159303E+00
   2193.00    0.7283018587E+00
   2194.00    0.7274930046E+00
   2195.00    0.7266893372E+00
   2196.00    0.7258908261E+00
   2197.00    0.7250974409E+00
   2198.00    0.7243091518E+00
   2199.00    0.7235259291E+00
   2200.00    0.7227477438E+00
   2201.00    0.7219745666E+00
   2202.00    0.7212063690E+00
   2203.00    0.7204431227E+00
   2204.00    0.7196847994E+00
   2205.00    0.7189313714E+00
   2206.00    0.7181828112E+00
   2207.00    0.7174390915E+00
   2208.00    0.7167001855E+00
   2209.00    0.7159660664E+00
   2210.00    0.7152367078E+00
   2211.00    0.7145120836E+00
   2212.00    0.7137921679E+00
   2213.00    0.7130769351E+00
   2214.00    0.7123663599E+00
   2215.00    0.7116604171E+00
   2216.00    0.7109590821E+00
   2217.00    0.7102623301E+00
   2218.00    0.7095701368E+00
   2219.00    0.7088824782E+00
   2220.00    0.7081993304E+00
   2221.00    0.7075206698E+00
   2222.00    0.7068464730E+00
   2223.00    0.7061767170E+00
   2224.00    0.7055113788E+00
   2225.00    0.7048504358E+00
   2226.00    0.7041938655E+00
   2227.00    0.7035416457E+00
   2228.00    0.7028937545E+00
   2229.00    0.7022501700E+00
   2230.00    0.7016108707E+00
   2231.00    0.7009758354E+00
   2232.00    0.7003450427E+00
   2233.00    0.6997184720E+00
   2234.00    0.6990961024E+00
   2235.00    0.6984779135E+00
   2236.00    0.6978638849E+00
   2237.00    0.6972539967E+00
   2238.00    0.6966482288E+00
   2239.00    0.6960465618E+00
   2240.00    0.6954489759E+00
   2241.00    0.6948554520E+00
   2242.00    0.6942659710E+00
   2243.00    0.6936805139E+00
   2244.00    0.6930990620E+00
   2245.00    0.6925215968E+00
   2246.00    0.6919481000E+00
   2247.00    0.6913785533E+00
   2248.00    0.6908129388E+00
   2249.00    0.6902512387E+00
   2250.00    0.6896934354E+00
   2251.00    0.6891395113E+00
   2252.00    0.6885894493E+00
   2253.00    0.6880432322E+00
   2254.00    0.6875008430E+00
   2255.00    0.6869622651E+00
   2256.00    0.6864274818E+00
   2257.00    0.6858964767E+00
   2258.00    0.6853692335E+00
   2259.00    0.6848457362E+00
   2260.00    0.6843259687E+00
   2261.00    0.6838099152E+00
   2262.00    0.6832975603E+00
   2263.00    0.6827888883E+00
   2264.00    0.6822838840E+00
   2265.00    0.6817825323E+00
   2266.00    0.6812848180E+00
   2267.00    0.6807907264E+00
   2268.00    0.6803002428E+00
   2269.00    0.6798133525E+00
   2270.00    0.6793300413E+00
   2271.00    0.6788502947E+00
   2272.00    0.6783740987E+00
   2273.00    0.6779014394E+00
   2274.00    0.6774323028E+00
   2275.00    0.6769666753E+00
   2276.00    0.6765045433E+00
   2277.00    0.6760458934E+00
   2278.00    0.6755907124E+00
   2279.00    0.6751389870E+00
   2280.00    0.6746907043E+00
   2281.00    0.6742458514E+00
   2282.00    0.6738044155E+00
   2283.00    0.6733663841E+00
   2284.00    0.6729317446E+00
   2285.00    0.6725004846E+00
   2286.00    0.6720725921E+00
   2287.00    0.6716480548E+00
   2288.00    0.6712268607E+00
   2289.00    0.6708089981E+00
   2290.00    0.6703944552E+00
   2291.00    0.6699832204E+00
   2292.00    0.6695752822E+00
   2293.00    0.6691706292E+00
   2294.00    0.6687692503E+00
   2295.00    0.6683711342E+00
   2296.00    0.6679762700E+00
   2297.00    0.6675846468E+00
   2298.00    0.6671962538E+00
   2299.00    0.6668110804E+00
   2300.00    0.6664291160E+00
   2301.00    0.6660503501E+00
   2302.00    0.6656747725E+00
   2303.00    0.6653023730E+00
   2304.00    0.6649331414E+00
   2305.00    0.6645670678E+00
   2306.00    0.6642041423E+00
   2307.00    0.6638443550E+00
   2308.00    0.6634876965E+00
   2309.00    0.6631341571E+00
   2310.00    0.6627837273E+00
   2311.00    0.6624363978E+00
   2312.00    0.6620921594E+00
   2313.00    0.6617510029E+00
   2314.00    0.6614129194E+00
   2315.00    0.6610778998E+00
   2316.00    0.6607459353E+00
   2317.00    0.6604170173E+00
   2318.00    0.6600911371E+00
   2319.00    0.6597682861E+00
   2320.00    0.6594484559E+00
   2321.00    0.6591316382E+00
   2322.00    0.6588178248E+00
   2323.00    0.6585070075E+00
   2324.00    0.6581991783E+00
   2325.00    0.6578943292E+00
   2326.00    0.6575924524E+00
   2327.00    0.6572935401E+00
   2328.00    0.6569975847E+00
   2329.00    0.6567045785E+00
   2330.00    0.6564145142E+00
   2331.00    0.6561273843E+00
   2332.00    0.6558431815E+00
   2333.00    0.6555618986E+00
   2334.00    0.6552835285E+00
   2335.00    0.6550080642E+00
   2336.00    0.6547354988E+00
   2337.00    0.6544658253E+00
   2338.00    0.6541990371E+00
   2339.00    0.6539351275E+00
   2340.00    0.6536740899E+00
   2341.00    0.6534159177E+00
   2342.00    0.6531606046E+00
   2343.00    0.6529081443E+00
   2344.00    0.6526585305E+00
   2345.00    0.6524117570E+00
   2346.00    0.6521678178E+00
   2347.00    0.6519267069E+00
   2348.00    0.6516884184E+00
   2349.00    0.6514529465E+00
   2350.00    0.6512202854E+00
   2351.00    0.6509904295E+00
   2352.00    0.6507633731E+00
   2353.00    0.6505391109E+00
   2354.00    0.6503176374E+00
   2355.00    0.6500989472E+00
   2356.00    0.6498830351E+00
   2357.00    0.6496698959E+00
   2358.00    0.6494595246E+00
   2359.00    0.6492519161E+00
   2360.00    0.6490470655E+00
   2361.00    0.6488449679E+00
   2362.00    0.6486456185E+00
   2363.00    0.6484490127E+00
   2364.00    0.6482551458E+00
   2365.00    0.6480640132E+00
   2366.00    0.6478756105E+00
   2367.00    0.6476899334E+00
   2368.00    0.6475069774E+00
   2369.00    0.6473267383E+00
   2370.00    0.6471492120E+00
   2371.00    0.6469743943E+00
   2372.00    0.6468022813E+00
   2373.00    0.6466328690E+00
   2374.00    0.6464661535E+00
   2375.00    0.6463021310E+00
   2376.00    0.6461407978E+00
   2377.00    0.6459821502E+00
   2378.00    0.6458261848E+00
   2379.00    0.6456728978E+00
   2380.00    0.6455222860E+00
   2381.00    0.6453743460E+00
   2382.00    0.6452290744E+00
   2383.00    0.6450864681E+00
   2384.00    0.6449465240E+00
   2385.00    0.6448092388E+00
   2386.00    0.6446746097E+00
   2387.00    0.6445426336E+00
   2388.00    0.6444133079E+00
   2389.00    0.6442866295E+00
   2390.00    0.6441625959E+00
   2391.00    0.6440412044E+00
   2392.00    0.6439224523E+00
   2393.00    0.6438063373E+00
   2394.00    0.6436928567E+00
   2395.00    0.6435820084E+00
   2396.00    0.6434737899E+00
   2397.00    0.6433681990E+00
   2398.00    0.6432652336E+00
   2399.00    0.6431648916E+00
   2400.00    0.6430671709E+00
   2401.00    0.6429720696E+00
   2402.00    0.6428795858E+00
   2403.00    0.6427897177E+00
   2404.00    0.6427024634E+00
   2405.00    0.6426178214E+00
   2406.00    0.6425357900E+00
   2407.00    0.6424563677E+00
   2408.00    0.6423795530E+00
   2409.00    0.6423053444E+00
   2410.00    0.6422337406E+00
   2411.00    0.6421647403E+00
   2412.00    0.6420983424E+00
   2413.00    0.6420345456E+00
   2414.00    0.6419733489E+00
   2415.00    0.6419147513E+00
   2416.00    0.6418587519E+00
   2417.00    0.6418053497E+00
   2418.00    0.6417545439E+00
   2419.00    0.6417063339E+00
   2420.00    0.6416607188E+00
   2421.00    0.6416176982E+00
   2422.00    0.6415772714E+00
   2423.00    0.6415394381E+00
   2424.00    0.6415041977E+00
   2425.00    0.6414715499E+00
   2426.00    0.6414414945E+00
   2427.00    0.6414140312E+00
   2428.00    0.6413891599E+00
   2429.00    0.6413668806E+00
   2430.00    0.6413471931E+00
   2431.00    0.6413300976E+00
   2432.00    0.6413155942E+00
   2433.00    0.6413036831E+00
   2434.00    0.6412943644E+00
   2435.00    0.6412876386E+00
   2436.00    0.6412835061E+00
   2437.00    0.6412819672E+00
   2438.00    0.6412830225E+00
   2439.00    0.6412866726E+00
   2440.00    0.6412929181E+00
   2441.00    0.6413017598E+00
   2442.00    0.6413131985E+00
   2443.00    0.6413272349E+00
   2444.00    0.6413438701E+00
   2445.00    0.6413631049E+00
   2446.00    0.6413849405E+00
   2447.00    0.6414093780E+00
   2448.00    0.6414364186E+00
   2449.00    0.6414660635E+00
   2450.00    0.6414983140E+00
   2451.00    0.6415331716E+00
   2452.00    0.6415706376E+00
   2453.00    0.6416107137E+00
   2454.00    0.6416534014E+00
   2455.00    0.6416987023E+00
   2456.00    0.6417466183E+00
   2457.00    0.6417971510E+00
   2458.00    0.6418503025E+00
   2459.00    0.6419060745E+00
   2460.00    0.6419644691E+00
   2461.00    0.6420254884E+00
   2462.00    0.6420891344E+00
   2463.00    0.6421554095E+00
   2464.00    0.6422243159E+00
   2465.00    0.6422958559E+00
   2466.00    0.6423700320E+00
   2467.00    0.6424468466E+00
   2468.00    0.6425263022E+00
   2469.00    0.6426084016E+00
   2470.00    0.6426931474E+00
   2471.00    0.6427805424E+00
   2472.00    0.6428705893E+00
   2473.00    0.6429632912E+00
   2474.00    0.6430586510E+00
   2475.00    0.6431566716E+00
   2476.00    0.6432573564E+00
   2477.00    0.6433607083E+00
   2478.00    0.6434667308E+00
   2479.00    0.6435754271E+00
   2480.00    0.6436868006E+00
   2481.00    0.6438008548E+00
   2482.00    0.6439175933E+00
   2483.00    0.6440370196E+00
   2484.00    0.6441591376E+00
   2485.00    0.6442839508E+00
   2486.00    0.6444114633E+00
   2487.00    0.6445416788E+00
   2488.00    0.6446746015E+00
   2489.00    0.6448102353E+00
   2490.00    0.6449485844E+00
   2491.00    0.6450896530E+00
   2492.00    0.6452334453E+00
   2493.00    0.6453799659E+00
   2494.00    0.6455292190E+00
   2495.00    0.6456812093E+00
   2496.00    0.6458359412E+00
   2497.00    0.6459934195E+00
   2498.00    0.6461536490E+00
   2499.00    0.6463166344E+00
   2500.00    0.6464823806E+00
   2501.00    0.6466508926E+00
   2502.00    0.6468221756E+00
   2503.00    0.6469962345E+00
   2504.00    0.6471730747E+00
   2505.00    0.6473527014E+00
   2506.00    0.6475351201E+00
   2507.00    0.6477203361E+00
   2508.00    0.6479083549E+00
   2509.00    0.6480991823E+00
   2510.00    0.6482928239E+00
   2511.00    0.6484892855E+00
   2512.00    0.6486885730E+00
   2513.00    0.6488906922E+00
   2514.00    0.6490956493E+00
   2515.00    0.6493034504E+00
   2516.00    0.6495141015E+00
   2517.00    0.6497276091E+00
   2518.00    0.6499439795E+00
   2519.00    0.6501632191E+00
   2520.00    0.6503853345E+00
   2521.00    0.6506103323E+00
   2522.00    0.6508382192E+00
   2523.00    0.6510690019E+00
   2524.00    0.6513026875E+00
   2525.00    0.6515392829E+00
   2526.00    0.6517787950E+00
   2527.00    0.6520212312E+00
   2528.00    0.6522665985E+00
   2529.00    0.6525149044E+00
   2530.00    0.6527661563E+00
   2531.00    0.6530203617E+00
   2532.00    0.6532775281E+00
   2533.00    0.6535376634E+00
   2534.00    0.6538007752E+00
   2535.00    0.6540668715E+00
   2536.00    0.6543359602E+00
   2537.00    0.6546080494E+00
   2538.00    0.6548831474E+00
   2539.00    0.6551612623E+00
   2540.00    0.6554424025E+00
   2541.00    0.6557265765E+00
   2542.00    0.6560137928E+00
   2543.00    0.6563040601E+00
   2544.00    0.6565973872E+00
   2545.00    0.6568937829E+00
   2546.00    0.6571932561E+00
   2547.00    0.6574958160E+00
   2548.00    0.6578014716E+00
   2549.00    0.6581102323E+00
   2550.00    0.6584221074E+00
   2551.00    0.6587371064E+00
   2552.00    0.6590552388E+00
   2553.00    0.6593765143E+00
   2554.00    0.6597009428E+00
   2555.00    0.6600285341E+00
   2556.00    0.6603592983E+00
   2557.00    0.6606932453E+00
   2558.00    0.6610303855E+00
   2559.00    0.6613707292E+00
   2560.00    0.6617142868E+00
   2561.00    0.6620610689E+00
   2562.00    0.6624110862E+00
   2563.00    0.6627643493E+00
   2564.00    0.6631208693E+00
   2565.00    0.6634806571E+00
   2566.00    0.6638437239E+00
   2567.00    0.6642100808E+00
   2568.00    0.6645797393E+00
   2569.00    0.6649527109E+00
   2570.00    0.6653290071E+00
   2571.00    0.6657086396E+00
   2572.00    0.6660916203E+00
   2573.00    0.6664779612E+00
   2574.00    0.6668676744E+00
   2575.00    0.6672607720E+00
   2576.00    0.6676572664E+00
   2577.00    0.6680571701E+00
   2578.00    0.6684604957E+00
   2579.00    0.6688672558E+00
   2580.00    0.6692774633E+00
   2581.00    0.6696911313E+00
   2582.00    0.6701082728E+00
   2583.00    0.6705289011E+00
   2584.00    0.6709530295E+00
   2585.00    0.6713806716E+00
   2586.00    0.6718118410E+00
   2587.00    0.6722465516E+00
   2588.00    0.6726848171E+00
   2589.00    0.6731266518E+00
   2590.00    0.6735720698E+00
   2591.00    0.6740210855E+00
   2592.00    0.6744737133E+00
   2593.00    0.6749299680E+00
   2594.00    0.6753898642E+00
   2595.00    0.6758534169E+00
   2596.00    0.6763206413E+00
   2597.00    0.6767915525E+00
   2598.00    0.6772661659E+00
   2599.00    0.6777444971E+00
   2600.00    0.6782265617E+00
   2601.00    0.6787123755E+00
   2602.00    0.6792019547E+00
   2603.00    0.6796953153E+00
   2604.00    0.6801924737E+00
   2605.00    0.6806934463E+00
   2606.00    0.6811982498E+00
   2607.00    0.6817069010E+00
   2608.00    0.6822194169E+00
   2609.00    0.6827358145E+00
   2610.00    0.6832561113E+00
   2611.00    0.6837803246E+00
   2612.00    0.6843084722E+00
   2613.00    0.6848405718E+00
   2614.00    0.6853766415E+00
   2615.00    0.6859166994E+00
   2616.00    0.6864607638E+00
   2617.00    0.6870088534E+00
   2618.00    0.6875609868E+00
   2619.00    0.6881171829E+00
   2620.00    0.6886774608E+00
   2621.00    0.6892418398E+00
   2622.00    0.6898103392E+00
   2623.00    0.6903829789E+00
   2624.00    0.6909597786E+00
   2625.00    0.6915407583E+00
   2626.00    0.6921259383E+00
   2627.00    0.6927153390E+00
   2628.00    0.6933089810E+00
   2629.00    0.6939068852E+00
   2630.00    0.6945090726E+00
   2631.00    0.6951155645E+00
   2632.00    0.6957263823E+00
   2633.00    0.6963415476E+00
   2634.00    0.6969610824E+00
   2635.00    0.6975850087E+00
   2636.00    0.6982133488E+00
   2637.00    0.6988461253E+00
   2638.00    0.6994833609E+00
   2639.00    0.7001250785E+00
   2640.00    0.7007713015E+00
   2641.00    0.7014220531E+00
   2642.00    0.7020773571E+00
   2643.00    0.7027372373E+00
   2644.00    0.7034017179E+00
   2645.00    0.7040708232E+00
   2646.00    0.7047445779E+00
   2647.00    0.7054230067E+00
   2648.00    0.7061061348E+00
   2649.00    0.7067939875E+00
   2650.00    0.7074865904E+00
   2651.00    0.7081839694E+00
   2652.00    0.7088861505E+00
   2653.00    0.7095931601E+00
   2654.00    0.7103050248E+00
   2655.00    0.7110217716E+00
   2656.00    0.7117434275E+00
   2657.00    0.7124700200E+00
   2658.00    0.7132015769E+00
   2659.00    0.7139381260E+00
   2660.00    0.7146796956E+00
   2661.00    0.7154263143E+00
   2662.00    0.7161780109E+00
   2663.00    0.7169348144E+00
   2664.00    0.7176967544E+00
   2665.00    0.7184638605E+00
   2666.00    0.7192361628E+00
   2667.00    0.7200136914E+00
   2668.00    0.7207964770E+00
   2669.00    0.7215845506E+00
   2670.00    0.7223779434E+00
   2671.00    0.7231766868E+00
   2672.00    0.7239808128E+00
   2673.00    0.7247903536E+00
   2674.00    0.7256053417E+00
   2675.00    0.7264258099E+00
   2676.00    0.7272517914E+00
   2677.00    0.7280833198E+00
   2678.00    0.7289204288E+00
   2679.00    0.7297631527E+00
   2680.00    0.7306115261E+00
   2681.00    0.7314655839E+00
   2682.00    0.7323253613E+00
   2683.00    0.7331908940E+00
   2684.00    0.7340622180E+00
   2685.00    0.7349393697E+00
   2686.00    0.7358223858E+00
   2687.00    0.7367113035E+00
   2688.00    0.7376061602E+00
   2689.00    0.7385069940E+00
   2690.00    0.7394138430E+00
   2691.00    0.7403267460E+00
   2692.00    0.7412457421E+00
   2693.00    0.7421708709E+00
   2694.00    0.7431021722E+00
   2695.00    0.7440396864E+00
   2696.00    0.7449834543E+00
   2697.00    0.7459335171E+00
   2698.00    0.7468899164E+00
   2699.00    0.7478526943E+00
   2700.00    0.7488218934E+00
   2701.00    0.7497975566E+00
   2702.00    0.7507797273E+00
   2703.00    0.7517684496E+00
   2704.00    0.7527637676E+00
   2705.00    0.7537657263E+00
   2706.00    0.7547743710E+00
   2707.00    0.7557897476E+00
   2708.00    0.7568119022E+00
   2709.00    0.7578408818E+00
   2710.00    0.7588767336E+00
   2711.00    0.7599195054E+00
   2712.00    0.7609692456E+00
   2713.00    0.7620260031E+00
   2714.00    0.7630898273E+00
   2715.00    0.7641607680E+00
   2716.00    0.7652388759E+00
   2717.00    0.7663242019E+00
   2718.00    0.7674167975E+00
   2719.00    0.7685167151E+00
   2720.00    0.7696240073E+00
   2721.00    0.7707387275E+00
   2722.00    0.7718609296E+00
   2723.00    0.7729906681E+00
   2724.00    0.7741279981E+00
   2725.00    0.7752729754E+00
   2726.00    0.7764256563E+00
   2727.00    0.7775860978E+00
   2728.00    0.7787543577E+00
   2729.00    0.7799304940E+00
   2730.00    0.7811145659E+00
   2731.00    0.7823066329E+00
   2732.00    0.7835067553E+00
   2733.00    0.7847149941E+00
   2734.00    0.7859314109E+00
   2735.00    0.7871560681E+00
   2736.00    0.7883890289E+00
   2737.00    0.7896303569E+00
   2738.00    0.7908801169E+00
   2739.00    0.7921383740E+00
   2740.00    0.7934051943E+00
   2741.00    0.7946806446E+00
   2742.00    0.7959647925E+00
   2743.00    0.7972577064E+00
   2744.00    0.7985594555E+00
   2745.00    0.7998701098E+00
   2746.00    0.8011897400E+00
   2747.00    0.8025184178E+00
   2748.00    0.8038562158E+00
   2749.00    0.8052032071E+00
   2750.00    0.8065594662E+00
   2751.00    0.8079250680E+00
   2752.00    0.8093000886E+00
   2753.00    0.8106846049E+00
   2754.00    0.8120786947E+00
   2755.00    0.8134824368E+00
   2756.00    0.8148959109E+00
   2757.00    0.8163191976E+00
   2758.00    0.8177523787E+00
   2759.00    0.8191955368E+00
   2760.00    0.8206487556E+00
   2761.00    0.8221121197E+00
   2762.00    0.8235857149E+00
   2763.00    0.8250696279E+00
   2764.00    0.8265639467E+00
   2765.00    0.8280687600E+00
   2766.00    0.8295841581E+00
   2767.00    0.8311102320E+00
   2768.00    0.8326470741E+00
   2769.00    0.8341947777E+00
   2770.00    0.8357534376E+00
   2771.00    0.8373231495E+00
   2772.00    0.8389040105E+00
   2773.00    0.8404961188E+00
   2774.00    0.8420995740E+00
   2775.00    0.8437144768E+00
   2776.00    0.8453409292E+00
   2777.00    0.8469790347E+00
   2778.00    0.8486288980E+00
   2779.00    0.8502906251E+00
   2780.00    0.8519643234E+00
   2781.00    0.8536501017E+00
   2782.00    0.8553480703E+00
   2783.00    0.8570583409E+00
   2784.00    0.8587810265E+00
   2785.00    0.8605162419E+00
   2786.00    0.8622641031E+00
   2787.00    0.8640247278E+00
   2788.00    0.8657982353E+00
   2789.00    0.8675847464E+00
   2790.00    0.8693843834E+00
   2791.00    0.8711972706E+00
   2792.00    0.8730235335E+00
   2793.00    0.8748632997E+00
   2794.00    0.8767166984E+00
   2795.00    0.8785838604E+00
   2796.00    0.8804649184E+00
   2797.00    0.8823600070E+00
   2798.00    0.8842692624E+00
   2799.00    0.8861928231E+00
   2800.00    0.8881308290E+00
   2801.00    0.8900834223E+00
   2802.00    0.8920507470E+00
   2803.00    0.8940329492E+00
   2804.00    0.8960301770E+00
   2805.00    0.8980425806E+00
   2806.00    0.9000703124E+00
   2807.00    0.9021135267E+00
   2808.00    0.9041723803E+00
   2809.00    0.9062470320E+00
   2810.00    0.9083376430E+00
   2811.00    0.9104443767E+00
   2812.00    0.9125673991E+00
   2813.00    0.9147068782E+00
   2814.00    0.9168629849E+00
   2815.00    0.9190358921E+00
   2816.00    0.9212257757E+00
   2817.00    0.9234328138E+00
   2818.00    0.9256571874E+00
   2819.00    0.9278990799E+00
   2820.00    0.9301586777E+00
   2821.00    0.9324361698E+00
   2822.00    0.9347317481E+00
   2823.00    0.9370456073E+00
   2824.00    0.9393779450E+00
   2825.00    0.9417289620E+00
   2826.00    0.9440988620E+00
   2827.00    0.9464878517E+00
   2828.00    0.9488961412E+00
   2829.00    0.9513239435E+00
   2830.00    0.9537714753E+00
   2831.00    0.9562389563E+00
   2832.00    0.9587266098E+00
   2833.00    0.9612346624E+00
   2834.00    0.9637633445E+00
   2835.00    0.9663128900E+00
   2836.00    0.9688835363E+00
   2837.00    0.9714755249E+00
   2838.00    0.9740891009E+00
   2839.00    0.9767245135E+00
   2840.00    0.9793820156E+00
   2841.00    0.9820618646E+00
   2842.00    0.9847643216E+00
   2843.00    0.9874896523E+00
   2844.00    0.9902381265E+00
   2845.00    0.9930100187E+00
   2846.00    0.9958056075E+00
   2847.00    0.9986251765E+00
   2848.00    0.1001469014E+01
   2849.00    0.1004337412E+01
   2850.00    0.1007230670E+01
   2851.00    0.1010149089E+01
   2852.00    0.1013092978E+01
   2853.00    0.1016062650E+01
   2854.00    0.1019058424E+01
   2855.00    0.1022080623E+01
   2856.00    0.1025129577E+01
   2857.00    0.1028205621E+01
   2858.00    0.1031309096E+01
   2859.00    0.1034440349E+01
   2860.00    0.1037599733E+01
   2861.00    0.1040787607E+01
   2862.00    0.1044004338E+01
   2863.00    0.1047250295E+01
   2864.00    0.1050525860E+01
   2865.00    0.1053831416E+01
   2866.00    0.1057167357E+01
   2867.00    0.1060534081E+01
   2868.00    0.1063931995E+01
   2869.00    0.1067361514E+01
   2870.00    0.1070823059E+01
   2871.00    0.1074317060E+01
   2872.00    0.1077843954E+01
   2873.00    0.1081404186E+01
   2874.00    0.1084998211E+01
   2875.00    0.1088626490E+01
   2876.00    0.1092289495E+01
   2877.00    0.1095987707E+01
   2878.00    0.1099721613E+01
   2879.00    0.1103491714E+01
   2880.00    0.1107298516E+01
   2881.00    0.1111142538E+01
   2882.00    0.1115024308E+01
   2883.00    0.1118944364E+01
   2884.00    0.1122903256E+01
   2885.00    0.1126901543E+01
   2886.00    0.1130939796E+01
   2887.00    0.1135018598E+01
   2888.00    0.1139138542E+01
   2889.00    0.1143300234E+01
   2890.00    0.1147504294E+01
   2891.00    0.1151751351E+01
   2892.00    0.1156042051E+01
   2893.00    0.1160377049E+01
   2894.00    0.1164757017E+01
   2895.00    0.1169182639E+01
   2896.00    0.1173654615E+01
   2897.00    0.1178173658E+01
   2898.00    0.1182740498E+01
   2899.00    0.1187355880E+01
   2900.00    0.1192020563E+01
   2901.00    0.1196735325E+01
   2902.00    0.1201500960E+01
   2903.00    0.1206318279E+01
   2904.00    0.1211188110E+01
   2905.00    0.1216111302E+01
   2906.00    0.1221088721E+01
   2907.00    0.1226121251E+01
   2908.00    0.1231209799E+01
   2909.00    0.1236355291E+01
   2910.00    0.1241558674E+01
   2911.00    0.1246820916E+01
   2912.00    0.1252143009E+01
   2913.00    0.1257525967E+01
   2914.00    0.1262970828E+01
   2915.00    0.1268478654E+01
   2916.00    0.1274050533E+01
   2917.00    0.1279687578E+01
   2918.00    0.1285390930E+01
   2919.00    0.1291161755E+01
   2920.00    0.1297001251E+01
   2921.00    0.1302910641E+01
   2922.00    0.1308891183E+01
   2923.00    0.1314944162E+01
   2924.00    0.1321070897E+01
   2925.00    0.1327272741E+01
   2926.00    0.1333551080E+01
   2927.00    0.1339907335E+01
   2928.00    0.1346342964E+01
   2929.00    0.1352859465E+01
   2930.00    0.1359458371E+01
   2931.00    0.1366141259E+01
   2932.00    0.1372909744E+01
   2933.00    0.1379765489E+01
   2934.00    0.1386710198E+01
   2935.00    0.1393745621E+01
   2936.00    0.1400873559E+01
   2937.00    0.1408095859E+01
   2938.00    0.1415414422E+01
   2939.00    0.1422831201E+01
   2940.00    0.1430348204E+01
   2941.00    0.1437967496E+01
   2942.00    0.1445691202E+01
   2943.00    0.1453521508E+01
   2944.00    0.1461460664E+01
   2945.00    0.1469510986E+01
   2946.00    0.1477674860E+01
   2947.00    0.1485954741E+01
   2948.00    0.1494353160E+01
   2949.00    0.1502872726E+01
   2950.00    0.1511516127E+01
   2951.00    0.1520286135E+01
   2952.00    0.1529185609E+01
   2953.00    0.1538217498E+01
   2954.00    0.1547384848E+01
   2955.00    0.1556690800E+01
   2956.00    0.1566138599E+01
   2957.00    0.1575731600E+01
   2958.00    0.1585473265E+01
   2959.00    0.1595367177E+01
   2960.00    0.1605417038E+01
   2961.00    0.1615626681E+01
   2962.00    0.1626000069E+01
   2963.00    0.1636541307E+01
   2964.00    0.1647254646E+01
   2965.00    0.1658144491E+01
   2966.00    0.1669215407E+01
   2967.00    0.1680472130E+01
   2968.00    0.1691919570E+01
   2969.00    0.1703562828E+01
   2970.00    0.1715407197E+01
   2971.00    0.1727458178E+01
   2972.00    0.1739721491E+01
   2973.00    0.1752203084E+01
   2974.00    0.1764909147E+01
   2975.00    0.1777846126E+01
   2976.00    0.1791020737E+01
   2977.00    0.1804439981E+01
   2978.00    0.1818111164E+01
   2979.00    0.1832041911E+01
   2980.00    0.1846240190E+01
   2981.00    0.1860714331E+01
   2982.00    0.1875473048E+01
   2983.00    0.1890525468E+01
   2984.00    0.1905881156E+01
   2985.00    0.1921550146E+01
   2986.00    0.1937542971E+01
   2987.00    0.1953870705E+01
   2988.00    0.1970544996E+01
   2989.00    0.1987578114E+01
   2990.00    0.2004982996E+01
   2991.00    0.2022773301E+01
   2992.00    0.2040963468E+01
   2993.00    0.2059568779E+01
   2994.00    0.2078605437E+01
   2995.00    0.2098090641E+01
   2996.00    0.2118042682E+01
   2997.00    0.2138481044E+01
   2998.00    0.2159426519E+01
   2999.00    0.2180901337E+01
   3000.00    0.2202929320E+01
   3001.00    0.2225536046E+01
   3002.00    0.2248749046E+01
   3003.00    0.2272598031E+01
   3004.00    0.2297115145E+01
   3005.00    0.2322335271E+01
   3006.00    0.2348296379E+01
   3007.00    0.2375039936E+01
   3008.00    0.2402611389E+01
   3009.00    0.2431060743E+01
   3010.00    0.2460443236E+01
   3011.00    0.2490820162E+01
   3012.00    0.2522259855E+01
   3013.00    0.2554838882E+01
   3014.00    0.2588643509E+01
   3015.00    0.2623771491E+01
   3016.00    0.2660334302E+01
   3017.00    0.2698459906E+01
   3018.00    0.2738296254E+01
   3019.00    0.2780015699E+01
   3020.00    0.2823820649E+01
   3021.00    0.2869950815E+01
   3022.00    0.2918692607E+01
   3023.00    0.2970391333E+01
   3024.00    0.3025467095E+01
   3025.00    0.3084435424E+01
   3026.00    0.3147933696E+01
   3027.00    0.3216753805E+01
   3028.00    0.3291879210E+01
   3029.00    0.3374517241E+01
   3030.00    0.3466096753E+01
   3031.00    0.3568142797E+01
   3032.00    0.3681776992E+01
   3033.00    0.3806143555E+01
   3034.00    0.3933912209E+01
   3035.00    0.4039859461E+01
   3036.00    0.4060149031E+01
   3037.00    0.3894206034E+01
   3038.00    0.3528198476E+01
   3039.00    0.3159956874E+01
   3040.00    0.2972951201E+01
   3041.00    0.2956712683E+01
   3042.00    0.3029733835E+01
   3043.00    0.3131677164E+01
   3044.00    0.3223786068E+01
   3045.00    0.3280677434E+01
   3046.00    0.3311791660E+01
   3047.00    0.3359224675E+01
   3048.00    0.3440210625E+01
   3049.00    0.3543338314E+01
   3050.00    0.3656409290E+01
   3051.00    0.3773528935E+01
   3052.00    0.3892712668E+01
   3053.00    0.4013677681E+01
   3054.00    0.4136797928E+01
   3055.00    0.4262683003E+01
   3056.00    0.4392020274E+01
   3057.00    0.4525521684E+01
   3058.00    0.4663911632E+01
   3059.00    0.4807930924E+01
   3060.00    0.4958347030E+01
   3061.00    0.5115966957E+01
   3062.00    0.5281651497E+01
   3063.00    0.5456330671E+01
   3064.00    0.5641020594E+01
   3065.00    0.5836842278E+01
   3066.00    0.6045042978E+01
   3067.00    0.6267020900E+01
   3068.00    0.6504354215E+01
   3069.00    0.6758835586E+01
   3070.00    0.7032513706E+01
   3071.00    0.7327743764E+01
   3072.00    0.7647249316E+01
   3073.00    0.7994198791E+01
   3074.00    0.8372300902E+01
   3075.00    0.8785924661E+01
   3076.00    0.9240251696E+01
   3077.00    0.9741471345E+01
   3078.00    0.1029703301E+02
   3079.00    0.1091597596E+02
   3080.00    0.1160936518E+02
   3081.00    0.1239087409E+02
   3082.00    0.1327757361E+02
   3083.00    0.1429101503E+02
   3084.00    0.1545873735E+02
   3085.00    0.1681639714E+02
   3086.00    0.1841082503E+02
   3087.00    0.2030447998E+02
   3088.00    0.2258203438E+02
   3089.00    0.2536021606E+02
   3090.00    0.2880255739E+02
   3091.00    0.3314111868E+02
   3092.00    0.3870631388E+02
   3093.00    0.4595848121E+02
   3094.00    0.5548164901E+02
   3095.00    0.6778217571E+02
   3096.00    0.8244821378E+02
   3097.00    0.9629151945E+02
   3098.00    0.1032198956E+03
   3099.00    0.1007313122E+03
   3100.00    0.9322300299E+02
   3101.00    0.8549519476E+02
   3102.00    0.7941002805E+02
   3103.00    0.7480398919E+02
   3104.00    0.7017205777E+02
   3105.00    0.6290568542E+02
   3106.00    0.5142222050E+02
   3107.00    0.3813447119E+02
   3108.00    0.2670472243E+02
   3109.00    0.1835399098E+02
   3110.00    0.1260799754E+02
   3111.00    0.8699656906E+01
   3112.00    0.6034511606E+01
   3113.00    0.4223074416E+01
   3114.00    0.3026195293E+01
   3115.00    0.2299494767E+01
   3116.00    0.1937349061E+01
   3117.00    0.1825695197E+01
   3118.00    0.1848180938E+01
   3119.00    0.1922240527E+01
   3120.00    0.2005040250E+01
   3121.00    0.2078601546E+01
   3122.00    0.2136964466E+01
   3123.00    0.2179350146E+01
   3124.00    0.2207014712E+01
   3125.00    0.2221872032E+01
   3126.00    0.2225910903E+01
   3127.00    0.2220964442E+01
   3128.00    0.2208634751E+01
   3129.00    0.2190284573E+01
   3130.00    0.2167055999E+01
   3131.00    0.2139898177E+01
   3132.00    0.2109596072E+01
   3133.00    0.2076796975E+01
   3134.00    0.2042033651E+01
   3135.00    0.2005743990E+01
   3136.00    0.1968287410E+01
   3137.00    0.1929958443E+01
   3138.00    0.1890997924E+01
   3139.00    0.1851602176E+01
   3140.00    0.1811930562E+01
   3141.00    0.1772111667E+01
   3142.00    0.1732248377E+01
   3143.00    0.1692422045E+01
   3144.00    0.1652695909E+01
   3145.00    0.1613117890E+01
   3146.00    0.1573722878E+01
   3147.00    0.1534534594E+01
   3148.00    0.1495567088E+01
   3149.00    0.1456825941E+01
   3150.00    0.1418309184E+01
   3151.00    0.1380008000E+01
   3152.00    0.1341907207E+01
   3153.00    0.1303985538E+01
   3154.00    0.1266215742E+01
   3155.00    0.1228564498E+01
   3156.00    0.1190992157E+01
   3157.00    0.1153452339E+01
   3158.00    0.1115891456E+01
   3159.00    0.1078248346E+01
   3160.00    0.1040454472E+01
   3161.00    0.1002435782E+01
   3162.00    0.9641188211E+00
   3163.00    0.9254474504E+00
   3164.00    0.8864256202E+00
   3165.00    0.8472241208E+00
   3166.00    0.8084394845E+00
   3167.00    0.7716672196E+00
   3168.00    0.7403912289E+00
   3169.00    0.7194399021E+00
   3170.00    0.7078141310E+00
   3171.00    0.6918608291E+00
   3172.00    0.6612339637E+00
   3173.00    0.6194356623E+00
   3174.00    0.5729955468E+00
   3175.00    0.5261300213E+00
   3176.00    0.4822896485E+00
   3177.00    0.4469542766E+00
   3178.00    0.4308171758E+00
   3179.00    0.4514392869E+00
   3180.00    0.5259775894E+00
   3181.00    0.6507128853E+00
   3182.00    0.7798312551E+00
   3183.00    0.8431768052E+00
   3184.00    0.8206739883E+00
   3185.00    0.7499595579E+00
   3186.00    0.6666500081E+00
   3187.00    0.5860346154E+00
   3188.00    0.5121017106E+00
   3189.00    0.4449563887E+00
   3190.00    0.3838569071E+00
   3191.00    0.3282720972E+00
   3192.00    0.2783355327E+00
   3193.00    0.2352569507E+00
   3194.00    0.2018571686E+00
   3195.00    0.1827565098E+00
   3196.00    0.1825718649E+00
   3197.00    0.2020603760E+00
   3198.00    0.2375209900E+00
   3199.00    0.2843838185E+00
   3200.00    0.3394905115E+00
   3201.00    0.4011516409E+00
   3202.00    0.4686446634E+00
   3203.00    0.5418363933E+00
   3204.00    0.6209767527E+00
   3205.00    0.7066016507E+00
   3206.00    0.7994990494E+00
   3207.00    0.9007145934E+00
   3208.00    0.1011587113E+01
   3209.00    0.1133812646E+01
   3210.00    0.1269541600E+01
   3211.00    0.1421519371E+01
   3212.00    0.1593287779E+01
   3213.00    0.1789474403E+01
   3214.00    0.2016210864E+01
   3215.00    0.2281739844E+01
   3216.00    0.2597290382E+01
   3217.00    0.2978298746E+01
   3218.00    0.3445934911E+01
   3219.00    0.4028319424E+01
   3220.00    0.4758606822E+01
   3221.00    0.5659797972E+01
   3222.00    0.6688316284E+01
   3223.00    0.7606075301E+01
   3224.00    0.7937928778E+01
   3225.00    0.7427522787E+01
   3226.00    0.6421186166E+01
   3227.00    0.5369694269E+01
   3228.00    0.4465040641E+01
   3229.00    0.3729648106E+01
   3230.00    0.3134735051E+01
   3231.00    0.2646864011E+01
   3232.00    0.2239591517E+01
   3233.00    0.1894845424E+01
   3234.00    0.1602390799E+01
   3235.00    0.1359666455E+01
   3236.00    0.1173808697E+01
   3237.00    0.1066213073E+01
   3238.00    0.1068321189E+01
   3239.00    0.1200871165E+01
   3240.00    0.1462655526E+01
   3241.00    0.1847463359E+01
   3242.00    0.2362088912E+01
   3243.00    0.3031926647E+01
   3244.00    0.3900475017E+01
   3245.00    0.5019836724E+01
   3246.00    0.6405521055E+01
   3247.00    0.7899540805E+01
   3248.00    0.8999906677E+01
   3249.00    0.9162852523E+01
   3250.00    0.8509902158E+01
   3251.00    0.7580323407E+01
   3252.00    0.6705988704E+01
   3253.00    0.5975423145E+01
   3254.00    0.5383021696E+01
   3255.00    0.4902677551E+01
   3256.00    0.4509193828E+01
   3257.00    0.4182546965E+01
   3258.00    0.3907666529E+01
   3259.00    0.3673352576E+01
   3260.00    0.3471254713E+01
   3261.00    0.3295086256E+01
   3262.00    0.3140055864E+01
   3263.00    0.3002464243E+01
   3264.00    0.2879418436E+01
   3265.00    0.2768628181E+01
   3266.00    0.2668259322E+01
   3267.00    0.2576827095E+01
   3268.00    0.2493117508E+01
   3269.00    0.2416128737E+01
   3270.00    0.2345026925E+01
   3271.00    0.2279112493E+01
   3272.00    0.2217794183E+01
   3273.00    0.2160568853E+01
   3274.00    0.2107005624E+01
   3275.00    0.2056733306E+01
   3276.00    0.2009430364E+01
   3277.00    0.1964816833E+01
   3278.00    0.1922647768E+01
   3279.00    0.1882707890E+01
   3280.00    0.1844807189E+01
   3281.00    0.1808777287E+01
   3282.00    0.1774468414E+01
   3283.00    0.1741746876E+01
   3284.00    0.1710492932E+01
   3285.00    0.1680598998E+01
   3286.00    0.1651968119E+01
   3287.00    0.1624512673E+01
   3288.00    0.1598153259E+01
   3289.00    0.1572817738E+01
   3290.00    0.1548440412E+01
   3291.00    0.1524961307E+01
   3292.00    0.1502325553E+01
   3293.00    0.1480482845E+01
   3294.00    0.1459386970E+01
   3295.00    0.1438995390E+01
   3296.00    0.1419268876E+01
   3297.00    0.1400171192E+01
   3298.00    0.1381668804E+01
   3299.00    0.1363730631E+01
   3300.00    0.1346327817E+01
   3301.00    0.1329433538E+01
   3302.00    0.1313022814E+01
   3303.00    0.1297072356E+01
   3304.00    0.1281560422E+01
   3305.00    0.1266466684E+01
   3306.00    0.1251772115E+01
   3307.00    0.1237458886E+01
   3308.00    0.1223510267E+01
   3309.00    0.1209910544E+01
   3310.00    0.1196644943E+01
   3311.00    0.1183699553E+01
   3312.00    0.1171061269E+01
   3313.00    0.1158717732E+01
   3314.00    0.1146657269E+01
   3315.00    0.1134868854E+01
   3316.00    0.1123342055E+01
   3317.00    0.1112066999E+01
   3318.00    0.1101034332E+01
   3319.00    0.1090235181E+01
   3320.00    0.1079661129E+01
   3321.00    0.1069304181E+01
   3322.00    0.1059156739E+01
   3323.00    0.1049211574E+01
   3324.00    0.1039461808E+01
   3325.00    0.1029900889E+01
   3326.00    0.1020522571E+01
   3327.00    0.1011320899E+01
   3328.00    0.1002290187E+01
   3329.00    0.9934250085E+00
   3330.00    0.9847201751E+00
   3331.00    0.9761707280E+00
   3332.00    0.9677719224E+00
   3333.00    0.9595192170E+00
   3334.00    0.9514082621E+00
   3335.00    0.9434348897E+00
   3336.00    0.9355951036E+00
   3337.00    0.9278850704E+00
   3338.00    0.9203011111E+00
   3339.00    0.9128396929E+00
   3340.00    0.9054974221E+00
   3341.00    0.8982710366E+00
   3342.00    0.8911574000E+00
   3343.00    0.8841534947E+00
   3344.00    0.8772564167E+00
   3345.00    0.8704633697E+00
   3346.00    0.8637716602E+00
   3347.00    0.8571786926E+00
   3348.00    0.8506819645E+00
   3349.00    0.8442790625E+00
   3350.00    0.8379676583E+00
   3351.00    0.8317455044E+00
   3352.00    0.8256104309E+00
   3353.00    0.8195603417E+00
   3354.00    0.8135932117E+00
   3355.00    0.8077070833E+00
   3356.00    0.8019000635E+00
   3357.00    0.7961703216E+00
   3358.00    0.7905160859E+00
   3359.00    0.7849356418E+00
   3360.00    0.7794273291E+00
   3361.00    0.7739895399E+00
   3362.00    0.7686207163E+00
   3363.00    0.7633193487E+00
   3364.00    0.7580839735E+00
   3365.00    0.7529131715E+00
   3366.00    0.7478055661E+00
   3367.00    0.7427598218E+00
   3368.00    0.7377746421E+00
   3369.00    0.7328487686E+00
   3370.00    0.7279809794E+00
   3371.00    0.7231700874E+00
   3372.00    0.7184149393E+00
   3373.00    0.7137144143E+00
   3374.00    0.7090674230E+00
   3375.00    0.7044729060E+00
   3376.00    0.6999298331E+00
   3377.00    0.6954372019E+00
   3378.00    0.6909940372E+00
   3379.00    0.6865993898E+00
   3380.00    0.6822523358E+00
   3381.00    0.6779519754E+00
   3382.00    0.6736974322E+00
   3383.00    0.6694878528E+00
   3384.00    0.6653224052E+00
   3385.00    0.6612002790E+00
   3386.00    0.6571206838E+00
   3387.00    0.6530828493E+00
   3388.00    0.6490860241E+00
   3389.00    0.6451294755E+00
   3390.00    0.6412124884E+00
   3391.00    0.6373343653E+00
   3392.00    0.6334944251E+00
   3393.00    0.6296920033E+00
   3394.00    0.6259264508E+00
   3395.00    0.6221971340E+00
   3396.00    0.6185034337E+00
   3397.00    0.6148447454E+00
   3398.00    0.6112204781E+00
   3399.00    0.6076300544E+00
   3400.00    0.6040729099E+00
   3401.00    0.6005484927E+00
   3402.00    0.5970562635E+00
   3403.00    0.5935956944E+00
   3404.00    0.5901662694E+00
   3405.00    0.5867674837E+00
   3406.00    0.5833988431E+00
   3407.00    0.5800598642E+00
   3408.00    0.5767500738E+00
   3409.00    0.5734690086E+00
   3410.00    0.5702162151E+00
   3411.00    0.5669912490E+00
   3412.00    0.5637936754E+00
   3413.00    0.5606230681E+00
   3414.00    0.5574790096E+00
   3415.00    0.5543610908E+00
   3416.00    0.5512689108E+00
   3417.00    0.5482020765E+00
   3418.00    0.5451602028E+00
   3419.00    0.5421429119E+00
   3420.00    0.5391498333E+00
   3421.00    0.5361806039E+00
   3422.00    0.5332348672E+00
   3423.00    0.5303122736E+00
   3424.00    0.5274124802E+00
   3425.00    0.5245351503E+00
   3426.00    0.5216799535E+00
   3427.00    0.5188465655E+00
   3428.00    0.5160346679E+00
   3429.00    0.5132439481E+00
   3430.00    0.5104740991E+00
   3431.00    0.5077248193E+00
   3432.00    0.5049958125E+00
   3433.00    0.5022867878E+00
   3434.00    0.4995974591E+00
   3435.00    0.4969275456E+00
   3436.00    0.4942767710E+00
   3437.00    0.4916448639E+00
   3438.00    0.4890315573E+00
   3439.00    0.4864365890E+00
   3440.00    0.4838597007E+00
   3441.00    0.4813006388E+00
   3442.00    0.4787591536E+00
   3443.00    0.4762349994E+00
   3444.00    0.4737279347E+00
   3445.00    0.4712377216E+00
   3446.00    0.4687641262E+00
   3447.00    0.4663069179E+00
   3448.00    0.4638658702E+00
   3449.00    0.4614407596E+00
   3450.00    0.4590313664E+00
   3451.00    0.4566374740E+00
   3452.00    0.4542588691E+00
   3453.00    0.4518953416E+00
   3454.00    0.4495466845E+00
   3455.00    0.4472126940E+00
   3456.00    0.4448931688E+00
   3457.00    0.4425879109E+00
   3458.00    0.4402967251E+00
   3459.00    0.4380194187E+00
   3460.00    0.4357558018E+00
   3461.00    0.4335056872E+00
   3462.00    0.4312688902E+00
   3463.00    0.4290452286E+00
   3464.00    0.4268345227E+00
   3465.00    0.4246365951E+00
   3466.00    0.4224512707E+00
   3467.00    0.4202783768E+00
   3468.00    0.4181177428E+00
   3469.00    0.4159692004E+00
   3470.00    0.4138325832E+00
   3471.00    0.4117077270E+00
   3472.00    0.4095944697E+00
   3473.00    0.4074926511E+00
   3474.00    0.4054021127E+00
   3475.00    0.4033226982E+00
   3476.00    0.4012542529E+00
   3477.00    0.3991966241E+00
   3478.00    0.3971496605E+00
   3479.00    0.3951132128E+00
   3480.00    0.3930871333E+00
   3481.00    0.3910712757E+00
   3482.00    0.3890654956E+00
   3483.00    0.3870696498E+00
   3484.00    0.3850835969E+00
   3485.00    0.3831071967E+00
   3486.00    0.3811403105E+00
   3487.00    0.3791828011E+00
   3488.00    0.3772345324E+00
   3489.00    0.3752953698E+00
   3490.00    0.3733651799E+00
   3491.00    0.3714438306E+00
   3492.00    0.3695311908E+00
   3493.00    0.3676271308E+00
   3494.00    0.3657315220E+00
   3495.00    0.3638442367E+00
   3496.00    0.3619651485E+00
   3497.00    0.3600941318E+00
   3498.00    0.3582310624E+00
   3499.00    0.3563758166E+00
   3500.00    0.3545282720E+00
   3501.00    0.3526883068E+00
   3502.00    0.3508558004E+00
   3503.00    0.3490306328E+00
   3504.00    0.3472126850E+00
   3505.00    0.3454018386E+00
   3506.00    0.3435979761E+00
   3507.00    0.3418009808E+00
   3508.00    0.3400107365E+00
   3509.00    0.3382271278E+00
   3510.00    0.3364500399E+00
   3511.00    0.3346793588E+00
   3512.00    0.3329149707E+00
   3513.00    0.3311567627E+00
   3514.00    0.3294046224E+00
   3515.00    0.3276584377E+00
   3516.00    0.3259180973E+00
   3517.00    0.3241834900E+00
   3518.00    0.3224545052E+00
   3519.00    0.3207310329E+00
   3520.00    0.3190129630E+00
   3521.00    0.3173001862E+00
   3522.00    0.3155925932E+00
   3523.00    0.3138900751E+00
   3524.00    0.3121925234E+00
   3525.00    0.3104998296E+00
   3526.00    0.3088118855E+00
   3527.00    0.3071285831E+00
   3528.00    0.3054498146E+00
   3529.00    0.3037754722E+00
   3530.00    0.3021054482E+00
   3531.00    0.3004396352E+00
   3532.00    0.2987779255E+00
   3533.00    0.2971202116E+00
   3534.00    0.2954663859E+00
   3535.00    0.2938163409E+00
   3536.00    0.2921699689E+00
   3537.00    0.2905271622E+00
   3538.00    0.2888878127E+00
   3539.00    0.2872518124E+00
   3540.00    0.2856190530E+00
   3541.00    0.2839894260E+00
   3542.00    0.2823628228E+00
   3543.00    0.2807391341E+00
   3544.00    0.2791182506E+00
   3545.00    0.2775000627E+00
   3546.00    0.2758844601E+00
   3547.00    0.2742713324E+00
   3548.00    0.2726605686E+00
   3549.00    0.2710520572E+00
   3550.00    0.2694456862E+00
   3551.00    0.2678413430E+00
   3552.00    0.2662389145E+00
   3553.00    0.2646382870E+00
   3554.00    0.2630393460E+00
   3555.00    0.2614419763E+00
   3556.00    0.2598460620E+00
   3557.00    0.2582514866E+00
   3558.00    0.2566581324E+00
   3559.00    0.2550658811E+00
   3560.00    0.2534746135E+00
   3561.00    0.2518842093E+00
   3562.00    0.2502945473E+00
   3563.00    0.2487055052E+00
   3564.00    0.2471169597E+00
   3565.00    0.2455287864E+00
   3566.00    0.2439408595E+00
   3567.00    0.2423530523E+00
   3568.00    0.2407652365E+00
   3569.00    0.2391772826E+00
   3570.00    0.2375890597E+00
   3571.00    0.2360004356E+00
   3572.00    0.2344112765E+00
   3573.00    0.2328214468E+00
   3574.00    0.2312308098E+00
   3575.00    0.2296392267E+00
   3576.00    0.2280465571E+00
   3577.00    0.2264526588E+00
   3578.00    0.2248573878E+00
   3579.00    0.2232605981E+00
   3580.00    0.2216621418E+00
   3581.00    0.2200618686E+00
   3582.00    0.2184596266E+00
   3583.00    0.2168552611E+00
   3584.00    0.2152486155E+00
   3585.00    0.2136395306E+00
   3586.00    0.2120278448E+00
   3587.00    0.2104133941E+00
   3588.00    0.2087960116E+00
   3589.00    0.2071755278E+00
   3590.00    0.2055517704E+00
   3591.00    0.2039245641E+00
   3592.00    0.2022937306E+00
   3593.00    0.2006590885E+00
   3594.00    0.1990204531E+00
   3595.00    0.1973776364E+00
   3596.00    0.1957304469E+00
   3597.00    0.1940786896E+00
   3598.00    0.1924221658E+00
   3599.00    0.1907606729E+00
   3600.00    0.1890940042E+00
   3601.00    0.1874219492E+00
   3602.00    0.1857442930E+00
   3603.00    0.1840608164E+00
   3604.00    0.1823712954E+00
   3605.00    0.1806755017E+00
   3606.00    0.1789732019E+00
   3607.00    0.1772641576E+00
   3608.00    0.1755481253E+00
   3609.00    0.1738248561E+00
   3610.00    0.1720940954E+00
   3611.00    0.1703555832E+00
   3612.00    0.1686090531E+00
   3613.00    0.1668542328E+00
   3614.00    0.1650908437E+00
   3615.00    0.1633186004E+00
   3616.00    0.1615372108E+00
   3617.00    0.1597463756E+00
   3618.00    0.1579457884E+00
   3619.00    0.1561351351E+00
   3620.00    0.1543140938E+00
   3621.00    0.1524823343E+00
   3622.00    0.1506395183E+00
   3623.00    0.1487852986E+00
   3624.00    0.1469193190E+00
   3625.00    0.1450412141E+00
   3626.00    0.1431506088E+00
   3627.00    0.1412471178E+00
   3628.00    0.1393303458E+00
   3629.00    0.1373998865E+00
   3630.00    0.1354553227E+00
   3631.00    0.1334962256E+00
   3632.00    0.1315221547E+00
   3633.00    0.1295326571E+00
   3634.00    0.1275272672E+00
   3635.00    0.1255055064E+00
   3636.00    0.1234668825E+00
   3637.00    0.1214108893E+00
   3638.00    0.1193370062E+00
   3639.00    0.1172446977E+00
   3640.00    0.1151334131E+00
   3641.00    0.1130025859E+00
   3642.00    0.1108516333E+00
   3643.00    0.1086799563E+00
   3644.00    0.1064869386E+00
   3645.00    0.1042719469E+00
   3646.00    0.1020343303E+00
   3647.00    0.9977342004E-01
   3648.00    0.9748852973E-01
   3649.00    0.9517895504E-01
   3650.00    0.9284397405E-01
   3651.00    0.9048284758E-01
   3652.00    0.8809481989E-01
   3653.00    0.8567911970E-01
   3654.00    0.8323496166E-01
   3655.00    0.8076154843E-01
   3656.00    0.7825807350E-01
   3657.00    0.7572372510E-01
   3658.00    0.7315769135E-01
   3659.00    0.7055916727E-01
   3660.00    0.6792736410E-01
   3661.00    0.6526152189E-01
   3662.00    0.6256092639E-01
   3663.00    0.5982493205E-01
   3664.00    0.5705299347E-01
   3665.00    0.5424470879E-01
   3666.00    0.5139988046E-01
   3667.00    0.4851860133E-01
   3668.00    0.4560137887E-01
   3669.00    0.4264931752E-01
   3670.00    0.3966439245E-01
   3671.00    0.3664987048E-01
   3672.00    0.3361097515E-01
   3673.00    0.3055597051E-01
   3674.00    0.2749798705E-01
   3675.00    0.2445820914E-01
   3676.00    0.2147163234E-01
   3677.00    0.1859772369E-01
   3678.00    0.1594002759E-01
   3679.00    0.1367867123E-01
   3680.00    0.1210355657E-01
   3681.00    0.1157273812E-01
   3682.00    0.1229650255E-01
   3683.00    0.1415144190E-01
   3684.00    0.1682846547E-01
   3685.00    0.2005644632E-01
   3686.00    0.2366197163E-01
   3687.00    0.2754469672E-01
   3688.00    0.3164755895E-01
   3689.00    0.3593797030E-01
   3690.00    0.4039740580E-01
   3691.00    0.4501573604E-01
   3692.00    0.4978808195E-01
   3693.00    0.5471301648E-01
   3694.00    0.5979150504E-01
   3695.00    0.6502626490E-01
   3696.00    0.7042137088E-01
   3697.00    0.7598201100E-01
   3698.00    0.8171433683E-01
   3699.00    0.8762537587E-01
   3700.00    0.9372298625E-01
   3701.00    0.1000158416E+00
   3702.00    0.1065134383E+00
   3703.00    0.1132261214E+00
   3704.00    0.1201651245E+00
   3705.00    0.1273426242E+00
   3706.00    0.1347718068E+00
   3707.00    0.1424669480E+00
   3708.00    0.1504435057E+00
   3709.00    0.1587182267E+00
   3710.00    0.1673092693E+00
   3711.00    0.1762363423E+00
   3712.00    0.1855208636E+00
   3713.00    0.1951861407E+00
   3714.00    0.2052575751E+00
   3715.00    0.2157628969E+00
   3716.00    0.2267324309E+00
   3717.00    0.2381994019E+00
   3718.00    0.2502002849E+00
   3719.00    0.2627752073E+00
   3720.00    0.2759684134E+00
   3721.00    0.2898288011E+00
   3722.00    0.3044105459E+00
   3723.00    0.3197738277E+00
   3724.00    0.3359856804E+00
   3725.00    0.3531209909E+00
   3726.00    0.3712636764E+00
   3727.00    0.3905080798E+00
   3728.00    0.4109606311E+00
   3729.00    0.4327418348E+00
   3730.00    0.4559886611E+00
   3731.00    0.4808574386E+00
   3732.00    0.5075273743E+00
   3733.00    0.5362048652E+00
   3734.00    0.5671288155E+00
   3735.00    0.6005772390E+00
   3736.00    0.6368755242E+00
   3737.00    0.6764068627E+00
   3738.00    0.7196255240E+00
   3739.00    0.7670739122E+00
   3740.00    0.8194047028E+00
   3741.00    0.8774098788E+00
   3742.00    0.9420592571E+00
   3743.00    0.1014552229E+01
   3744.00    0.1096388153E+01
   3745.00    0.1189463418E+01
   3746.00    0.1296207198E+01
   3747.00    0.1419773980E+01
   3748.00    0.1564320310E+01
   3749.00    0.1735407001E+01
   3750.00    0.1940586805E+01
   3751.00    0.2190256410E+01
   3752.00    0.2498843264E+01
   3753.00    0.2886250364E+01
   3754.00    0.3378781685E+01
   3755.00    0.4006112315E+01
   3756.00    0.4782412815E+01
   3757.00    0.5642761285E+01
   3758.00    0.6329207044E+01
   3759.00    0.6451649275E+01
   3760.00    0.5949844357E+01
   3761.00    0.5176779719E+01
   3762.00    0.4431184642E+01
   3763.00    0.3812099424E+01
   3764.00    0.3320227722E+01
   3765.00    0.2931241367E+01
   3766.00    0.2620633323E+01
   3767.00    0.2369065764E+01
   3768.00    0.2162256802E+01
   3769.00    0.1989816801E+01
   3770.00    0.1844159301E+01
   3771.00    0.1719682598E+01
   3772.00    0.1612192810E+01
   3773.00    0.1518504309E+01
   3774.00    0.1436162868E+01
   3775.00    0.1363252221E+01
   3776.00    0.1298257307E+01
   3777.00    0.1239966306E+01
   3778.00    0.1187399527E+01
   3779.00    0.1139757100E+01
   3780.00    0.1096380004E+01
   3781.00    0.1056720700E+01
   3782.00    0.1020320736E+01
   3783.00    0.9867934863E+00
   3784.00    0.9558107289E+00
   3785.00    0.9270920945E+00
   3786.00    0.9003967105E+00
   3787.00    0.8755165235E+00
   3788.00    0.8522709256E+00
   3789.00    0.8305023964E+00
   3790.00    0.8100729462E+00
   3791.00    0.7908611929E+00
   3792.00    0.7727599480E+00
   3793.00    0.7556742081E+00
   3794.00    0.7395194783E+00
   3795.00    0.7242203632E+00
   3796.00    0.7097093779E+00
   3797.00    0.6959259408E+00
   3798.00    0.6828155146E+00
   3799.00    0.6703288738E+00
   3800.00    0.6584214745E+00
   3801.00    0.6470529124E+00
   3802.00    0.6361864538E+00
   3803.00    0.6257886290E+00
   3804.00    0.6158288785E+00
   3805.00    0.6062792439E+00
   3806.00    0.5971140976E+00
   3807.00    0.5883099051E+00
   3808.00    0.5798450161E+00
   3809.00    0.5716994800E+00
   3810.00    0.5638548824E+00
   3811.00    0.5562942002E+00
   3812.00    0.5490016730E+00
   3813.00    0.5419626882E+00
   3814.00    0.5351636786E+00
   3815.00    0.5285920304E+00
   3816.00    0.5222360013E+00
   3817.00    0.5160846465E+00
   3818.00    0.5101277519E+00
   3819.00    0.5043557747E+00
   3820.00    0.4987597886E+00
   3821.00    0.4933314353E+00
   3822.00    0.4880628799E+00
   3823.00    0.4829467705E+00
   3824.00    0.4779762016E+00
   3825.00    0.4731446809E+00
   3826.00    0.4684460986E+00
   3827.00    0.4638746999E+00
   3828.00    0.4594250595E+00
   3829.00    0.4550920581E+00
   3830.00    0.4508708616E+00
   3831.00    0.4467569012E+00
   3832.00    0.4427458554E+00
   3833.00    0.4388336339E+00
   3834.00    0.4350163617E+00
   3835.00    0.4312903657E+00
   3836.00    0.4276521614E+00
   3837.00    0.4240984411E+00
   3838.00    0.4206260625E+00
   3839.00    0.4172320391E+00
   3840.00    0.4139135299E+00
   3841.00    0.4106678314E+00
   3842.00    0.4074923687E+00
   3843.00    0.4043846885E+00
   3844.00    0.4013424514E+00
   3845.00    0.3983634261E+00
   3846.00    0.3954454826E+00
   3847.00    0.3925865866E+00
   3848.00    0.3897847947E+00
   3849.00    0.3870382485E+00
   3850.00    0.3843451710E+00
   3851.00    0.3817038612E+00
   3852.00    0.3791126908E+00
   3853.00    0.3765701000E+00
   3854.00    0.3740745941E+00
   3855.00    0.3716247399E+00
   3856.00    0.3692191630E+00
   3857.00    0.3668565442E+00
   3858.00    0.3645356173E+00
   3859.00    0.3622551661E+00
   3860.00    0.3600140222E+00
   3861.00    0.3578110625E+00
   3862.00    0.3556452070E+00
   3863.00    0.3535154170E+00
   3864.00    0.3514206929E+00
   3865.00    0.3493600723E+00
   3866.00    0.3473326286E+00
   3867.00    0.3453374691E+00
   3868.00    0.3433737334E+00
   3869.00    0.3414405924E+00
   3870.00    0.3395372461E+00
   3871.00    0.3376629232E+00
   3872.00    0.3358168792E+00
   3873.00    0.3339983954E+00
   3874.00    0.3322067779E+00
   3875.00    0.3304413567E+00
   3876.00    0.3287014840E+00
   3877.00    0.3269865341E+00
   3878.00    0.3252959020E+00
   3879.00    0.3236290025E+00
   3880.00    0.3219852697E+00
   3881.00    0.3203641560E+00
   3882.00    0.3187651313E+00
   3883.00    0.3171876827E+00
   3884.00    0.3156313131E+00
   3885.00    0.3140955414E+00
   3886.00    0.3125799012E+00
   3887.00    0.3110839405E+00
   3888.00    0.3096072215E+00
   3889.00    0.3081493192E+00
   3890.00    0.3067098219E+00
   3891.00    0.3052883297E+00
   3892.00    0.3038844552E+00
   3893.00    0.3024978218E+00
   3894.00    0.3011280644E+00
   3895.00    0.2997748282E+00
   3896.00    0.2984377687E+00
   3897.00    0.2971165514E+00
   3898.00    0.2958108510E+00
   3899.00    0.2945203517E+00
   3900.00    0.2932447463E+00
   3901.00    0.2919837363E+00
   3902.00    0.2907370312E+00
   3903.00    0.2895043487E+00
   3904.00    0.2882854141E+00
   3905.00    0.2870799600E+00
   3906.00    0.2858877263E+00
   3907.00    0.2847084599E+00
   3908.00    0.2835419140E+00
   3909.00    0.2823878489E+00
   3910.00    0.2812460305E+00
   3911.00    0.2801162313E+00
   3912.00    0.2789982293E+00
   3913.00    0.2778918084E+00
   3914.00    0.2767967578E+00
   3915.00    0.2757128721E+00
   3916.00    0.2746399511E+00
   3917.00    0.2735777996E+00
   3918.00    0.2725262270E+00
   3919.00    0.2714850476E+00
   3920.00    0.2704540803E+00
   3921.00    0.2694331480E+00
   3922.00    0.2684220784E+00
   3923.00    0.2674207029E+00
   3924.00    0.2664288572E+00
   3925.00    0.2654463806E+00
   3926.00    0.2644731164E+00
   3927.00    0.2635089116E+00
   3928.00    0.2625536165E+00
   3929.00    0.2616070850E+00
   3930.00    0.2606691744E+00
   3931.00    0.2597397452E+00
   3932.00    0.2588186611E+00
   3933.00    0.2579057887E+00
   3934.00    0.2570009978E+00
   3935.00    0.2561041610E+00
   3936.00    0.2552151537E+00
   3937.00    0.2543338540E+00
   3938.00    0.2534601429E+00
   3939.00    0.2525939037E+00
   3940.00    0.2517350223E+00
   3941.00    0.2508833872E+00
   3942.00    0.2500388891E+00
   3943.00    0.2492014211E+00
   3944.00    0.2483708785E+00
   3945.00    0.2475471588E+00
   3946.00    0.2467301618E+00
   3947.00    0.2459197893E+00
   3948.00    0.2451159449E+00
   3949.00    0.2443185345E+00
   3950.00    0.2435274657E+00
   3951.00    0.2427426481E+00
   3952.00    0.2419639932E+00
   3953.00    0.2411914139E+00
   3954.00    0.2404248254E+00
   3955.00    0.2396641440E+00
   3956.00    0.2389092882E+00
   3957.00    0.2381601777E+00
   3958.00    0.2374167338E+00
   3959.00    0.2366788797E+00
   3960.00    0.2359465396E+00
   3961.00    0.2352196395E+00
   3962.00    0.2344981067E+00
   3963.00    0.2337818698E+00
   3964.00    0.2330708589E+00
   3965.00    0.2323650053E+00
   3966.00    0.2316642416E+00
   3967.00    0.2309685018E+00
   3968.00    0.2302777209E+00
   3969.00    0.2295918353E+00
   3970.00    0.2289107824E+00
   3971.00    0.2282345010E+00
   3972.00    0.2275629306E+00
   3973.00    0.2268960121E+00
   3974.00    0.2262336875E+00
   3975.00    0.2255758996E+00
   3976.00    0.2249225924E+00
   3977.00    0.2242737109E+00
   3978.00    0.2236292009E+00
   3979.00    0.2229890093E+00
   3980.00    0.2223530839E+00
   3981.00    0.2217213734E+00
   3982.00    0.2210938274E+00
   3983.00    0.2204703963E+00
   3984.00    0.2198510314E+00
   3985.00    0.2192356849E+00
   3986.00    0.2186243096E+00
   3987.00    0.2180168593E+00
   3988.00    0.2174132886E+00
   3989.00    0.2168135527E+00
   3990.00    0.2162176075E+00
   3991.00    0.2156254100E+00
   3992.00    0.2150369174E+00
   3993.00    0.2144520880E+00
   3994.00    0.2138708806E+00
   3995.00    0.2132932546E+00
   3996.00    0.2127191704E+00
   3997.00    0.2121485886E+00
   3998.00    0.2115814707E+00
   3999.00    0.2110177788E+00
   4000.00    0.2104574754E+00
