Frequencies(cm-1)    polar_2nd_yyz        
   1000.00    0.9692452698E+00
   1001.00    0.9061465730E+00
   1002.00    0.7660513931E+00
   1003.00    0.6289963158E+00
   1004.00    0.5490591056E+00
   1005.00    0.5342810453E+00
   1006.00    0.5675840258E+00
   1007.00    0.6292553162E+00
   1008.00    0.7067664708E+00
   1009.00    0.7940199225E+00
   1010.00    0.8885278569E+00
   1011.00    0.9895790348E+00
   1012.00    0.1097334227E+01
   1013.00    0.1212416102E+01
   1014.00    0.1335732346E+01
   1015.00    0.1468408146E+01
   1016.00    0.1611772720E+01
   1017.00    0.1767375839E+01
   1018.00    0.1937024603E+01
   1019.00    0.2122837713E+01
   1020.00    0.2327318450E+01
   1021.00    0.2553450413E+01
   1022.00    0.2804822926E+01
   1023.00    0.3085796395E+01
   1024.00    0.3401722742E+01
   1025.00    0.3759242892E+01
   1026.00    0.4166693793E+01
   1027.00    0.4634673334E+01
   1028.00    0.5176836205E+01
   1029.00    0.5811032083E+01
   1030.00    0.6560956927E+01
   1031.00    0.7458577717E+01
   1032.00    0.8547715443E+01
   1033.00    0.9889301700E+01
   1034.00    0.1156878355E+02
   1035.00    0.1370518313E+02
   1036.00    0.1645655955E+02
   1037.00    0.1999832204E+02
   1038.00    0.2439399056E+02
   1039.00    0.2918346268E+02
   1040.00    0.3278651191E+02
   1041.00    0.3325957303E+02
   1042.00    0.3077343686E+02
   1043.00    0.2720155140E+02
   1044.00    0.2383699194E+02
   1045.00    0.2106261800E+02
   1046.00    0.1886539918E+02
   1047.00    0.1713709613E+02
   1048.00    0.1577142781E+02
   1049.00    0.1468473885E+02
   1050.00    0.1381536649E+02
   1051.00    0.1311883532E+02
   1052.00    0.1256328925E+02
   1053.00    0.1212586149E+02
   1054.00    0.1178958238E+02
   1055.00    0.1153976011E+02
   1056.00    0.1135745882E+02
   1057.00    0.1120459374E+02
   1058.00    0.1099079876E+02
   1059.00    0.1052647241E+02
   1060.00    0.9580360522E+01
   1061.00    0.8252031610E+01
   1062.00    0.7107509728E+01
   1063.00    0.6486045228E+01
   1064.00    0.6265524752E+01
   1065.00    0.6236584149E+01
   1066.00    0.6277477943E+01
   1067.00    0.6336393882E+01
   1068.00    0.6394151051E+01
   1069.00    0.6444399196E+01
   1070.00    0.6485351187E+01
   1071.00    0.6516616551E+01
   1072.00    0.6538194781E+01
   1073.00    0.6550670238E+01
   1074.00    0.6556831125E+01
   1075.00    0.6566333051E+01
   1076.00    0.6607700594E+01
   1077.00    0.6755641060E+01
   1078.00    0.7171801035E+01
   1079.00    0.8070881481E+01
   1080.00    0.9412900803E+01
   1081.00    0.1067508903E+02
   1082.00    0.1145958742E+02
   1083.00    0.1187032879E+02
   1084.00    0.1213493875E+02
   1085.00    0.1238853086E+02
   1086.00    0.1269049797E+02
   1087.00    0.1306685118E+02
   1088.00    0.1353255435E+02
   1089.00    0.1410107041E+02
   1090.00    0.1478867457E+02
   1091.00    0.1561707426E+02
   1092.00    0.1661586878E+02
   1093.00    0.1782564198E+02
   1094.00    0.1930226669E+02
   1095.00    0.2112290146E+02
   1096.00    0.2339369457E+02
   1097.00    0.2625700227E+02
   1098.00    0.2988739459E+02
   1099.00    0.3443670342E+02
   1100.00    0.3980876156E+02
   1101.00    0.4505658032E+02
   1102.00    0.4776352522E+02
   1103.00    0.4567443500E+02
   1104.00    0.3991892301E+02
   1105.00    0.3341203023E+02
   1106.00    0.2775669817E+02
   1107.00    0.2325366110E+02
   1108.00    0.1973922327E+02
   1109.00    0.1698177326E+02
   1110.00    0.1478790579E+02
   1111.00    0.1301417924E+02
   1112.00    0.1155743464E+02
   1113.00    0.1034356515E+02
   1114.00    0.9318788038E+01
   1115.00    0.8443504610E+01
   1116.00    0.7688102306E+01
   1117.00    0.7030093153E+01
   1118.00    0.6452148091E+01
   1119.00    0.5940730073E+01
   1120.00    0.5485130103E+01
   1121.00    0.5076777597E+01
   1122.00    0.4708740036E+01
   1123.00    0.4375355269E+01
   1124.00    0.4071958488E+01
   1125.00    0.3794678664E+01
   1126.00    0.3540288972E+01
   1127.00    0.3306105153E+01
   1128.00    0.3089939443E+01
   1129.00    0.2890144315E+01
   1130.00    0.2705832703E+01
   1131.00    0.2537411145E+01
   1132.00    0.2387216442E+01
   1133.00    0.2257855728E+01
   1134.00    0.2144491695E+01
   1135.00    0.2033893790E+01
   1136.00    0.1920779295E+01
   1137.00    0.1809297357E+01
   1138.00    0.1703430876E+01
   1139.00    0.1604491759E+01
   1140.00    0.1511684662E+01
   1141.00    0.1421737649E+01
   1142.00    0.1326877251E+01
   1143.00    0.1213239935E+01
   1144.00    0.1071497235E+01
   1145.00    0.9251171900E+00
   1146.00    0.8159178556E+00
   1147.00    0.7516969642E+00
   1148.00    0.7170946874E+00
   1149.00    0.7015268619E+00
   1150.00    0.7035151466E+00
   1151.00    0.7279991349E+00
   1152.00    0.7851713021E+00
   1153.00    0.8907575973E+00
   1154.00    0.1066099777E+01
   1155.00    0.1334152677E+01
   1156.00    0.1699650444E+01
   1157.00    0.2099280462E+01
   1158.00    0.2384701770E+01
   1159.00    0.2469224954E+01
   1160.00    0.2421994699E+01
   1161.00    0.2339518533E+01
   1162.00    0.2268767669E+01
   1163.00    0.2222420473E+01
   1164.00    0.2200355798E+01
   1165.00    0.2199189646E+01
   1166.00    0.2215375456E+01
   1167.00    0.2245989452E+01
   1168.00    0.2288806478E+01
   1169.00    0.2342195346E+01
   1170.00    0.2404992999E+01
   1171.00    0.2476398782E+01
   1172.00    0.2555894607E+01
   1173.00    0.2643187407E+01
   1174.00    0.2738168926E+01
   1175.00    0.2840888564E+01
   1176.00    0.2951536147E+01
   1177.00    0.3070432416E+01
   1178.00    0.3198025808E+01
   1179.00    0.3334894707E+01
   1180.00    0.3481754757E+01
   1181.00    0.3639471281E+01
   1182.00    0.3809077145E+01
   1183.00    0.3991796833E+01
   1184.00    0.4189077893E+01
   1185.00    0.4402631419E+01
   1186.00    0.4634483928E+01
   1187.00    0.4887043851E+01
   1188.00    0.5163187122E+01
   1189.00    0.5466368015E+01
   1190.00    0.5800763898E+01
   1191.00    0.6171466099E+01
   1192.00    0.6584734331E+01
   1193.00    0.7048339996E+01
   1194.00    0.7572035653E+01
   1195.00    0.8168206560E+01
   1196.00    0.8852789815E+01
   1197.00    0.9646595454E+01
   1198.00    0.1057724789E+02
   1199.00    0.1168212059E+02
   1200.00    0.1301294551E+02
   1201.00    0.1464343296E+02
   1202.00    0.1668245592E+02
   1203.00    0.1929511801E+02
   1204.00    0.2271363015E+02
   1205.00    0.2713378404E+02
   1206.00    0.3236723583E+02
   1207.00    0.3733021737E+02
   1208.00    0.3977428231E+02
   1209.00    0.3807985615E+02
   1210.00    0.3358785879E+02
   1211.00    0.2862669955E+02
   1212.00    0.2433089256E+02
   1213.00    0.2089201143E+02
   1214.00    0.1818659619E+02
   1215.00    0.1604725966E+02
   1216.00    0.1433400452E+02
   1217.00    0.1294212148E+02
   1218.00    0.1179533021E+02
   1219.00    0.1083732867E+02
   1220.00    0.1002398687E+02
   1221.00    0.9314902469E+01
   1222.00    0.8661380744E+01
   1223.00    0.7991032701E+01
   1224.00    0.7218628761E+01
   1225.00    0.6358380012E+01
   1226.00    0.5602659388E+01
   1227.00    0.5076467095E+01
   1228.00    0.4719431964E+01
   1229.00    0.4442378983E+01
   1230.00    0.4197017509E+01
   1231.00    0.3963610791E+01
   1232.00    0.3734601266E+01
   1233.00    0.3506877290E+01
   1234.00    0.3278873743E+01
   1235.00    0.3049668290E+01
   1236.00    0.2818950927E+01
   1237.00    0.2587613204E+01
   1238.00    0.2359224819E+01
   1239.00    0.2143244889E+01
   1240.00    0.1961549076E+01
   1241.00    0.1859302860E+01
   1242.00    0.1913127354E+01
   1243.00    0.2214549093E+01
   1244.00    0.2834499911E+01
   1245.00    0.3822346011E+01
   1246.00    0.5213420300E+01
   1247.00    0.6942384860E+01
   1248.00    0.8624395374E+01
   1249.00    0.9577792237E+01
   1250.00    0.9547790696E+01
   1251.00    0.8946563542E+01
   1252.00    0.8209400473E+01
   1253.00    0.7527972123E+01
   1254.00    0.6948629475E+01
   1255.00    0.6466889849E+01
   1256.00    0.6066287647E+01
   1257.00    0.5730443207E+01
   1258.00    0.5445903619E+01
   1259.00    0.5202252014E+01
   1260.00    0.4991565795E+01
   1261.00    0.4807829015E+01
   1262.00    0.4646439735E+01
   1263.00    0.4503808360E+01
   1264.00    0.4376983813E+01
   1265.00    0.4263175200E+01
   1266.00    0.4158892994E+01
   1267.00    0.4058263499E+01
   1268.00    0.3950925764E+01
   1269.00    0.3825879974E+01
   1270.00    0.3691374447E+01
   1271.00    0.3577363857E+01
   1272.00    0.3495496463E+01
   1273.00    0.3435399327E+01
   1274.00    0.3386497347E+01
   1275.00    0.3343573131E+01
   1276.00    0.3304617161E+01
   1277.00    0.3268982995E+01
   1278.00    0.3236558057E+01
   1279.00    0.3207448653E+01
   1280.00    0.3181872325E+01
   1281.00    0.3160130474E+01
   1282.00    0.3142613219E+01
   1283.00    0.3129818396E+01
   1284.00    0.3122376071E+01
   1285.00    0.3121068822E+01
   1286.00    0.3126824600E+01
   1287.00    0.3140618588E+01
   1288.00    0.3163109024E+01
   1289.00    0.3193529773E+01
   1290.00    0.3226587811E+01
   1291.00    0.3244550228E+01
   1292.00    0.3201668657E+01
   1293.00    0.3017456256E+01
   1294.00    0.2652952780E+01
   1295.00    0.2240997914E+01
   1296.00    0.1962550246E+01
   1297.00    0.1843872196E+01
   1298.00    0.1818802361E+01
   1299.00    0.1831923364E+01
   1300.00    0.1856168972E+01
   1301.00    0.1880907337E+01
   1302.00    0.1902608145E+01
   1303.00    0.1920495681E+01
   1304.00    0.1934781563E+01
   1305.00    0.1945978237E+01
   1306.00    0.1954641748E+01
   1307.00    0.1961282946E+01
   1308.00    0.1966344011E+01
   1309.00    0.1970199343E+01
   1310.00    0.1973164517E+01
   1311.00    0.1975506970E+01
   1312.00    0.1977456116E+01
   1313.00    0.1979212212E+01
   1314.00    0.1980953956E+01
   1315.00    0.1982845021E+01
   1316.00    0.1985039794E+01
   1317.00    0.1987688611E+01
   1318.00    0.1990942773E+01
   1319.00    0.1994959612E+01
   1320.00    0.1999907922E+01
   1321.00    0.2005974087E+01
   1322.00    0.2013369312E+01
   1323.00    0.2022338459E+01
   1324.00    0.2033171123E+01
   1325.00    0.2046215753E+01
   1326.00    0.2061897759E+01
   1327.00    0.2080742583E+01
   1328.00    0.2103404261E+01
   1329.00    0.2130698062E+01
   1330.00    0.2163629739E+01
   1331.00    0.2203396303E+01
   1332.00    0.2251283356E+01
   1333.00    0.2308243892E+01
   1334.00    0.2373556817E+01
   1335.00    0.2440979351E+01
   1336.00    0.2489044704E+01
   1337.00    0.2464131926E+01
   1338.00    0.2284771505E+01
   1339.00    0.1941698556E+01
   1340.00    0.1584101414E+01
   1341.00    0.1356881984E+01
   1342.00    0.1269627705E+01
   1343.00    0.1265515059E+01
   1344.00    0.1297377840E+01
   1345.00    0.1341337473E+01
   1346.00    0.1387633485E+01
   1347.00    0.1432882901E+01
   1348.00    0.1476307763E+01
   1349.00    0.1518147372E+01
   1350.00    0.1559022786E+01
   1351.00    0.1599694005E+01
   1352.00    0.1640979224E+01
   1353.00    0.1683743194E+01
   1354.00    0.1728917846E+01
   1355.00    0.1777541754E+01
   1356.00    0.1830815530E+01
   1357.00    0.1890175668E+01
   1358.00    0.1957392999E+01
   1359.00    0.2034704610E+01
   1360.00    0.2124988824E+01
   1361.00    0.2231986145E+01
   1362.00    0.2360536272E+01
   1363.00    0.2516683126E+01
   1364.00    0.2707111055E+01
   1365.00    0.2936173978E+01
   1366.00    0.3195519723E+01
   1367.00    0.3436005279E+01
   1368.00    0.3524652689E+01
   1369.00    0.3286530892E+01
   1370.00    0.2733477994E+01
   1371.00    0.2096315692E+01
   1372.00    0.1548873770E+01
   1373.00    0.1130680732E+01
   1374.00    0.8248315458E+00
   1375.00    0.6076924411E+00
   1376.00    0.4626517141E+00
   1377.00    0.3796974656E+00
   1378.00    0.3486477591E+00
   1379.00    0.3537540163E+00
   1380.00    0.3781622250E+00
   1381.00    0.4101772265E+00
   1382.00    0.4435995043E+00
   1383.00    0.4755641141E+00
   1384.00    0.5048633357E+00
   1385.00    0.5310518093E+00
   1386.00    0.5540143249E+00
   1387.00    0.5737599953E+00
   1388.00    0.5903230097E+00
   1389.00    0.6037148908E+00
   1390.00    0.6139054785E+00
   1391.00    0.6208290753E+00
   1392.00    0.6244319884E+00
   1393.00    0.6248143546E+00
   1394.00    0.6226048243E+00
   1395.00    0.6199066665E+00
   1396.00    0.6225171959E+00
   1397.00    0.6440409615E+00
   1398.00    0.7080530267E+00
   1399.00    0.8312380899E+00
   1400.00    0.9874732960E+00
   1401.00    0.1133441280E+01
   1402.00    0.1275427989E+01
   1403.00    0.1417087142E+01
   1404.00    0.1514261975E+01
   1405.00    0.1551387221E+01
   1406.00    0.1554670236E+01
   1407.00    0.1548316669E+01
   1408.00    0.1543573820E+01
   1409.00    0.1544315497E+01
   1410.00    0.1551532238E+01
   1411.00    0.1565303815E+01
   1412.00    0.1585536887E+01
   1413.00    0.1612224976E+01
   1414.00    0.1645539455E+01
   1415.00    0.1685867440E+01
   1416.00    0.1733840308E+01
   1417.00    0.1790370958E+01
   1418.00    0.1856709821E+01
   1419.00    0.1934528576E+01
   1420.00    0.2026042997E+01
   1421.00    0.2134191451E+01
   1422.00    0.2262893465E+01
   1423.00    0.2417423257E+01
   1424.00    0.2604943682E+01
   1425.00    0.2835242930E+01
   1426.00    0.3121647066E+01
   1427.00    0.3481758191E+01
   1428.00    0.3936457543E+01
   1429.00    0.4501611891E+01
   1430.00    0.5156478957E+01
   1431.00    0.5764556837E+01
   1432.00    0.6010410516E+01
   1433.00    0.5645060150E+01
   1434.00    0.4859915486E+01
   1435.00    0.4020288033E+01
   1436.00    0.3306219738E+01
   1437.00    0.2742980208E+01
   1438.00    0.2305322803E+01
   1439.00    0.1962664823E+01
   1440.00    0.1690279911E+01
   1441.00    0.1470031950E+01
   1442.00    0.1288920231E+01
   1443.00    0.1137595267E+01
   1444.00    0.1009243057E+01
   1445.00    0.8988144382E+00
   1446.00    0.8025112598E+00
   1447.00    0.7174591981E+00
   1448.00    0.6415320375E+00
   1449.00    0.5733374139E+00
   1450.00    0.5124463230E+00
   1451.00    0.4600799337E+00
   1452.00    0.4206449704E+00
   1453.00    0.4042933107E+00
   1454.00    0.4284324867E+00
   1455.00    0.5126674100E+00
   1456.00    0.6674963311E+00
   1457.00    0.8800071398E+00
   1458.00    0.1090587816E+01
   1459.00    0.1210552637E+01
   1460.00    0.1217823841E+01
   1461.00    0.1164077168E+01
   1462.00    0.1096450531E+01
   1463.00    0.1035037328E+01
   1464.00    0.9849920346E+00
   1465.00    0.9462028829E+00
   1466.00    0.9172132330E+00
   1467.00    0.8964843685E+00
   1468.00    0.8827250727E+00
   1469.00    0.8749307512E+00
   1470.00    0.8723451916E+00
   1471.00    0.8744110002E+00
   1472.00    0.8807268580E+00
   1473.00    0.8910147946E+00
   1474.00    0.9050964928E+00
   1475.00    0.9228768407E+00
   1476.00    0.9443331555E+00
   1477.00    0.9695089168E+00
   1478.00    0.9985112657E+00
   1479.00    0.1031511898E+01
   1480.00    0.1068751341E+01
   1481.00    0.1110547021E+01
   1482.00    0.1157306141E+01
   1483.00    0.1209545517E+01
   1484.00    0.1267922968E+01
   1485.00    0.1333290654E+01
   1486.00    0.1406795746E+01
   1487.00    0.1490094334E+01
   1488.00    0.1585856776E+01
   1489.00    0.1699045013E+01
   1490.00    0.1840110744E+01
   1491.00    0.2031554720E+01
   1492.00    0.2312096936E+01
   1493.00    0.2708915662E+01
   1494.00    0.3188502984E+01
   1495.00    0.3697445652E+01
   1496.00    0.4175605989E+01
   1497.00    0.4420034370E+01
   1498.00    0.4164997450E+01
   1499.00    0.3502645468E+01
   1500.00    0.2783205627E+01
   1501.00    0.2242844837E+01
   1502.00    0.2016801110E+01
   1503.00    0.2234891516E+01
   1504.00    0.2991540541E+01
   1505.00    0.4392715793E+01
   1506.00    0.6685187932E+01
   1507.00    0.1029454921E+02
   1508.00    0.1565424882E+02
   1509.00    0.2255330375E+02
   1510.00    0.2955915422E+02
   1511.00    0.3533586249E+02
   1512.00    0.3973827388E+02
   1513.00    0.4221330684E+02
   1514.00    0.4116401242E+02
   1515.00    0.3649385047E+02
   1516.00    0.3051967055E+02
   1517.00    0.2516682462E+02
   1518.00    0.2096712554E+02
   1519.00    0.1780309648E+02
   1520.00    0.1544069928E+02
   1521.00    0.1369111024E+02
   1522.00    0.1241084922E+02
   1523.00    0.1144203793E+02
   1524.00    0.1063714879E+02
   1525.00    0.9942320119E+01
   1526.00    0.9356336713E+01
   1527.00    0.8876473215E+01
   1528.00    0.8493330959E+01
   1529.00    0.8196730002E+01
   1530.00    0.7978747692E+01
   1531.00    0.7834515467E+01
   1532.00    0.7762088920E+01
   1533.00    0.7761620521E+01
   1534.00    0.7832887631E+01
   1535.00    0.7967987160E+01
   1536.00    0.8131027830E+01
   1537.00    0.8211696908E+01
   1538.00    0.7975677063E+01
   1539.00    0.7206452121E+01
   1540.00    0.6133613708E+01
   1541.00    0.5328967184E+01
   1542.00    0.5054214957E+01
   1543.00    0.5174285458E+01
   1544.00    0.5395172413E+01
   1545.00    0.5349682614E+01
   1546.00    0.4772445495E+01
   1547.00    0.3820943293E+01
   1548.00    0.2862964566E+01
   1549.00    0.2085216312E+01
   1550.00    0.1504609364E+01
   1551.00    0.1086420547E+01
   1552.00    0.7964000056E+00
   1553.00    0.6114955435E+00
   1554.00    0.5148567926E+00
   1555.00    0.4851921211E+00
   1556.00    0.4953212459E+00
   1557.00    0.5223678493E+00
   1558.00    0.5528483694E+00
   1559.00    0.5802897177E+00
   1560.00    0.6019311569E+00
   1561.00    0.6167336794E+00
   1562.00    0.6244034945E+00
   1563.00    0.6249435653E+00
   1564.00    0.6184605247E+00
   1565.00    0.6051052353E+00
   1566.00    0.5851080655E+00
   1567.00    0.5589273751E+00
   1568.00    0.5275987350E+00
   1569.00    0.4934911583E+00
   1570.00    0.4618562249E+00
   1571.00    0.4435061227E+00
   1572.00    0.4572409961E+00
   1573.00    0.5266043377E+00
   1574.00    0.6705460136E+00
   1575.00    0.9025665662E+00
   1576.00    0.1240219191E+01
   1577.00    0.1711473370E+01
   1578.00    0.2349673421E+01
   1579.00    0.3159044591E+01
   1580.00    0.4020424022E+01
   1581.00    0.4628834270E+01
   1582.00    0.4758711205E+01
   1583.00    0.4537578020E+01
   1584.00    0.4201101416E+01
   1585.00    0.3875452249E+01
   1586.00    0.3597545070E+01
   1587.00    0.3369196995E+01
   1588.00    0.3182857366E+01
   1589.00    0.3030202116E+01
   1590.00    0.2904522419E+01
   1591.00    0.2801316368E+01
   1592.00    0.2718062379E+01
   1593.00    0.2651804658E+01
   1594.00    0.2595995670E+01
   1595.00    0.2544771346E+01
   1596.00    0.2497214305E+01
   1597.00    0.2454102977E+01
   1598.00    0.2415660145E+01
   1599.00    0.2381593647E+01
   1600.00    0.2351436695E+01
   1601.00    0.2324715971E+01
   1602.00    0.2301007328E+01
   1603.00    0.2279946642E+01
   1604.00    0.2261225814E+01
   1605.00    0.2244584972E+01
   1606.00    0.2229804581E+01
   1607.00    0.2216698542E+01
   1608.00    0.2205108467E+01
   1609.00    0.2194899005E+01
   1610.00    0.2185954062E+01
   1611.00    0.2178173738E+01
   1612.00    0.2171471838E+01
   1613.00    0.2165773839E+01
   1614.00    0.2161015232E+01
   1615.00    0.2157140147E+01
   1616.00    0.2154100227E+01
   1617.00    0.2151853685E+01
   1618.00    0.2150364531E+01
   1619.00    0.2149601917E+01
   1620.00    0.2149539604E+01
   1621.00    0.2150155507E+01
   1622.00    0.2151431328E+01
   1623.00    0.2153352245E+01
   1624.00    0.2155906668E+01
   1625.00    0.2159086034E+01
   1626.00    0.2162884655E+01
   1627.00    0.2167299602E+01
   1628.00    0.2172330621E+01
   1629.00    0.2177980093E+01
   1630.00    0.2184253018E+01
   1631.00    0.2191157033E+01
   1632.00    0.2198702465E+01
   1633.00    0.2206902410E+01
   1634.00    0.2215772856E+01
   1635.00    0.2225332828E+01
   1636.00    0.2235604590E+01
   1637.00    0.2246613871E+01
   1638.00    0.2258390155E+01
   1639.00    0.2270967016E+01
   1640.00    0.2284382523E+01
   1641.00    0.2298679709E+01
   1642.00    0.2313907133E+01
   1643.00    0.2330119534E+01
   1644.00    0.2347378605E+01
   1645.00    0.2365753910E+01
   1646.00    0.2385323955E+01
   1647.00    0.2406177477E+01
   1648.00    0.2428414962E+01
   1649.00    0.2452150466E+01
   1650.00    0.2477513798E+01
   1651.00    0.2504653150E+01
   1652.00    0.2533738287E+01
   1653.00    0.2564964434E+01
   1654.00    0.2598557041E+01
   1655.00    0.2634777661E+01
   1656.00    0.2673931249E+01
   1657.00    0.2716375300E+01
   1658.00    0.2762531385E+01
   1659.00    0.2812899818E+01
   1660.00    0.2868078480E+01
   1661.00    0.2928787202E+01
   1662.00    0.2995899672E+01
   1663.00    0.3070485597E+01
   1664.00    0.3153867056E+01
   1665.00    0.3247694582E+01
   1666.00    0.3354051024E+01
   1667.00    0.3475594644E+01
   1668.00    0.3615757709E+01
   1669.00    0.3779022626E+01
   1670.00    0.3971302483E+01
   1671.00    0.4200447990E+01
   1672.00    0.4476858453E+01
   1673.00    0.4813991794E+01
   1674.00    0.5227930611E+01
   1675.00    0.5733097379E+01
   1676.00    0.6325231978E+01
   1677.00    0.6930648898E+01
   1678.00    0.7310472258E+01
   1679.00    0.7075854184E+01
   1680.00    0.6118070081E+01
   1681.00    0.4853200803E+01
   1682.00    0.3696203553E+01
   1683.00    0.2779361343E+01
   1684.00    0.2084904050E+01
   1685.00    0.1564018085E+01
   1686.00    0.1175846470E+01
   1687.00    0.8942549497E+00
   1688.00    0.7062306014E+00
   1689.00    0.6057042635E+00
   1690.00    0.5814897214E+00
   1691.00    0.6107898904E+00
   1692.00    0.6689647515E+00
   1693.00    0.7391813755E+00
   1694.00    0.8124792451E+00
   1695.00    0.8846365120E+00
   1696.00    0.9538413800E+00
   1697.00    0.1019445607E+01
   1698.00    0.1081351479E+01
   1699.00    0.1139714100E+01
   1700.00    0.1194795855E+01
   1701.00    0.1246894939E+01
   1702.00    0.1296310626E+01
   1703.00    0.1343327066E+01
   1704.00    0.1388206538E+01
   1705.00    0.1431187497E+01
   1706.00    0.1472485011E+01
   1707.00    0.1512292316E+01
   1708.00    0.1550782812E+01
   1709.00    0.1588112177E+01
   1710.00    0.1624420390E+01
   1711.00    0.1659833613E+01
   1712.00    0.1694465888E+01
   1713.00    0.1728420646E+01
   1714.00    0.1761792036E+01
   1715.00    0.1794666096E+01
   1716.00    0.1827121778E+01
   1717.00    0.1859231844E+01
   1718.00    0.1891063653E+01
   1719.00    0.1922679849E+01
   1720.00    0.1954138971E+01
   1721.00    0.1985495986E+01
   1722.00    0.2016802763E+01
   1723.00    0.2048108497E+01
   1724.00    0.2079460078E+01
   1725.00    0.2110902435E+01
   1726.00    0.2142478837E+01
   1727.00    0.2174231165E+01
   1728.00    0.2206200169E+01
   1729.00    0.2238425692E+01
   1730.00    0.2270946889E+01
   1731.00    0.2303802421E+01
   1732.00    0.2337030644E+01
   1733.00    0.2370669787E+01
   1734.00    0.2404758116E+01
   1735.00    0.2439334105E+01
   1736.00    0.2474436585E+01
   1737.00    0.2510104908E+01
   1738.00    0.2546379098E+01
   1739.00    0.2583300005E+01
   1740.00    0.2620909464E+01
   1741.00    0.2659250450E+01
   1742.00    0.2698367243E+01
   1743.00    0.2738305597E+01
   1744.00    0.2779112911E+01
   1745.00    0.2820838416E+01
   1746.00    0.2863533366E+01
   1747.00    0.2907251239E+01
   1748.00    0.2952047958E+01
   1749.00    0.2997982121E+01
   1750.00    0.3045115245E+01
   1751.00    0.3093512039E+01
   1752.00    0.3143240685E+01
   1753.00    0.3194373158E+01
   1754.00    0.3246985558E+01
   1755.00    0.3301158483E+01
   1756.00    0.3356977432E+01
   1757.00    0.3414533246E+01
   1758.00    0.3473922591E+01
   1759.00    0.3535248496E+01
   1760.00    0.3598620938E+01
   1761.00    0.3664157490E+01
   1762.00    0.3731984045E+01
   1763.00    0.3802235612E+01
   1764.00    0.3875057203E+01
   1765.00    0.3950604830E+01
   1766.00    0.4029046604E+01
   1767.00    0.4110563979E+01
   1768.00    0.4195353144E+01
   1769.00    0.4283626587E+01
   1770.00    0.4375614865E+01
   1771.00    0.4471568596E+01
   1772.00    0.4571760733E+01
   1773.00    0.4676489132E+01
   1774.00    0.4786079496E+01
   1775.00    0.4900888733E+01
   1776.00    0.5021308811E+01
   1777.00    0.5147771193E+01
   1778.00    0.5280751961E+01
   1779.00    0.5420777752E+01
   1780.00    0.5568432662E+01
   1781.00    0.5724366304E+01
   1782.00    0.5889303260E+01
   1783.00    0.6064054198E+01
   1784.00    0.6249529027E+01
   1785.00    0.6446752516E+01
   1786.00    0.6656882948E+01
   1787.00    0.6881234495E+01
   1788.00    0.7121304239E+01
   1789.00    0.7378804944E+01
   1790.00    0.7655705109E+01
   1791.00    0.7954278188E+01
   1792.00    0.8277163544E+01
   1793.00    0.8627442470E+01
   1794.00    0.9008733772E+01
   1795.00    0.9425314968E+01
   1796.00    0.9882277363E+01
   1797.00    0.1038572640E+02
   1798.00    0.1094304319E+02
   1799.00    0.1156322971E+02
   1800.00    0.1225736976E+02
   1801.00    0.1303925230E+02
   1802.00    0.1392622534E+02
   1803.00    0.1494038191E+02
   1804.00    0.1611022958E+02
   1805.00    0.1747307249E+02
   1806.00    0.1907844801E+02
   1807.00    0.2099311859E+02
   1808.00    0.2330829302E+02
   1809.00    0.2614977066E+02
   1810.00    0.2969084689E+02
   1811.00    0.3416341516E+02
   1812.00    0.3984550534E+02
   1813.00    0.4694584835E+02
   1814.00    0.5516248293E+02
   1815.00    0.6265493989E+02
   1816.00    0.6561952256E+02
   1817.00    0.6185818212E+02
   1818.00    0.5405489231E+02
   1819.00    0.4587649276E+02
   1820.00    0.3891793911E+02
   1821.00    0.3337520463E+02
   1822.00    0.2901465654E+02
   1823.00    0.2555887110E+02
   1824.00    0.2278174433E+02
   1825.00    0.2051547991E+02
   1826.00    0.1863848443E+02
   1827.00    0.1706257516E+02
   1828.00    0.1572313403E+02
   1829.00    0.1457214686E+02
   1830.00    0.1357340228E+02
   1831.00    0.1269918665E+02
   1832.00    0.1192799193E+02
   1833.00    0.1124290698E+02
   1834.00    0.1063047358E+02
   1835.00    0.1007986146E+02
   1836.00    0.9582265365E+01
   1837.00    0.9130458487E+01
   1838.00    0.8718457733E+01
   1839.00    0.8341269748E+01
   1840.00    0.7994696161E+01
   1841.00    0.7675182668E+01
   1842.00    0.7379700983E+01
   1843.00    0.7105655637E+01
   1844.00    0.6850809792E+01
   1845.00    0.6613225717E+01
   1846.00    0.6391216669E+01
   1847.00    0.6183307730E+01
   1848.00    0.5988203718E+01
   1849.00    0.5804762732E+01
   1850.00    0.5631974220E+01
   1851.00    0.5468940691E+01
   1852.00    0.5314862387E+01
   1853.00    0.5169024382E+01
   1854.00    0.5030785652E+01
   1855.00    0.4899569800E+01
   1856.00    0.4774857132E+01
   1857.00    0.4656177871E+01
   1858.00    0.4543106319E+01
   1859.00    0.4435255817E+01
   1860.00    0.4332274382E+01
   1861.00    0.4233840911E+01
   1862.00    0.4139661877E+01
   1863.00    0.4049468433E+01
   1864.00    0.3963013880E+01
   1865.00    0.3880071434E+01
   1866.00    0.3800432260E+01
   1867.00    0.3723903733E+01
   1868.00    0.3650307899E+01
   1869.00    0.3579480106E+01
   1870.00    0.3511267784E+01
   1871.00    0.3445529360E+01
   1872.00    0.3382133285E+01
   1873.00    0.3320957163E+01
   1874.00    0.3261886972E+01
   1875.00    0.3204816357E+01
   1876.00    0.3149645998E+01
   1877.00    0.3096283042E+01
   1878.00    0.3044640580E+01
   1879.00    0.2994637183E+01
   1880.00    0.2946196474E+01
   1881.00    0.2899246748E+01
   1882.00    0.2853720613E+01
   1883.00    0.2809554679E+01
   1884.00    0.2766689257E+01
   1885.00    0.2725068100E+01
   1886.00    0.2684638155E+01
   1887.00    0.2645349340E+01
   1888.00    0.2607154339E+01
   1889.00    0.2570008415E+01
   1890.00    0.2533869235E+01
   1891.00    0.2498696714E+01
   1892.00    0.2464452861E+01
   1893.00    0.2431101652E+01
   1894.00    0.2398608900E+01
   1895.00    0.2366942140E+01
   1896.00    0.2336070523E+01
   1897.00    0.2305964714E+01
   1898.00    0.2276596805E+01
   1899.00    0.2247940225E+01
   1900.00    0.2219969662E+01
   1901.00    0.2192660991E+01
   1902.00    0.2165991203E+01
   1903.00    0.2139938344E+01
   1904.00    0.2114481451E+01
   1905.00    0.2089600502E+01
   1906.00    0.2065276358E+01
   1907.00    0.2041490721E+01
   1908.00    0.2018226082E+01
   1909.00    0.1995465685E+01
   1910.00    0.1973193483E+01
   1911.00    0.1951394101E+01
   1912.00    0.1930052804E+01
   1913.00    0.1909155460E+01
   1914.00    0.1888688514E+01
   1915.00    0.1868638955E+01
   1916.00    0.1848994292E+01
   1917.00    0.1829742525E+01
   1918.00    0.1810872124E+01
   1919.00    0.1792372006E+01
   1920.00    0.1774231510E+01
   1921.00    0.1756440383E+01
   1922.00    0.1738988756E+01
   1923.00    0.1721867126E+01
   1924.00    0.1705066344E+01
   1925.00    0.1688577594E+01
   1926.00    0.1672392378E+01
   1927.00    0.1656502507E+01
   1928.00    0.1640900080E+01
   1929.00    0.1625577477E+01
   1930.00    0.1610527343E+01
   1931.00    0.1595742578E+01
   1932.00    0.1581216327E+01
   1933.00    0.1566941969E+01
   1934.00    0.1552913106E+01
   1935.00    0.1539123554E+01
   1936.00    0.1525567335E+01
   1937.00    0.1512238667E+01
   1938.00    0.1499131960E+01
   1939.00    0.1486241802E+01
   1940.00    0.1473562957E+01
   1941.00    0.1461090354E+01
   1942.00    0.1448819085E+01
   1943.00    0.1436744395E+01
   1944.00    0.1424861678E+01
   1945.00    0.1413166468E+01
   1946.00    0.1401654438E+01
   1947.00    0.1390321394E+01
   1948.00    0.1379163265E+01
   1949.00    0.1368176106E+01
   1950.00    0.1357356087E+01
   1951.00    0.1346699492E+01
   1952.00    0.1336202714E+01
   1953.00    0.1325862251E+01
   1954.00    0.1315674702E+01
   1955.00    0.1305636765E+01
   1956.00    0.1295745229E+01
   1957.00    0.1285996977E+01
   1958.00    0.1276388979E+01
   1959.00    0.1266918288E+01
   1960.00    0.1257582040E+01
   1961.00    0.1248377449E+01
   1962.00    0.1239301806E+01
   1963.00    0.1230352475E+01
   1964.00    0.1221526892E+01
   1965.00    0.1212822559E+01
   1966.00    0.1204237049E+01
   1967.00    0.1195767994E+01
   1968.00    0.1187413092E+01
   1969.00    0.1179170100E+01
   1970.00    0.1171036832E+01
   1971.00    0.1163011160E+01
   1972.00    0.1155091009E+01
   1973.00    0.1147274357E+01
   1974.00    0.1139559234E+01
   1975.00    0.1131943720E+01
   1976.00    0.1124425940E+01
   1977.00    0.1117004068E+01
   1978.00    0.1109676323E+01
   1979.00    0.1102440966E+01
   1980.00    0.1095296301E+01
   1981.00    0.1088240675E+01
   1982.00    0.1081272472E+01
   1983.00    0.1074390115E+01
   1984.00    0.1067592066E+01
   1985.00    0.1060876823E+01
   1986.00    0.1054242918E+01
   1987.00    0.1047688919E+01
   1988.00    0.1041213425E+01
   1989.00    0.1034815069E+01
   1990.00    0.1028492516E+01
   1991.00    0.1022244460E+01
   1992.00    0.1016069625E+01
   1993.00    0.1009966764E+01
   1994.00    0.1003934659E+01
   1995.00    0.9979721161E+00
   1996.00    0.9920779713E+00
   1997.00    0.9862510844E+00
   1998.00    0.9804903410E+00
   1999.00    0.9747946506E+00
   2000.00    0.9691629465E+00
   2001.00    0.9635941851E+00
   2002.00    0.9580873452E+00
   2003.00    0.9526414273E+00
   2004.00    0.9472554533E+00
   2005.00    0.9419284657E+00
   2006.00    0.9366595271E+00
   2007.00    0.9314477199E+00
   2008.00    0.9262921452E+00
   2009.00    0.9211919232E+00
   2010.00    0.9161461918E+00
   2011.00    0.9111541069E+00
   2012.00    0.9062148414E+00
   2013.00    0.9013275850E+00
   2014.00    0.8964915439E+00
   2015.00    0.8917059400E+00
   2016.00    0.8869700109E+00
   2017.00    0.8822830095E+00
   2018.00    0.8776442032E+00
   2019.00    0.8730528740E+00
   2020.00    0.8685083180E+00
   2021.00    0.8640098448E+00
   2022.00    0.8595567776E+00
   2023.00    0.8551484527E+00
   2024.00    0.8507842190E+00
   2025.00    0.8464634380E+00
   2026.00    0.8421854832E+00
   2027.00    0.8379497401E+00
   2028.00    0.8337556058E+00
   2029.00    0.8296024886E+00
   2030.00    0.8254898080E+00
   2031.00    0.8214169941E+00
   2032.00    0.8173834878E+00
   2033.00    0.8133887401E+00
   2034.00    0.8094322122E+00
   2035.00    0.8055133750E+00
   2036.00    0.8016317092E+00
   2037.00    0.7977867048E+00
   2038.00    0.7939778610E+00
   2039.00    0.7902046859E+00
   2040.00    0.7864666964E+00
   2041.00    0.7827634183E+00
   2042.00    0.7790943853E+00
   2043.00    0.7754591397E+00
   2044.00    0.7718572316E+00
   2045.00    0.7682882191E+00
   2046.00    0.7647516679E+00
   2047.00    0.7612471513E+00
   2048.00    0.7577742500E+00
   2049.00    0.7543325516E+00
   2050.00    0.7509216511E+00
   2051.00    0.7475411504E+00
   2052.00    0.7441906577E+00
   2053.00    0.7408697884E+00
   2054.00    0.7375781641E+00
   2055.00    0.7343154125E+00
   2056.00    0.7310811680E+00
   2057.00    0.7278750706E+00
   2058.00    0.7246967667E+00
   2059.00    0.7215459081E+00
   2060.00    0.7184221526E+00
   2061.00    0.7153251635E+00
   2062.00    0.7122546095E+00
   2063.00    0.7092101649E+00
   2064.00    0.7061915089E+00
   2065.00    0.7031983262E+00
   2066.00    0.7002303064E+00
   2067.00    0.6972871440E+00
   2068.00    0.6943685384E+00
   2069.00    0.6914741939E+00
   2070.00    0.6886038192E+00
   2071.00    0.6857571277E+00
   2072.00    0.6829338374E+00
   2073.00    0.6801336706E+00
   2074.00    0.6773563537E+00
   2075.00    0.6746016177E+00
   2076.00    0.6718691975E+00
   2077.00    0.6691588322E+00
   2078.00    0.6664702647E+00
   2079.00    0.6638032420E+00
   2080.00    0.6611575149E+00
   2081.00    0.6585328379E+00
   2082.00    0.6559289693E+00
   2083.00    0.6533456709E+00
   2084.00    0.6507827081E+00
   2085.00    0.6482398499E+00
   2086.00    0.6457168686E+00
   2087.00    0.6432135399E+00
   2088.00    0.6407296429E+00
   2089.00    0.6382649597E+00
   2090.00    0.6358192759E+00
   2091.00    0.6333923799E+00
   2092.00    0.6309840635E+00
   2093.00    0.6285941212E+00
   2094.00    0.6262223508E+00
   2095.00    0.6238685526E+00
   2096.00    0.6215325300E+00
   2097.00    0.6192140893E+00
   2098.00    0.6169130394E+00
   2099.00    0.6146291918E+00
   2100.00    0.6123623610E+00
   2101.00    0.6101123636E+00
   2102.00    0.6078790194E+00
   2103.00    0.6056621501E+00
   2104.00    0.6034615803E+00
   2105.00    0.6012771370E+00
   2106.00    0.5991086492E+00
   2107.00    0.5969559488E+00
   2108.00    0.5948188697E+00
   2109.00    0.5926972480E+00
   2110.00    0.5905909222E+00
   2111.00    0.5884997330E+00
   2112.00    0.5864235232E+00
   2113.00    0.5843621377E+00
   2114.00    0.5823154235E+00
   2115.00    0.5802832296E+00
   2116.00    0.5782654073E+00
   2117.00    0.5762618094E+00
   2118.00    0.5742722910E+00
   2119.00    0.5722967091E+00
   2120.00    0.5703349225E+00
   2121.00    0.5683867917E+00
   2122.00    0.5664521794E+00
   2123.00    0.5645309498E+00
   2124.00    0.5626229690E+00
   2125.00    0.5607281047E+00
   2126.00    0.5588462265E+00
   2127.00    0.5569772055E+00
   2128.00    0.5551209146E+00
   2129.00    0.5532772283E+00
   2130.00    0.5514460225E+00
   2131.00    0.5496271750E+00
   2132.00    0.5478205649E+00
   2133.00    0.5460260730E+00
   2134.00    0.5442435815E+00
   2135.00    0.5424729741E+00
   2136.00    0.5407141359E+00
   2137.00    0.5389669536E+00
   2138.00    0.5372313151E+00
   2139.00    0.5355071099E+00
   2140.00    0.5337942286E+00
   2141.00    0.5320925635E+00
   2142.00    0.5304020080E+00
   2143.00    0.5287224567E+00
   2144.00    0.5270538058E+00
   2145.00    0.5253959525E+00
   2146.00    0.5237487953E+00
   2147.00    0.5221122340E+00
   2148.00    0.5204861697E+00
   2149.00    0.5188705044E+00
   2150.00    0.5172651414E+00
   2151.00    0.5156699854E+00
   2152.00    0.5140849419E+00
   2153.00    0.5125099177E+00
   2154.00    0.5109448207E+00
   2155.00    0.5093895597E+00
   2156.00    0.5078440449E+00
   2157.00    0.5063081873E+00
   2158.00    0.5047818989E+00
   2159.00    0.5032650930E+00
   2160.00    0.5017576838E+00
   2161.00    0.5002595863E+00
   2162.00    0.4987707167E+00
   2163.00    0.4972909921E+00
   2164.00    0.4958203305E+00
   2165.00    0.4943586510E+00
   2166.00    0.4929058735E+00
   2167.00    0.4914619187E+00
   2168.00    0.4900267085E+00
   2169.00    0.4886001654E+00
   2170.00    0.4871822130E+00
   2171.00    0.4857727756E+00
   2172.00    0.4843717784E+00
   2173.00    0.4829791474E+00
   2174.00    0.4815948096E+00
   2175.00    0.4802186926E+00
   2176.00    0.4788507248E+00
   2177.00    0.4774908357E+00
   2178.00    0.4761389551E+00
   2179.00    0.4747950141E+00
   2180.00    0.4734589441E+00
   2181.00    0.4721306775E+00
   2182.00    0.4708101473E+00
   2183.00    0.4694972875E+00
   2184.00    0.4681920325E+00
   2185.00    0.4668943175E+00
   2186.00    0.4656040785E+00
   2187.00    0.4643212520E+00
   2188.00    0.4630457755E+00
   2189.00    0.4617775869E+00
   2190.00    0.4605166248E+00
   2191.00    0.4592628285E+00
   2192.00    0.4580161379E+00
   2193.00    0.4567764936E+00
   2194.00    0.4555438369E+00
   2195.00    0.4543181094E+00
   2196.00    0.4530992537E+00
   2197.00    0.4518872128E+00
   2198.00    0.4506819303E+00
   2199.00    0.4494833504E+00
   2200.00    0.4482914179E+00
   2201.00    0.4471060782E+00
   2202.00    0.4459272772E+00
   2203.00    0.4447549613E+00
   2204.00    0.4435890776E+00
   2205.00    0.4424295737E+00
   2206.00    0.4412763977E+00
   2207.00    0.4401294982E+00
   2208.00    0.4389888244E+00
   2209.00    0.4378543260E+00
   2210.00    0.4367259530E+00
   2211.00    0.4356036563E+00
   2212.00    0.4344873870E+00
   2213.00    0.4333770968E+00
   2214.00    0.4322727377E+00
   2215.00    0.4311742625E+00
   2216.00    0.4300816243E+00
   2217.00    0.4289947765E+00
   2218.00    0.4279136732E+00
   2219.00    0.4268382689E+00
   2220.00    0.4257685186E+00
   2221.00    0.4247043775E+00
   2222.00    0.4236458015E+00
   2223.00    0.4225927467E+00
   2224.00    0.4215451699E+00
   2225.00    0.4205030282E+00
   2226.00    0.4194662789E+00
   2227.00    0.4184348800E+00
   2228.00    0.4174087899E+00
   2229.00    0.4163879672E+00
   2230.00    0.4153723709E+00
   2231.00    0.4143619607E+00
   2232.00    0.4133566964E+00
   2233.00    0.4123565381E+00
   2234.00    0.4113614466E+00
   2235.00    0.4103713829E+00
   2236.00    0.4093863082E+00
   2237.00    0.4084061844E+00
   2238.00    0.4074309735E+00
   2239.00    0.4064606380E+00
   2240.00    0.4054951407E+00
   2241.00    0.4045344446E+00
   2242.00    0.4035785133E+00
   2243.00    0.4026273105E+00
   2244.00    0.4016808005E+00
   2245.00    0.4007389476E+00
   2246.00    0.3998017168E+00
   2247.00    0.3988690730E+00
   2248.00    0.3979409818E+00
   2249.00    0.3970174089E+00
   2250.00    0.3960983204E+00
   2251.00    0.3951836825E+00
   2252.00    0.3942734620E+00
   2253.00    0.3933676259E+00
   2254.00    0.3924661414E+00
   2255.00    0.3915689761E+00
   2256.00    0.3906760978E+00
   2257.00    0.3897874746E+00
   2258.00    0.3889030750E+00
   2259.00    0.3880228676E+00
   2260.00    0.3871468215E+00
   2261.00    0.3862749057E+00
   2262.00    0.3854070900E+00
   2263.00    0.3845433439E+00
   2264.00    0.3836836376E+00
   2265.00    0.3828279414E+00
   2266.00    0.3819762257E+00
   2267.00    0.3811284615E+00
   2268.00    0.3802846197E+00
   2269.00    0.3794446717E+00
   2270.00    0.3786085890E+00
   2271.00    0.3777763435E+00
   2272.00    0.3769479070E+00
   2273.00    0.3761232520E+00
   2274.00    0.3753023509E+00
   2275.00    0.3744851765E+00
   2276.00    0.3736717017E+00
   2277.00    0.3728618997E+00
   2278.00    0.3720557439E+00
   2279.00    0.3712532080E+00
   2280.00    0.3704542658E+00
   2281.00    0.3696588914E+00
   2282.00    0.3688670591E+00
   2283.00    0.3680787433E+00
   2284.00    0.3672939189E+00
   2285.00    0.3665125606E+00
   2286.00    0.3657346437E+00
   2287.00    0.3649601434E+00
   2288.00    0.3641890352E+00
   2289.00    0.3634212949E+00
   2290.00    0.3626568984E+00
   2291.00    0.3618958219E+00
   2292.00    0.3611380415E+00
   2293.00    0.3603835338E+00
   2294.00    0.3596322755E+00
   2295.00    0.3588842434E+00
   2296.00    0.3581394145E+00
   2297.00    0.3573977662E+00
   2298.00    0.3566592758E+00
   2299.00    0.3559239209E+00
   2300.00    0.3551916792E+00
   2301.00    0.3544625287E+00
   2302.00    0.3537364475E+00
   2303.00    0.3530134138E+00
   2304.00    0.3522934061E+00
   2305.00    0.3515764030E+00
   2306.00    0.3508623832E+00
   2307.00    0.3501513258E+00
   2308.00    0.3494432097E+00
   2309.00    0.3487380142E+00
   2310.00    0.3480357188E+00
   2311.00    0.3473363030E+00
   2312.00    0.3466397465E+00
   2313.00    0.3459460293E+00
   2314.00    0.3452551312E+00
   2315.00    0.3445670324E+00
   2316.00    0.3438817134E+00
   2317.00    0.3431991545E+00
   2318.00    0.3425193364E+00
   2319.00    0.3418422397E+00
   2320.00    0.3411678454E+00
   2321.00    0.3404961346E+00
   2322.00    0.3398270883E+00
   2323.00    0.3391606878E+00
   2324.00    0.3384969147E+00
   2325.00    0.3378357505E+00
   2326.00    0.3371771768E+00
   2327.00    0.3365211755E+00
   2328.00    0.3358677286E+00
   2329.00    0.3352168181E+00
   2330.00    0.3345684263E+00
   2331.00    0.3339225354E+00
   2332.00    0.3332791281E+00
   2333.00    0.3326381868E+00
   2334.00    0.3319996942E+00
   2335.00    0.3313636332E+00
   2336.00    0.3307299867E+00
   2337.00    0.3300987378E+00
   2338.00    0.3294698697E+00
   2339.00    0.3288433656E+00
   2340.00    0.3282192090E+00
   2341.00    0.3275973833E+00
   2342.00    0.3269778722E+00
   2343.00    0.3263606595E+00
   2344.00    0.3257457289E+00
   2345.00    0.3251330645E+00
   2346.00    0.3245226502E+00
   2347.00    0.3239144703E+00
   2348.00    0.3233085090E+00
   2349.00    0.3227047507E+00
   2350.00    0.3221031799E+00
   2351.00    0.3215037811E+00
   2352.00    0.3209065391E+00
   2353.00    0.3203114385E+00
   2354.00    0.3197184643E+00
   2355.00    0.3191276014E+00
   2356.00    0.3185388348E+00
   2357.00    0.3179521498E+00
   2358.00    0.3173675316E+00
   2359.00    0.3167849656E+00
   2360.00    0.3162044370E+00
   2361.00    0.3156259316E+00
   2362.00    0.3150494348E+00
   2363.00    0.3144749324E+00
   2364.00    0.3139024102E+00
   2365.00    0.3133318541E+00
   2366.00    0.3127632499E+00
   2367.00    0.3121965838E+00
   2368.00    0.3116318419E+00
   2369.00    0.3110690103E+00
   2370.00    0.3105080754E+00
   2371.00    0.3099490236E+00
   2372.00    0.3093918412E+00
   2373.00    0.3088365149E+00
   2374.00    0.3082830312E+00
   2375.00    0.3077313768E+00
   2376.00    0.3071815385E+00
   2377.00    0.3066335031E+00
   2378.00    0.3060872576E+00
   2379.00    0.3055427888E+00
   2380.00    0.3050000840E+00
   2381.00    0.3044591301E+00
   2382.00    0.3039199144E+00
   2383.00    0.3033824242E+00
   2384.00    0.3028466469E+00
   2385.00    0.3023125697E+00
   2386.00    0.3017801803E+00
   2387.00    0.3012494661E+00
   2388.00    0.3007204148E+00
   2389.00    0.3001930140E+00
   2390.00    0.2996672515E+00
   2391.00    0.2991431151E+00
   2392.00    0.2986205927E+00
   2393.00    0.2980996721E+00
   2394.00    0.2975803415E+00
   2395.00    0.2970625888E+00
   2396.00    0.2965464022E+00
   2397.00    0.2960317699E+00
   2398.00    0.2955186800E+00
   2399.00    0.2950071210E+00
   2400.00    0.2944970810E+00
   2401.00    0.2939885486E+00
   2402.00    0.2934815122E+00
   2403.00    0.2929759603E+00
   2404.00    0.2924718816E+00
   2405.00    0.2919692646E+00
   2406.00    0.2914680980E+00
   2407.00    0.2909683705E+00
   2408.00    0.2904700710E+00
   2409.00    0.2899731883E+00
   2410.00    0.2894777113E+00
   2411.00    0.2889836289E+00
   2412.00    0.2884909301E+00
   2413.00    0.2879996039E+00
   2414.00    0.2875096395E+00
   2415.00    0.2870210260E+00
   2416.00    0.2865337525E+00
   2417.00    0.2860478083E+00
   2418.00    0.2855631826E+00
   2419.00    0.2850798649E+00
   2420.00    0.2845978444E+00
   2421.00    0.2841171105E+00
   2422.00    0.2836376527E+00
   2423.00    0.2831594606E+00
   2424.00    0.2826825235E+00
   2425.00    0.2822068312E+00
   2426.00    0.2817323732E+00
   2427.00    0.2812591392E+00
   2428.00    0.2807871189E+00
   2429.00    0.2803163020E+00
   2430.00    0.2798466783E+00
   2431.00    0.2793782376E+00
   2432.00    0.2789109698E+00
   2433.00    0.2784448647E+00
   2434.00    0.2779799123E+00
   2435.00    0.2775161025E+00
   2436.00    0.2770534254E+00
   2437.00    0.2765918709E+00
   2438.00    0.2761314292E+00
   2439.00    0.2756720902E+00
   2440.00    0.2752138443E+00
   2441.00    0.2747566814E+00
   2442.00    0.2743005918E+00
   2443.00    0.2738455658E+00
   2444.00    0.2733915935E+00
   2445.00    0.2729386653E+00
   2446.00    0.2724867715E+00
   2447.00    0.2720359025E+00
   2448.00    0.2715860485E+00
   2449.00    0.2711372000E+00
   2450.00    0.2706893475E+00
   2451.00    0.2702424813E+00
   2452.00    0.2697965921E+00
   2453.00    0.2693516701E+00
   2454.00    0.2689077061E+00
   2455.00    0.2684646906E+00
   2456.00    0.2680226141E+00
   2457.00    0.2675814672E+00
   2458.00    0.2671412407E+00
   2459.00    0.2667019250E+00
   2460.00    0.2662635110E+00
   2461.00    0.2658259892E+00
   2462.00    0.2653893505E+00
   2463.00    0.2649535855E+00
   2464.00    0.2645186850E+00
   2465.00    0.2640846398E+00
   2466.00    0.2636514407E+00
   2467.00    0.2632190785E+00
   2468.00    0.2627875439E+00
   2469.00    0.2623568280E+00
   2470.00    0.2619269215E+00
   2471.00    0.2614978153E+00
   2472.00    0.2610695004E+00
   2473.00    0.2606419676E+00
   2474.00    0.2602152078E+00
   2475.00    0.2597892121E+00
   2476.00    0.2593639713E+00
   2477.00    0.2589394765E+00
   2478.00    0.2585157186E+00
   2479.00    0.2580926887E+00
   2480.00    0.2576703777E+00
   2481.00    0.2572487766E+00
   2482.00    0.2568278765E+00
   2483.00    0.2564076685E+00
   2484.00    0.2559881435E+00
   2485.00    0.2555692927E+00
   2486.00    0.2551511071E+00
   2487.00    0.2547335779E+00
   2488.00    0.2543166960E+00
   2489.00    0.2539004525E+00
   2490.00    0.2534848387E+00
   2491.00    0.2530698456E+00
   2492.00    0.2526554643E+00
   2493.00    0.2522416859E+00
   2494.00    0.2518285015E+00
   2495.00    0.2514159024E+00
   2496.00    0.2510038795E+00
   2497.00    0.2505924242E+00
   2498.00    0.2501815274E+00
   2499.00    0.2497711804E+00
   2500.00    0.2493613742E+00
   2501.00    0.2489521001E+00
   2502.00    0.2485433492E+00
   2503.00    0.2481351125E+00
   2504.00    0.2477273814E+00
   2505.00    0.2473201469E+00
   2506.00    0.2469134001E+00
   2507.00    0.2465071323E+00
   2508.00    0.2461013345E+00
   2509.00    0.2456959979E+00
   2510.00    0.2452911136E+00
   2511.00    0.2448866728E+00
   2512.00    0.2444826665E+00
   2513.00    0.2440790860E+00
   2514.00    0.2436759223E+00
   2515.00    0.2432731665E+00
   2516.00    0.2428708097E+00
   2517.00    0.2424688431E+00
   2518.00    0.2420672578E+00
   2519.00    0.2416660447E+00
   2520.00    0.2412651950E+00
   2521.00    0.2408646998E+00
   2522.00    0.2404645501E+00
   2523.00    0.2400647369E+00
   2524.00    0.2396652513E+00
   2525.00    0.2392660843E+00
   2526.00    0.2388672269E+00
   2527.00    0.2384686702E+00
   2528.00    0.2380704050E+00
   2529.00    0.2376724224E+00
   2530.00    0.2372747133E+00
   2531.00    0.2368772687E+00
   2532.00    0.2364800795E+00
   2533.00    0.2360831366E+00
   2534.00    0.2356864309E+00
   2535.00    0.2352899532E+00
   2536.00    0.2348936945E+00
   2537.00    0.2344976456E+00
   2538.00    0.2341017973E+00
   2539.00    0.2337061403E+00
   2540.00    0.2333106656E+00
   2541.00    0.2329153638E+00
   2542.00    0.2325202256E+00
   2543.00    0.2321252419E+00
   2544.00    0.2317304033E+00
   2545.00    0.2313357004E+00
   2546.00    0.2309411240E+00
   2547.00    0.2305466646E+00
   2548.00    0.2301523129E+00
   2549.00    0.2297580593E+00
   2550.00    0.2293638945E+00
   2551.00    0.2289698090E+00
   2552.00    0.2285757933E+00
   2553.00    0.2281818378E+00
   2554.00    0.2277879330E+00
   2555.00    0.2273940692E+00
   2556.00    0.2270002369E+00
   2557.00    0.2266064264E+00
   2558.00    0.2262126279E+00
   2559.00    0.2258188319E+00
   2560.00    0.2254250284E+00
   2561.00    0.2250312078E+00
   2562.00    0.2246373602E+00
   2563.00    0.2242434758E+00
   2564.00    0.2238495446E+00
   2565.00    0.2234555567E+00
   2566.00    0.2230615021E+00
   2567.00    0.2226673709E+00
   2568.00    0.2222731529E+00
   2569.00    0.2218788382E+00
   2570.00    0.2214844165E+00
   2571.00    0.2210898778E+00
   2572.00    0.2206952117E+00
   2573.00    0.2203004080E+00
   2574.00    0.2199054565E+00
   2575.00    0.2195103467E+00
   2576.00    0.2191150684E+00
   2577.00    0.2187196109E+00
   2578.00    0.2183239640E+00
   2579.00    0.2179281170E+00
   2580.00    0.2175320593E+00
   2581.00    0.2171357804E+00
   2582.00    0.2167392695E+00
   2583.00    0.2163425159E+00
   2584.00    0.2159455089E+00
   2585.00    0.2155482375E+00
   2586.00    0.2151506909E+00
   2587.00    0.2147528582E+00
   2588.00    0.2143547282E+00
   2589.00    0.2139562901E+00
   2590.00    0.2135575326E+00
   2591.00    0.2131584445E+00
   2592.00    0.2127590147E+00
   2593.00    0.2123592319E+00
   2594.00    0.2119590845E+00
   2595.00    0.2115585614E+00
   2596.00    0.2111576508E+00
   2597.00    0.2107563414E+00
   2598.00    0.2103546215E+00
   2599.00    0.2099524793E+00
   2600.00    0.2095499032E+00
   2601.00    0.2091468812E+00
   2602.00    0.2087434016E+00
   2603.00    0.2083394523E+00
   2604.00    0.2079350213E+00
   2605.00    0.2075300965E+00
   2606.00    0.2071246657E+00
   2607.00    0.2067187167E+00
   2608.00    0.2063122370E+00
   2609.00    0.2059052143E+00
   2610.00    0.2054976360E+00
   2611.00    0.2050894897E+00
   2612.00    0.2046807626E+00
   2613.00    0.2042714419E+00
   2614.00    0.2038615149E+00
   2615.00    0.2034509686E+00
   2616.00    0.2030397900E+00
   2617.00    0.2026279661E+00
   2618.00    0.2022154836E+00
   2619.00    0.2018023293E+00
   2620.00    0.2013884898E+00
   2621.00    0.2009739516E+00
   2622.00    0.2005587012E+00
   2623.00    0.2001427250E+00
   2624.00    0.1997260091E+00
   2625.00    0.1993085397E+00
   2626.00    0.1988903029E+00
   2627.00    0.1984712847E+00
   2628.00    0.1980514708E+00
   2629.00    0.1976308470E+00
   2630.00    0.1972093989E+00
   2631.00    0.1967871120E+00
   2632.00    0.1963639718E+00
   2633.00    0.1959399635E+00
   2634.00    0.1955150724E+00
   2635.00    0.1950892834E+00
   2636.00    0.1946625815E+00
   2637.00    0.1942349516E+00
   2638.00    0.1938063784E+00
   2639.00    0.1933768464E+00
   2640.00    0.1929463402E+00
   2641.00    0.1925148439E+00
   2642.00    0.1920823420E+00
   2643.00    0.1916488183E+00
   2644.00    0.1912142570E+00
   2645.00    0.1907786417E+00
   2646.00    0.1903419562E+00
   2647.00    0.1899041839E+00
   2648.00    0.1894653084E+00
   2649.00    0.1890253128E+00
   2650.00    0.1885841802E+00
   2651.00    0.1881418937E+00
   2652.00    0.1876984360E+00
   2653.00    0.1872537899E+00
   2654.00    0.1868079377E+00
   2655.00    0.1863608619E+00
   2656.00    0.1859125447E+00
   2657.00    0.1854629681E+00
   2658.00    0.1850121140E+00
   2659.00    0.1845599641E+00
   2660.00    0.1841065000E+00
   2661.00    0.1836517030E+00
   2662.00    0.1831955544E+00
   2663.00    0.1827380351E+00
   2664.00    0.1822791261E+00
   2665.00    0.1818188080E+00
   2666.00    0.1813570613E+00
   2667.00    0.1808938663E+00
   2668.00    0.1804292032E+00
   2669.00    0.1799630518E+00
   2670.00    0.1794953919E+00
   2671.00    0.1790262031E+00
   2672.00    0.1785554647E+00
   2673.00    0.1780831558E+00
   2674.00    0.1776092553E+00
   2675.00    0.1771337421E+00
   2676.00    0.1766565946E+00
   2677.00    0.1761777911E+00
   2678.00    0.1756973097E+00
   2679.00    0.1752151282E+00
   2680.00    0.1747312243E+00
   2681.00    0.1742455754E+00
   2682.00    0.1737581588E+00
   2683.00    0.1732689512E+00
   2684.00    0.1727779294E+00
   2685.00    0.1722850700E+00
   2686.00    0.1717903490E+00
   2687.00    0.1712937426E+00
   2688.00    0.1707952263E+00
   2689.00    0.1702947756E+00
   2690.00    0.1697923658E+00
   2691.00    0.1692879717E+00
   2692.00    0.1687815681E+00
   2693.00    0.1682731293E+00
   2694.00    0.1677626294E+00
   2695.00    0.1672500423E+00
   2696.00    0.1667353414E+00
   2697.00    0.1662185000E+00
   2698.00    0.1656994912E+00
   2699.00    0.1651782875E+00
   2700.00    0.1646548612E+00
   2701.00    0.1641291845E+00
   2702.00    0.1636012291E+00
   2703.00    0.1630709662E+00
   2704.00    0.1625383671E+00
   2705.00    0.1620034025E+00
   2706.00    0.1614660428E+00
   2707.00    0.1609262580E+00
   2708.00    0.1603840179E+00
   2709.00    0.1598392919E+00
   2710.00    0.1592920489E+00
   2711.00    0.1587422577E+00
   2712.00    0.1581898864E+00
   2713.00    0.1576349032E+00
   2714.00    0.1570772753E+00
   2715.00    0.1565169701E+00
   2716.00    0.1559539542E+00
   2717.00    0.1553881941E+00
   2718.00    0.1548196555E+00
   2719.00    0.1542483042E+00
   2720.00    0.1536741051E+00
   2721.00    0.1530970230E+00
   2722.00    0.1525170222E+00
   2723.00    0.1519340663E+00
   2724.00    0.1513481189E+00
   2725.00    0.1507591427E+00
   2726.00    0.1501671003E+00
   2727.00    0.1495719536E+00
   2728.00    0.1489736642E+00
   2729.00    0.1483721929E+00
   2730.00    0.1477675003E+00
   2731.00    0.1471595465E+00
   2732.00    0.1465482909E+00
   2733.00    0.1459336924E+00
   2734.00    0.1453157096E+00
   2735.00    0.1446943003E+00
   2736.00    0.1440694220E+00
   2737.00    0.1434410313E+00
   2738.00    0.1428090845E+00
   2739.00    0.1421735373E+00
   2740.00    0.1415343447E+00
   2741.00    0.1408914613E+00
   2742.00    0.1402448408E+00
   2743.00    0.1395944365E+00
   2744.00    0.1389402010E+00
   2745.00    0.1382820863E+00
   2746.00    0.1376200437E+00
   2747.00    0.1369540239E+00
   2748.00    0.1362839769E+00
   2749.00    0.1356098519E+00
   2750.00    0.1349315976E+00
   2751.00    0.1342491618E+00
   2752.00    0.1335624917E+00
   2753.00    0.1328715337E+00
   2754.00    0.1321762335E+00
   2755.00    0.1314765360E+00
   2756.00    0.1307723854E+00
   2757.00    0.1300637249E+00
   2758.00    0.1293504972E+00
   2759.00    0.1286326438E+00
   2760.00    0.1279101057E+00
   2761.00    0.1271828230E+00
   2762.00    0.1264507347E+00
   2763.00    0.1257137792E+00
   2764.00    0.1249718937E+00
   2765.00    0.1242250148E+00
   2766.00    0.1234730781E+00
   2767.00    0.1227160179E+00
   2768.00    0.1219537681E+00
   2769.00    0.1211862611E+00
   2770.00    0.1204134285E+00
   2771.00    0.1196352011E+00
   2772.00    0.1188515082E+00
   2773.00    0.1180622785E+00
   2774.00    0.1172674392E+00
   2775.00    0.1164669167E+00
   2776.00    0.1156606361E+00
   2777.00    0.1148485215E+00
   2778.00    0.1140304957E+00
   2779.00    0.1132064803E+00
   2780.00    0.1123763958E+00
   2781.00    0.1115401615E+00
   2782.00    0.1106976952E+00
   2783.00    0.1098489137E+00
   2784.00    0.1089937322E+00
   2785.00    0.1081320649E+00
   2786.00    0.1072638243E+00
   2787.00    0.1063889217E+00
   2788.00    0.1055072671E+00
   2789.00    0.1046187688E+00
   2790.00    0.1037233337E+00
   2791.00    0.1028208674E+00
   2792.00    0.1019112738E+00
   2793.00    0.1009944552E+00
   2794.00    0.1000703125E+00
   2795.00    0.9913874480E-01
   2796.00    0.9819964969E-01
   2797.00    0.9725292304E-01
   2798.00    0.9629845900E-01
   2799.00    0.9533614999E-01
   2800.00    0.9436588668E-01
   2801.00    0.9338755792E-01
   2802.00    0.9240105074E-01
   2803.00    0.9140625027E-01
   2804.00    0.9040303979E-01
   2805.00    0.8939130060E-01
   2806.00    0.8837091206E-01
   2807.00    0.8734175153E-01
   2808.00    0.8630369433E-01
   2809.00    0.8525661372E-01
   2810.00    0.8420038086E-01
   2811.00    0.8313486479E-01
   2812.00    0.8205993239E-01
   2813.00    0.8097544835E-01
   2814.00    0.7988127514E-01
   2815.00    0.7877727302E-01
   2816.00    0.7766329995E-01
   2817.00    0.7653921163E-01
   2818.00    0.7540486146E-01
   2819.00    0.7426010052E-01
   2820.00    0.7310477757E-01
   2821.00    0.7193873905E-01
   2822.00    0.7076182906E-01
   2823.00    0.6957388943E-01
   2824.00    0.6837475966E-01
   2825.00    0.6716427703E-01
   2826.00    0.6594227658E-01
   2827.00    0.6470859125E-01
   2828.00    0.6346305186E-01
   2829.00    0.6220548732E-01
   2830.00    0.6093572469E-01
   2831.00    0.5965358937E-01
   2832.00    0.5835890530E-01
   2833.00    0.5705149522E-01
   2834.00    0.5573118097E-01
   2835.00    0.5439778389E-01
   2836.00    0.5305112524E-01
   2837.00    0.5169102685E-01
   2838.00    0.5031731173E-01
   2839.00    0.4892980501E-01
   2840.00    0.4752833496E-01
   2841.00    0.4611273435E-01
   2842.00    0.4468284201E-01
   2843.00    0.4323850497E-01
   2844.00    0.4177958095E-01
   2845.00    0.4030594162E-01
   2846.00    0.3881747672E-01
   2847.00    0.3731409933E-01
   2848.00    0.3579575271E-01
   2849.00    0.3426241918E-01
   2850.00    0.3271413190E-01
   2851.00    0.3115099058E-01
   2852.00    0.2957318273E-01
   2853.00    0.2798101283E-01
   2854.00    0.2637494308E-01
   2855.00    0.2475565128E-01
   2856.00    0.2312411468E-01
   2857.00    0.2148173426E-01
   2858.00    0.1983052347E-01
   2859.00    0.1817340292E-01
   2860.00    0.1651467450E-01
   2861.00    0.1486081022E-01
   2862.00    0.1322181178E-01
   2863.00    0.1161363758E-01
   2864.00    0.1006266181E-01
   2865.00    0.8613914444E-02
   2866.00    0.7345357223E-02
   2867.00    0.6386044744E-02
   2868.00    0.5911978823E-02
   2869.00    0.6061723357E-02
   2870.00    0.6815554563E-02
   2871.00    0.8023456127E-02
   2872.00    0.9530523611E-02
   2873.00    0.1123135364E-01
   2874.00    0.1306339539E-01
   2875.00    0.1499034176E-01
   2876.00    0.1699069781E-01
   2877.00    0.1905133995E-01
   2878.00    0.2116401559E-01
   2879.00    0.2332341312E-01
   2880.00    0.2552606438E-01
   2881.00    0.2776969857E-01
   2882.00    0.3005284862E-01
   2883.00    0.3237460365E-01
   2884.00    0.3473444881E-01
   2885.00    0.3713215891E-01
   2886.00    0.3956772617E-01
   2887.00    0.4204131010E-01
   2888.00    0.4455320214E-01
   2889.00    0.4710380039E-01
   2890.00    0.4969359118E-01
   2891.00    0.5232313564E-01
   2892.00    0.5499305975E-01
   2893.00    0.5770404694E-01
   2894.00    0.6045683267E-01
   2895.00    0.6325220031E-01
   2896.00    0.6609097824E-01
   2897.00    0.6897403774E-01
   2898.00    0.7190229146E-01
   2899.00    0.7487669258E-01
   2900.00    0.7789823424E-01
   2901.00    0.8096794937E-01
   2902.00    0.8408691087E-01
   2903.00    0.8725623191E-01
   2904.00    0.9047706657E-01
   2905.00    0.9375061059E-01
   2906.00    0.9707810227E-01
   2907.00    0.1004608236E+00
   2908.00    0.1039001016E+00
   2909.00    0.1073973092E+00
   2910.00    0.1109538676E+00
   2911.00    0.1145712470E+00
   2912.00    0.1182509689E+00
   2913.00    0.1219946077E+00
   2914.00    0.1258037929E+00
   2915.00    0.1296802111E+00
   2916.00    0.1336256083E+00
   2917.00    0.1376417921E+00
   2918.00    0.1417306346E+00
   2919.00    0.1458940750E+00
   2920.00    0.1501341219E+00
   2921.00    0.1544528571E+00
   2922.00    0.1588524384E+00
   2923.00    0.1633351026E+00
   2924.00    0.1679031698E+00
   2925.00    0.1725590464E+00
   2926.00    0.1773052296E+00
   2927.00    0.1821443113E+00
   2928.00    0.1870789823E+00
   2929.00    0.1921120377E+00
   2930.00    0.1972463810E+00
   2931.00    0.2024850299E+00
   2932.00    0.2078311215E+00
   2933.00    0.2132879185E+00
   2934.00    0.2188588151E+00
   2935.00    0.2245473437E+00
   2936.00    0.2303571819E+00
   2937.00    0.2362921600E+00
   2938.00    0.2423562688E+00
   2939.00    0.2485536679E+00
   2940.00    0.2548886946E+00
   2941.00    0.2613658736E+00
   2942.00    0.2679899268E+00
   2943.00    0.2747657841E+00
   2944.00    0.2816985948E+00
   2945.00    0.2887937399E+00
   2946.00    0.2960568450E+00
   2947.00    0.3034937942E+00
   2948.00    0.3111107448E+00
   2949.00    0.3189141434E+00
   2950.00    0.3269107427E+00
   2951.00    0.3351076195E+00
   2952.00    0.3435121945E+00
   2953.00    0.3521322530E+00
   2954.00    0.3609759671E+00
   2955.00    0.3700519199E+00
   2956.00    0.3793691314E+00
   2957.00    0.3889370861E+00
   2958.00    0.3987657633E+00
   2959.00    0.4088656688E+00
   2960.00    0.4192478701E+00
   2961.00    0.4299240337E+00
   2962.00    0.4409064659E+00
   2963.00    0.4522081565E+00
   2964.00    0.4638428266E+00
   2965.00    0.4758249796E+00
   2966.00    0.4881699578E+00
   2967.00    0.5008940025E+00
   2968.00    0.5140143203E+00
   2969.00    0.5275491550E+00
   2970.00    0.5415178660E+00
   2971.00    0.5559410134E+00
   2972.00    0.5708404521E+00
   2973.00    0.5862394333E+00
   2974.00    0.6021627168E+00
   2975.00    0.6186366941E+00
   2976.00    0.6356895226E+00
   2977.00    0.6533512747E+00
   2978.00    0.6716541008E+00
   2979.00    0.6906324102E+00
   2980.00    0.7103230700E+00
   2981.00    0.7307656262E+00
   2982.00    0.7520025484E+00
   2983.00    0.7740795012E+00
   2984.00    0.7970456475E+00
   2985.00    0.8209539851E+00
   2986.00    0.8458617238E+00
   2987.00    0.8718307070E+00
   2988.00    0.8989278846E+00
   2989.00    0.9272258448E+00
   2990.00    0.9568034129E+00
   2991.00    0.9877463277E+00
   2992.00    0.1020148007E+01
   2993.00    0.1054110417E+01
   2994.00    0.1089745058E+01
   2995.00    0.1127174098E+01
   2996.00    0.1166531656E+01
   2997.00    0.1207965288E+01
   2998.00    0.1251637688E+01
   2999.00    0.1297728661E+01
   3000.00    0.1346437399E+01
   3001.00    0.1397985140E+01
   3002.00    0.1452618260E+01
   3003.00    0.1510611908E+01
   3004.00    0.1572274275E+01
   3005.00    0.1637951644E+01
   3006.00    0.1708034386E+01
   3007.00    0.1782964113E+01
   3008.00    0.1863242259E+01
   3009.00    0.1949440418E+01
   3010.00    0.2042212895E+01
   3011.00    0.2142312003E+01
   3012.00    0.2250606853E+01
   3013.00    0.2368106588E+01
   3014.00    0.2495989306E+01
   3015.00    0.2635638372E+01
   3016.00    0.2788688354E+01
   3017.00    0.2957083690E+01
   3018.00    0.3143154279E+01
   3019.00    0.3349713914E+01
   3020.00    0.3580189830E+01
   3021.00    0.3838795200E+01
   3022.00    0.4130761668E+01
   3023.00    0.4462656993E+01
   3024.00    0.4842824982E+01
   3025.00    0.5282003689E+01
   3026.00    0.5794206928E+01
   3027.00    0.6397999162E+01
   3028.00    0.7118361855E+01
   3029.00    0.7989445208E+01
   3030.00    0.9058606232E+01
   3031.00    0.1039213925E+02
   3032.00    0.1208251736E+02
   3033.00    0.1425391163E+02
   3034.00    0.1705075143E+02
   3035.00    0.2055512494E+02
   3036.00    0.2449967821E+02
   3037.00    0.2775055654E+02
   3038.00    0.2858748339E+02
   3039.00    0.2674319273E+02
   3040.00    0.2371835451E+02
   3041.00    0.2076534975E+02
   3042.00    0.1827088673E+02
   3043.00    0.1614607342E+02
   3044.00    0.1409276304E+02
   3045.00    0.1180191835E+02
   3046.00    0.9393198159E+01
   3047.00    0.7480994752E+01
   3048.00    0.6350848226E+01
   3049.00    0.5769061359E+01
   3050.00    0.5450020751E+01
   3051.00    0.5239580564E+01
   3052.00    0.5074623845E+01
   3053.00    0.4931862768E+01
   3054.00    0.4803063236E+01
   3055.00    0.4685369826E+01
   3056.00    0.4577766705E+01
   3057.00    0.4479820617E+01
   3058.00    0.4391253443E+01
   3059.00    0.4311812510E+01
   3060.00    0.4241244279E+01
   3061.00    0.4179300741E+01
   3062.00    0.4125753531E+01
   3063.00    0.4080407643E+01
   3064.00    0.4043112827E+01
   3065.00    0.4013772780E+01
   3066.00    0.3992352896E+01
   3067.00    0.3978887406E+01
   3068.00    0.3973486688E+01
   3069.00    0.3976345456E+01
   3070.00    0.3987752513E+01
   3071.00    0.4008102774E+01
   3072.00    0.4037912356E+01
   3073.00    0.4077837694E+01
   3074.00    0.4128699883E+01
   3075.00    0.4191515851E+01
   3076.00    0.4267538433E+01
   3077.00    0.4358308240E+01
   3078.00    0.4465721240E+01
   3079.00    0.4592117550E+01
   3080.00    0.4740399189E+01
   3081.00    0.4914187908E+01
   3082.00    0.5118039196E+01
   3083.00    0.5357736176E+01
   3084.00    0.5640698754E+01
   3085.00    0.5976561524E+01
   3086.00    0.6378002359E+01
   3087.00    0.6861948282E+01
   3088.00    0.7451354562E+01
   3089.00    0.8177855980E+01
   3090.00    0.9085722509E+01
   3091.00    0.1023764370E+02
   3092.00    0.1172255911E+02
   3093.00    0.1366359452E+02
   3094.00    0.1621487527E+02
   3095.00    0.1950362847E+02
   3096.00    0.2339712831E+02
   3097.00    0.2700125682E+02
   3098.00    0.2866219818E+02
   3099.00    0.2776617535E+02
   3100.00    0.2557857950E+02
   3101.00    0.2342391060E+02
   3102.00    0.2180304516E+02
   3103.00    0.2066736573E+02
   3104.00    0.1960280394E+02
   3105.00    0.1786689939E+02
   3106.00    0.1494622580E+02
   3107.00    0.1142931900E+02
   3108.00    0.8326950551E+01
   3109.00    0.6016608523E+01
   3110.00    0.4397457022E+01
   3111.00    0.3271371596E+01
   3112.00    0.2478112453E+01
   3113.00    0.1908588897E+01
   3114.00    0.1491576452E+01
   3115.00    0.1180570096E+01
   3116.00    0.9447493857E+00
   3117.00    0.7632825394E+00
   3118.00    0.6217979857E+00
   3119.00    0.5101842393E+00
   3120.00    0.4211962915E+00
   3121.00    0.3495559948E+00
   3122.00    0.2913599011E+00
   3123.00    0.2436820669E+00
   3124.00    0.2043029277E+00
   3125.00    0.1715213150E+00
   3126.00    0.1440224370E+00
   3127.00    0.1207844205E+00
   3128.00    0.1010123063E+00
   3129.00    0.8409271730E-01
   3130.00    0.6956585778E-01
   3131.00    0.5711494289E-01
   3132.00    0.4657721577E-01
   3133.00    0.3798330494E-01
   3134.00    0.3161560168E-01
   3135.00    0.2798428437E-01
   3136.00    0.2748116300E-01
   3137.00    0.2985286209E-01
   3138.00    0.3430233127E-01
   3139.00    0.4006371721E-01
   3140.00    0.4665238278E-01
   3141.00    0.5381410876E-01
   3142.00    0.6143053678E-01
   3143.00    0.6945710101E-01
   3144.00    0.7788957157E-01
   3145.00    0.8674689128E-01
   3146.00    0.9606251382E-01
   3147.00    0.1058801921E+00
   3148.00    0.1162521992E+00
   3149.00    0.1272389848E+00
   3150.00    0.1389097863E+00
   3151.00    0.1513439897E+00
   3152.00    0.1646331959E+00
   3153.00    0.1788840655E+00
   3154.00    0.1942221139E+00
   3155.00    0.2107967411E+00
   3156.00    0.2287879208E+00
   3157.00    0.2484151591E+00
   3158.00    0.2699495819E+00
   3159.00    0.2937303273E+00
   3160.00    0.3201867309E+00
   3161.00    0.3498678614E+00
   3162.00    0.3834798519E+00
   3163.00    0.4219262970E+00
   3164.00    0.4663285681E+00
   3165.00    0.5179428938E+00
   3166.00    0.5777051917E+00
   3167.00    0.6446124329E+00
   3168.00    0.7111162949E+00
   3169.00    0.7545872394E+00
   3170.00    0.7391350897E+00
   3171.00    0.6588252629E+00
   3172.00    0.5668321831E+00
   3173.00    0.5176416184E+00
   3174.00    0.5257526238E+00
   3175.00    0.5805858055E+00
   3176.00    0.6700729980E+00
   3177.00    0.7895190396E+00
   3178.00    0.9405036178E+00
   3179.00    0.1126667466E+01
   3180.00    0.1344284602E+01
   3181.00    0.1559544375E+01
   3182.00    0.1683562873E+01
   3183.00    0.1627720270E+01
   3184.00    0.1426156439E+01
   3185.00    0.1185942574E+01
   3186.00    0.9699437561E+00
   3187.00    0.7923842789E+00
   3188.00    0.6490832375E+00
   3189.00    0.5326178681E+00
   3190.00    0.4366895468E+00
   3191.00    0.3568687718E+00
   3192.00    0.2905330088E+00
   3193.00    0.2368402975E+00
   3194.00    0.1968891055E+00
   3195.00    0.1735419116E+00
   3196.00    0.1694274793E+00
   3197.00    0.1835175116E+00
   3198.00    0.2112001100E+00
   3199.00    0.2477527631E+00
   3200.00    0.2901283868E+00
   3201.00    0.3367536226E+00
   3202.00    0.3869591631E+00
   3203.00    0.4405938684E+00
   3204.00    0.4978199284E+00
   3205.00    0.5590149183E+00
   3206.00    0.6247323703E+00
   3207.00    0.6956964530E+00
   3208.00    0.7728200475E+00
   3209.00    0.8572430777E+00
   3210.00    0.9503927845E+00
   3211.00    0.1054071696E+01
   3212.00    0.1170583577E+01
   3213.00    0.1302913622E+01
   3214.00    0.1454987372E+01
   3215.00    0.1632043489E+01
   3216.00    0.1841165410E+01
   3217.00    0.2092010399E+01
   3218.00    0.2397690503E+01
   3219.00    0.2775379569E+01
   3220.00    0.3244807695E+01
   3221.00    0.3818216643E+01
   3222.00    0.4464286687E+01
   3223.00    0.5027022331E+01
   3224.00    0.5197673733E+01
   3225.00    0.4808571127E+01
   3226.00    0.4092435273E+01
   3227.00    0.3354284687E+01
   3228.00    0.2723113399E+01
   3229.00    0.2212809416E+01
   3230.00    0.1804272304E+01
   3231.00    0.1478177228E+01
   3232.00    0.1224303592E+01
   3233.00    0.1043275842E+01
   3234.00    0.9401711199E+00
   3235.00    0.9081727032E+00
   3236.00    0.9359528280E+00
   3237.00    0.1036063966E+01
   3238.00    0.1222218830E+01
   3239.00    0.1492525364E+01
   3240.00    0.1845657353E+01
   3241.00    0.2291197520E+01
   3242.00    0.2851810573E+01
   3243.00    0.3564489697E+01
   3244.00    0.4480923699E+01
   3245.00    0.5657705105E+01
   3246.00    0.7104810331E+01
   3247.00    0.8629406880E+01
   3248.00    0.9645243794E+01
   3249.00    0.9540578926E+01
   3250.00    0.8540831824E+01
   3251.00    0.7378050456E+01
   3252.00    0.6419441366E+01
   3253.00    0.5682954882E+01
   3254.00    0.5110653584E+01
   3255.00    0.4655434803E+01
   3256.00    0.4285725005E+01
   3257.00    0.3980145887E+01
   3258.00    0.3723743427E+01
   3259.00    0.3505763969E+01
   3260.00    0.3318300756E+01
   3261.00    0.3155430128E+01
   3262.00    0.3012640035E+01
   3263.00    0.2886441853E+01
   3264.00    0.2774101172E+01
   3265.00    0.2673447737E+01
   3266.00    0.2582739135E+01
   3267.00    0.2500561571E+01
   3268.00    0.2425756656E+01
   3269.00    0.2357366700E+01
   3270.00    0.2294593339E+01
   3271.00    0.2236765898E+01
   3272.00    0.2183316943E+01
   3273.00    0.2133763210E+01
   3274.00    0.2087690577E+01
   3275.00    0.2044742140E+01
   3276.00    0.2004608656E+01
   3277.00    0.1967020837E+01
   3278.00    0.1931743087E+01
   3279.00    0.1898568385E+01
   3280.00    0.1867314059E+01
   3281.00    0.1837818306E+01
   3282.00    0.1809937272E+01
   3283.00    0.1783542627E+01
   3284.00    0.1758519513E+01
   3285.00    0.1734764811E+01
   3286.00    0.1712185671E+01
   3287.00    0.1690698258E+01
   3288.00    0.1670226674E+01
   3289.00    0.1650702039E+01
   3290.00    0.1632061688E+01
   3291.00    0.1614248485E+01
   3292.00    0.1597210219E+01
   3293.00    0.1580899080E+01
   3294.00    0.1565271206E+01
   3295.00    0.1550286276E+01
   3296.00    0.1535907159E+01
   3297.00    0.1522099602E+01
   3298.00    0.1508831955E+01
   3299.00    0.1496074926E+01
   3300.00    0.1483801362E+01
   3301.00    0.1471986060E+01
   3302.00    0.1460605590E+01
   3303.00    0.1449638140E+01
   3304.00    0.1439063382E+01
   3305.00    0.1428862344E+01
   3306.00    0.1419017297E+01
   3307.00    0.1409511656E+01
   3308.00    0.1400329889E+01
   3309.00    0.1391457433E+01
   3310.00    0.1382880618E+01
   3311.00    0.1374586601E+01
   3312.00    0.1366563305E+01
   3313.00    0.1358799359E+01
   3314.00    0.1351284050E+01
   3315.00    0.1344007274E+01
   3316.00    0.1336959493E+01
   3317.00    0.1330131698E+01
   3318.00    0.1323515370E+01
   3319.00    0.1317102449E+01
   3320.00    0.1310885301E+01
   3321.00    0.1304856692E+01
   3322.00    0.1299009763E+01
   3323.00    0.1293338005E+01
   3324.00    0.1287835233E+01
   3325.00    0.1282495573E+01
   3326.00    0.1277313439E+01
   3327.00    0.1272283515E+01
   3328.00    0.1267400740E+01
   3329.00    0.1262660292E+01
   3330.00    0.1258057577E+01
   3331.00    0.1253588211E+01
   3332.00    0.1249248012E+01
   3333.00    0.1245032988E+01
   3334.00    0.1240939323E+01
   3335.00    0.1236963374E+01
   3336.00    0.1233101653E+01
   3337.00    0.1229350827E+01
   3338.00    0.1225707705E+01
   3339.00    0.1222169230E+01
   3340.00    0.1218732477E+01
   3341.00    0.1215394639E+01
   3342.00    0.1212153029E+01
   3343.00    0.1209005065E+01
   3344.00    0.1205948274E+01
   3345.00    0.1202980279E+01
   3346.00    0.1200098801E+01
   3347.00    0.1197301648E+01
   3348.00    0.1194586714E+01
   3349.00    0.1191951977E+01
   3350.00    0.1189395490E+01
   3351.00    0.1186915381E+01
   3352.00    0.1184509851E+01
   3353.00    0.1182177165E+01
   3354.00    0.1179915656E+01
   3355.00    0.1177723717E+01
   3356.00    0.1175599800E+01
   3357.00    0.1173542413E+01
   3358.00    0.1171550121E+01
   3359.00    0.1169621536E+01
   3360.00    0.1167755323E+01
   3361.00    0.1165950194E+01
   3362.00    0.1164204906E+01
   3363.00    0.1162518258E+01
   3364.00    0.1160889095E+01
   3365.00    0.1159316299E+01
   3366.00    0.1157798790E+01
   3367.00    0.1156335528E+01
   3368.00    0.1154925505E+01
   3369.00    0.1153567751E+01
   3370.00    0.1152261327E+01
   3371.00    0.1151005324E+01
   3372.00    0.1149798868E+01
   3373.00    0.1148641109E+01
   3374.00    0.1147531229E+01
   3375.00    0.1146468436E+01
   3376.00    0.1145451964E+01
   3377.00    0.1144481073E+01
   3378.00    0.1143555047E+01
   3379.00    0.1142673193E+01
   3380.00    0.1141834842E+01
   3381.00    0.1141039345E+01
   3382.00    0.1140286077E+01
   3383.00    0.1139574430E+01
   3384.00    0.1138903820E+01
   3385.00    0.1138273677E+01
   3386.00    0.1137683455E+01
   3387.00    0.1137132621E+01
   3388.00    0.1136620663E+01
   3389.00    0.1136147084E+01
   3390.00    0.1135711403E+01
   3391.00    0.1135313155E+01
   3392.00    0.1134951892E+01
   3393.00    0.1134627178E+01
   3394.00    0.1134338593E+01
   3395.00    0.1134085732E+01
   3396.00    0.1133868200E+01
   3397.00    0.1133685619E+01
   3398.00    0.1133537621E+01
   3399.00    0.1133423852E+01
   3400.00    0.1133343969E+01
   3401.00    0.1133297642E+01
   3402.00    0.1133284551E+01
   3403.00    0.1133304387E+01
   3404.00    0.1133356853E+01
   3405.00    0.1133441663E+01
   3406.00    0.1133558538E+01
   3407.00    0.1133707213E+01
   3408.00    0.1133887429E+01
   3409.00    0.1134098940E+01
   3410.00    0.1134341507E+01
   3411.00    0.1134614900E+01
   3412.00    0.1134918898E+01
   3413.00    0.1135253291E+01
   3414.00    0.1135617873E+01
   3415.00    0.1136012450E+01
   3416.00    0.1136436834E+01
   3417.00    0.1136890846E+01
   3418.00    0.1137374313E+01
   3419.00    0.1137887071E+01
   3420.00    0.1138428964E+01
   3421.00    0.1138999842E+01
   3422.00    0.1139599561E+01
   3423.00    0.1140227987E+01
   3424.00    0.1140884989E+01
   3425.00    0.1141570447E+01
   3426.00    0.1142284244E+01
   3427.00    0.1143026270E+01
   3428.00    0.1143796424E+01
   3429.00    0.1144594608E+01
   3430.00    0.1145420732E+01
   3431.00    0.1146274711E+01
   3432.00    0.1147156466E+01
   3433.00    0.1148065925E+01
   3434.00    0.1149003020E+01
   3435.00    0.1149967691E+01
   3436.00    0.1150959882E+01
   3437.00    0.1151979541E+01
   3438.00    0.1153026626E+01
   3439.00    0.1154101095E+01
   3440.00    0.1155202915E+01
   3441.00    0.1156332057E+01
   3442.00    0.1157488498E+01
   3443.00    0.1158672219E+01
   3444.00    0.1159883206E+01
   3445.00    0.1161121452E+01
   3446.00    0.1162386953E+01
   3447.00    0.1163679710E+01
   3448.00    0.1164999730E+01
   3449.00    0.1166347025E+01
   3450.00    0.1167721611E+01
   3451.00    0.1169123508E+01
   3452.00    0.1170552743E+01
   3453.00    0.1172009347E+01
   3454.00    0.1173493354E+01
   3455.00    0.1175004805E+01
   3456.00    0.1176543744E+01
   3457.00    0.1178110222E+01
   3458.00    0.1179704291E+01
   3459.00    0.1181326011E+01
   3460.00    0.1182975445E+01
   3461.00    0.1184652662E+01
   3462.00    0.1186357733E+01
   3463.00    0.1188090736E+01
   3464.00    0.1189851753E+01
   3465.00    0.1191640870E+01
   3466.00    0.1193458178E+01
   3467.00    0.1195303774E+01
   3468.00    0.1197177756E+01
   3469.00    0.1199080231E+01
   3470.00    0.1201011308E+01
   3471.00    0.1202971101E+01
   3472.00    0.1204959728E+01
   3473.00    0.1206977315E+01
   3474.00    0.1209023988E+01
   3475.00    0.1211099881E+01
   3476.00    0.1213205131E+01
   3477.00    0.1215339882E+01
   3478.00    0.1217504281E+01
   3479.00    0.1219698479E+01
   3480.00    0.1221922633E+01
   3481.00    0.1224176907E+01
   3482.00    0.1226461465E+01
   3483.00    0.1228776481E+01
   3484.00    0.1231122131E+01
   3485.00    0.1233498597E+01
   3486.00    0.1235906066E+01
   3487.00    0.1238344729E+01
   3488.00    0.1240814785E+01
   3489.00    0.1243316435E+01
   3490.00    0.1245849887E+01
   3491.00    0.1248415355E+01
   3492.00    0.1251013056E+01
   3493.00    0.1253643215E+01
   3494.00    0.1256306061E+01
   3495.00    0.1259001829E+01
   3496.00    0.1261730760E+01
   3497.00    0.1264493099E+01
   3498.00    0.1267289100E+01
   3499.00    0.1270119020E+01
   3500.00    0.1272983122E+01
   3501.00    0.1275881677E+01
   3502.00    0.1278814961E+01
   3503.00    0.1281783255E+01
   3504.00    0.1284786849E+01
   3505.00    0.1287826037E+01
   3506.00    0.1290901119E+01
   3507.00    0.1294012404E+01
   3508.00    0.1297160207E+01
   3509.00    0.1300344847E+01
   3510.00    0.1303566654E+01
   3511.00    0.1306825961E+01
   3512.00    0.1310123111E+01
   3513.00    0.1313458452E+01
   3514.00    0.1316832342E+01
   3515.00    0.1320245143E+01
   3516.00    0.1323697228E+01
   3517.00    0.1327188975E+01
   3518.00    0.1330720770E+01
   3519.00    0.1334293009E+01
   3520.00    0.1337906094E+01
   3521.00    0.1341560436E+01
   3522.00    0.1345256455E+01
   3523.00    0.1348994578E+01
   3524.00    0.1352775241E+01
   3525.00    0.1356598891E+01
   3526.00    0.1360465981E+01
   3527.00    0.1364376976E+01
   3528.00    0.1368332346E+01
   3529.00    0.1372332577E+01
   3530.00    0.1376378158E+01
   3531.00    0.1380469593E+01
   3532.00    0.1384607393E+01
   3533.00    0.1388792081E+01
   3534.00    0.1393024190E+01
   3535.00    0.1397304263E+01
   3536.00    0.1401632855E+01
   3537.00    0.1406010532E+01
   3538.00    0.1410437872E+01
   3539.00    0.1414915462E+01
   3540.00    0.1419443905E+01
   3541.00    0.1424023812E+01
   3542.00    0.1428655809E+01
   3543.00    0.1433340534E+01
   3544.00    0.1438078639E+01
   3545.00    0.1442870787E+01
   3546.00    0.1447717656E+01
   3547.00    0.1452619939E+01
   3548.00    0.1457578340E+01
   3549.00    0.1462593581E+01
   3550.00    0.1467666396E+01
   3551.00    0.1472797536E+01
   3552.00    0.1477987766E+01
   3553.00    0.1483237868E+01
   3554.00    0.1488548641E+01
   3555.00    0.1493920898E+01
   3556.00    0.1499355472E+01
   3557.00    0.1504853210E+01
   3558.00    0.1510414982E+01
   3559.00    0.1516041670E+01
   3560.00    0.1521734180E+01
   3561.00    0.1527493434E+01
   3562.00    0.1533320375E+01
   3563.00    0.1539215966E+01
   3564.00    0.1545181190E+01
   3565.00    0.1551217053E+01
   3566.00    0.1557324580E+01
   3567.00    0.1563504821E+01
   3568.00    0.1569758846E+01
   3569.00    0.1576087751E+01
   3570.00    0.1582492655E+01
   3571.00    0.1588974702E+01
   3572.00    0.1595535059E+01
   3573.00    0.1602174923E+01
   3574.00    0.1608895515E+01
   3575.00    0.1615698084E+01
   3576.00    0.1622583907E+01
   3577.00    0.1629554291E+01
   3578.00    0.1636610570E+01
   3579.00    0.1643754110E+01
   3580.00    0.1650986311E+01
   3581.00    0.1658308600E+01
   3582.00    0.1665722442E+01
   3583.00    0.1673229332E+01
   3584.00    0.1680830804E+01
   3585.00    0.1688528423E+01
   3586.00    0.1696323796E+01
   3587.00    0.1704218566E+01
   3588.00    0.1712214414E+01
   3589.00    0.1720313063E+01
   3590.00    0.1728516278E+01
   3591.00    0.1736825864E+01
   3592.00    0.1745243673E+01
   3593.00    0.1753771601E+01
   3594.00    0.1762411591E+01
   3595.00    0.1771165633E+01
   3596.00    0.1780035770E+01
   3597.00    0.1789024091E+01
   3598.00    0.1798132743E+01
   3599.00    0.1807363923E+01
   3600.00    0.1816719887E+01
   3601.00    0.1826202946E+01
   3602.00    0.1835815475E+01
   3603.00    0.1845559906E+01
   3604.00    0.1855438738E+01
   3605.00    0.1865454532E+01
   3606.00    0.1875609921E+01
   3607.00    0.1885907604E+01
   3608.00    0.1896350356E+01
   3609.00    0.1906941023E+01
   3610.00    0.1917682531E+01
   3611.00    0.1928577885E+01
   3612.00    0.1939630172E+01
   3613.00    0.1950842563E+01
   3614.00    0.1962218321E+01
   3615.00    0.1973760798E+01
   3616.00    0.1985473440E+01
   3617.00    0.1997359791E+01
   3618.00    0.2009423498E+01
   3619.00    0.2021668312E+01
   3620.00    0.2034098091E+01
   3621.00    0.2046716809E+01
   3622.00    0.2059528553E+01
   3623.00    0.2072537535E+01
   3624.00    0.2085748089E+01
   3625.00    0.2099164680E+01
   3626.00    0.2112791911E+01
   3627.00    0.2126634522E+01
   3628.00    0.2140697399E+01
   3629.00    0.2154985580E+01
   3630.00    0.2169504261E+01
   3631.00    0.2184258798E+01
   3632.00    0.2199254721E+01
   3633.00    0.2214497732E+01
   3634.00    0.2229993719E+01
   3635.00    0.2245748761E+01
   3636.00    0.2261769134E+01
   3637.00    0.2278061321E+01
   3638.00    0.2294632022E+01
   3639.00    0.2311488159E+01
   3640.00    0.2328636889E+01
   3641.00    0.2346085613E+01
   3642.00    0.2363841984E+01
   3643.00    0.2381913922E+01
   3644.00    0.2400309623E+01
   3645.00    0.2419037570E+01
   3646.00    0.2438106550E+01
   3647.00    0.2457525664E+01
   3648.00    0.2477304341E+01
   3649.00    0.2497452356E+01
   3650.00    0.2517979841E+01
   3651.00    0.2538897308E+01
   3652.00    0.2560215660E+01
   3653.00    0.2581946216E+01
   3654.00    0.2604100725E+01
   3655.00    0.2626691391E+01
   3656.00    0.2649730891E+01
   3657.00    0.2673232402E+01
   3658.00    0.2697209627E+01
   3659.00    0.2721676813E+01
   3660.00    0.2746648790E+01
   3661.00    0.2772140991E+01
   3662.00    0.2798169488E+01
   3663.00    0.2824751027E+01
   3664.00    0.2851903058E+01
   3665.00    0.2879643776E+01
   3666.00    0.2907992162E+01
   3667.00    0.2936968023E+01
   3668.00    0.2966592039E+01
   3669.00    0.2996885812E+01
   3670.00    0.3027871917E+01
   3671.00    0.3059573956E+01
   3672.00    0.3092016621E+01
   3673.00    0.3125225755E+01
   3674.00    0.3159228418E+01
   3675.00    0.3194052962E+01
   3676.00    0.3229729110E+01
   3677.00    0.3266288036E+01
   3678.00    0.3303762459E+01
   3679.00    0.3342186734E+01
   3680.00    0.3381596962E+01
   3681.00    0.3422031098E+01
   3682.00    0.3463529072E+01
   3683.00    0.3506132921E+01
   3684.00    0.3549886927E+01
   3685.00    0.3594837769E+01
   3686.00    0.3641034692E+01
   3687.00    0.3688529677E+01
   3688.00    0.3737377641E+01
   3689.00    0.3787636645E+01
   3690.00    0.3839368119E+01
   3691.00    0.3892637114E+01
   3692.00    0.3947512568E+01
   3693.00    0.4004067605E+01
   3694.00    0.4062379854E+01
   3695.00    0.4122531802E+01
   3696.00    0.4184611179E+01
   3697.00    0.4248711383E+01
   3698.00    0.4314931940E+01
   3699.00    0.4383379019E+01
   3700.00    0.4454165993E+01
   3701.00    0.4527414059E+01
   3702.00    0.4603252925E+01
   3703.00    0.4681821567E+01
   3704.00    0.4763269073E+01
   3705.00    0.4847755578E+01
   3706.00    0.4935453303E+01
   3707.00    0.5026547716E+01
   3708.00    0.5121238830E+01
   3709.00    0.5219742651E+01
   3710.00    0.5322292808E+01
   3711.00    0.5429142384E+01
   3712.00    0.5540565979E+01
   3713.00    0.5656862041E+01
   3714.00    0.5778355507E+01
   3715.00    0.5905400798E+01
   3716.00    0.6038385238E+01
   3717.00    0.6177732946E+01
   3718.00    0.6323909301E+01
   3719.00    0.6477426073E+01
   3720.00    0.6638847325E+01
   3721.00    0.6808796253E+01
   3722.00    0.6987963110E+01
   3723.00    0.7177114439E+01
   3724.00    0.7377103876E+01
   3725.00    0.7588884824E+01
   3726.00    0.7813525396E+01
   3727.00    0.8052226125E+01
   3728.00    0.8306341028E+01
   3729.00    0.8577402808E+01
   3730.00    0.8867153159E+01
   3731.00    0.9177579405E+01
   3732.00    0.9510959086E+01
   3733.00    0.9869914527E+01
   3734.00    0.1025748011E+02
   3735.00    0.1067718576E+02
   3736.00    0.1113316143E+02
   3737.00    0.1163026876E+02
   3738.00    0.1217426870E+02
   3739.00    0.1277203660E+02
   3740.00    0.1343184120E+02
   3741.00    0.1416371022E+02
   3742.00    0.1497991491E+02
   3743.00    0.1589562000E+02
   3744.00    0.1692976674E+02
   3745.00    0.1810628849E+02
   3746.00    0.1945580734E+02
   3747.00    0.2101803453E+02
   3748.00    0.2284521009E+02
   3749.00    0.2500708119E+02
   3750.00    0.2759813464E+02
   3751.00    0.3074799111E+02
   3752.00    0.3463566340E+02
   3753.00    0.3950629688E+02
   3754.00    0.4567967980E+02
   3755.00    0.5350534254E+02
   3756.00    0.6311179635E+02
   3757.00    0.7359035084E+02
   3758.00    0.8158653257E+02
   3759.00    0.8221522331E+02
   3760.00    0.7496696042E+02
   3761.00    0.6450234420E+02
   3762.00    0.5460773586E+02
   3763.00    0.4647104038E+02
   3764.00    0.4004364955E+02
   3765.00    0.3498059416E+02
   3766.00    0.3094941295E+02
   3767.00    0.2769192431E+02
   3768.00    0.2501906534E+02
   3769.00    0.2279403903E+02
   3770.00    0.2091733346E+02
   3771.00    0.1931567721E+02
   3772.00    0.1793433338E+02
   3773.00    0.1673179748E+02
   3774.00    0.1567614049E+02
   3775.00    0.1474246242E+02
   3776.00    0.1391109696E+02
   3777.00    0.1316632813E+02
   3778.00    0.1249546036E+02
   3779.00    0.1188813546E+02
   3780.00    0.1133582449E+02
   3781.00    0.1083144519E+02
   3782.00    0.1036907052E+02
   3783.00    0.9943704331E+01
   3784.00    0.9551106896E+01
   3785.00    0.9187657994E+01
   3786.00    0.8850248462E+01
   3787.00    0.8536193627E+01
   3788.00    0.8243163654E+01
   3789.00    0.7969127095E+01
   3790.00    0.7712304830E+01
   3791.00    0.7471132248E+01
   3792.00    0.7244227996E+01
   3793.00    0.7030368017E+01
   3794.00    0.6828463866E+01
   3795.00    0.6637544501E+01
   3796.00    0.6456740919E+01
   3797.00    0.6285273139E+01
   3798.00    0.6122439125E+01
   3799.00    0.5967605306E+01
   3800.00    0.5820198459E+01
   3801.00    0.5679698705E+01
   3802.00    0.5545633459E+01
   3803.00    0.5417572188E+01
   3804.00    0.5295121843E+01
   3805.00    0.5177922874E+01
   3806.00    0.5065645745E+01
   3807.00    0.4957987874E+01
   3808.00    0.4854670932E+01
   3809.00    0.4755438470E+01
   3810.00    0.4660053814E+01
   3811.00    0.4568298193E+01
   3812.00    0.4479969088E+01
   3813.00    0.4394878745E+01
   3814.00    0.4312852862E+01
   3815.00    0.4233729402E+01
   3816.00    0.4157357538E+01
   3817.00    0.4083596700E+01
   3818.00    0.4012315719E+01
   3819.00    0.3943392053E+01
   3820.00    0.3876711094E+01
   3821.00    0.3812165533E+01
   3822.00    0.3749654793E+01
   3823.00    0.3689084505E+01
   3824.00    0.3630366039E+01
   3825.00    0.3573416077E+01
   3826.00    0.3518156216E+01
   3827.00    0.3464512618E+01
   3828.00    0.3412415677E+01
   3829.00    0.3361799722E+01
   3830.00    0.3312602744E+01
   3831.00    0.3264766147E+01
   3832.00    0.3218234509E+01
   3833.00    0.3172955378E+01
   3834.00    0.3128879071E+01
   3835.00    0.3085958497E+01
   3836.00    0.3044148988E+01
   3837.00    0.3003408146E+01
   3838.00    0.2963695700E+01
   3839.00    0.2924973376E+01
   3840.00    0.2887204774E+01
   3841.00    0.2850355254E+01
   3842.00    0.2814391833E+01
   3843.00    0.2779283083E+01
   3844.00    0.2744999047E+01
   3845.00    0.2711511147E+01
   3846.00    0.2678792111E+01
   3847.00    0.2646815896E+01
   3848.00    0.2615557623E+01
   3849.00    0.2584993506E+01
   3850.00    0.2555100802E+01
   3851.00    0.2525857747E+01
   3852.00    0.2497243507E+01
   3853.00    0.2469238129E+01
   3854.00    0.2441822494E+01
   3855.00    0.2414978273E+01
   3856.00    0.2388687891E+01
   3857.00    0.2362934483E+01
   3858.00    0.2337701862E+01
   3859.00    0.2312974484E+01
   3860.00    0.2288737417E+01
   3861.00    0.2264976311E+01
   3862.00    0.2241677370E+01
   3863.00    0.2218827326E+01
   3864.00    0.2196413413E+01
   3865.00    0.2174423342E+01
   3866.00    0.2152845284E+01
   3867.00    0.2131667844E+01
   3868.00    0.2110880043E+01
   3869.00    0.2090471299E+01
   3870.00    0.2070431409E+01
   3871.00    0.2050750533E+01
   3872.00    0.2031419178E+01
   3873.00    0.2012428180E+01
   3874.00    0.1993768696E+01
   3875.00    0.1975432182E+01
   3876.00    0.1957410387E+01
   3877.00    0.1939695339E+01
   3878.00    0.1922279331E+01
   3879.00    0.1905154913E+01
   3880.00    0.1888314879E+01
   3881.00    0.1871752258E+01
   3882.00    0.1855460306E+01
   3883.00    0.1839432495E+01
   3884.00    0.1823662505E+01
   3885.00    0.1808144214E+01
   3886.00    0.1792871695E+01
   3887.00    0.1777839203E+01
   3888.00    0.1763041171E+01
   3889.00    0.1748472203E+01
   3890.00    0.1734127068E+01
   3891.00    0.1720000690E+01
   3892.00    0.1706088148E+01
   3893.00    0.1692384666E+01
   3894.00    0.1678885608E+01
   3895.00    0.1665586476E+01
   3896.00    0.1652482900E+01
   3897.00    0.1639570639E+01
   3898.00    0.1626845573E+01
   3899.00    0.1614303697E+01
   3900.00    0.1601941122E+01
   3901.00    0.1589754066E+01
   3902.00    0.1577738854E+01
   3903.00    0.1565891913E+01
   3904.00    0.1554209765E+01
   3905.00    0.1542689031E+01
   3906.00    0.1531326422E+01
   3907.00    0.1520118736E+01
   3908.00    0.1509062860E+01
   3909.00    0.1498155761E+01
   3910.00    0.1487394486E+01
   3911.00    0.1476776162E+01
   3912.00    0.1466297988E+01
   3913.00    0.1455957238E+01
   3914.00    0.1445751253E+01
   3915.00    0.1435677446E+01
   3916.00    0.1425733293E+01
   3917.00    0.1415916334E+01
   3918.00    0.1406224171E+01
   3919.00    0.1396654466E+01
   3920.00    0.1387204938E+01
   3921.00    0.1377873363E+01
   3922.00    0.1368657573E+01
   3923.00    0.1359555449E+01
   3924.00    0.1350564925E+01
   3925.00    0.1341683987E+01
   3926.00    0.1332910665E+01
   3927.00    0.1324243038E+01
   3928.00    0.1315679232E+01
   3929.00    0.1307217412E+01
   3930.00    0.1298855792E+01
   3931.00    0.1290592622E+01
   3932.00    0.1282426196E+01
   3933.00    0.1274354845E+01
   3934.00    0.1266376940E+01
   3935.00    0.1258490886E+01
   3936.00    0.1250695127E+01
   3937.00    0.1242988141E+01
   3938.00    0.1235368439E+01
   3939.00    0.1227834565E+01
   3940.00    0.1220385097E+01
   3941.00    0.1213018642E+01
   3942.00    0.1205733838E+01
   3943.00    0.1198529354E+01
   3944.00    0.1191403885E+01
   3945.00    0.1184356157E+01
   3946.00    0.1177384921E+01
   3947.00    0.1170488955E+01
   3948.00    0.1163667063E+01
   3949.00    0.1156918075E+01
   3950.00    0.1150240844E+01
   3951.00    0.1143634247E+01
   3952.00    0.1137097186E+01
   3953.00    0.1130628584E+01
   3954.00    0.1124227386E+01
   3955.00    0.1117892559E+01
   3956.00    0.1111623090E+01
   3957.00    0.1105417988E+01
   3958.00    0.1099276282E+01
   3959.00    0.1093197018E+01
   3960.00    0.1087179263E+01
   3961.00    0.1081222102E+01
   3962.00    0.1075324638E+01
   3963.00    0.1069485991E+01
   3964.00    0.1063705299E+01
   3965.00    0.1057981717E+01
   3966.00    0.1052314414E+01
   3967.00    0.1046702578E+01
   3968.00    0.1041145410E+01
   3969.00    0.1035642129E+01
   3970.00    0.1030191965E+01
   3971.00    0.1024794166E+01
   3972.00    0.1019447992E+01
   3973.00    0.1014152718E+01
   3974.00    0.1008907632E+01
   3975.00    0.1003712035E+01
   3976.00    0.9985652413E+00
   3977.00    0.9934665769E+00
   3978.00    0.9884153810E+00
   3979.00    0.9834110046E+00
   3980.00    0.9784528102E+00
   3981.00    0.9735401719E+00
   3982.00    0.9686724752E+00
   3983.00    0.9638491162E+00
   3984.00    0.9590695020E+00
   3985.00    0.9543330501E+00
   3986.00    0.9496391882E+00
   3987.00    0.9449873542E+00
   3988.00    0.9403769955E+00
   3989.00    0.9358075695E+00
   3990.00    0.9312785427E+00
   3991.00    0.9267893908E+00
   3992.00    0.9223395987E+00
   3993.00    0.9179286599E+00
   3994.00    0.9135560767E+00
   3995.00    0.9092213595E+00
   3996.00    0.9049240274E+00
   3997.00    0.9006636072E+00
   3998.00    0.8964396338E+00
   3999.00    0.8922516499E+00
   4000.00    0.8880992056E+00
