Frequencies(cm-1)    polar_2nd_yzy        
   1000.00    0.3758991298E+01
   1001.00    0.3608561854E+01
   1002.00    0.3476836020E+01
   1003.00    0.3421636436E+01
   1004.00    0.3424709369E+01
   1005.00    0.3454088719E+01
   1006.00    0.3491886237E+01
   1007.00    0.3530782890E+01
   1008.00    0.3568257284E+01
   1009.00    0.3603657355E+01
   1010.00    0.3636999704E+01
   1011.00    0.3668508067E+01
   1012.00    0.3698442278E+01
   1013.00    0.3727038964E+01
   1014.00    0.3754494620E+01
   1015.00    0.3780964097E+01
   1016.00    0.3806564026E+01
   1017.00    0.3831377123E+01
   1018.00    0.3855455899E+01
   1019.00    0.3878825285E+01
   1020.00    0.3901484025E+01
   1021.00    0.3923404838E+01
   1022.00    0.3944533297E+01
   1023.00    0.3964785351E+01
   1024.00    0.3984043357E+01
   1025.00    0.4002150407E+01
   1026.00    0.4018902712E+01
   1027.00    0.4034039871E+01
   1028.00    0.4047233154E+01
   1029.00    0.4058072908E+01
   1030.00    0.4066058707E+01
   1031.00    0.4070602427E+01
   1032.00    0.4071070982E+01
   1033.00    0.4066937915E+01
   1034.00    0.4058222977E+01
   1035.00    0.4046682579E+01
   1036.00    0.4038905983E+01
   1037.00    0.4053769109E+01
   1038.00    0.4136294486E+01
   1039.00    0.4361552574E+01
   1040.00    0.4757372326E+01
   1041.00    0.5173704786E+01
   1042.00    0.5429206661E+01
   1043.00    0.5525254372E+01
   1044.00    0.5542563558E+01
   1045.00    0.5534873896E+01
   1046.00    0.5524932058E+01
   1047.00    0.5520425795E+01
   1048.00    0.5523211741E+01
   1049.00    0.5533133420E+01
   1050.00    0.5549447989E+01
   1051.00    0.5571330277E+01
   1052.00    0.5598037084E+01
   1053.00    0.5628956551E+01
   1054.00    0.5663640229E+01
   1055.00    0.5701890365E+01
   1056.00    0.5744023204E+01
   1057.00    0.5791570349E+01
   1058.00    0.5848802357E+01
   1059.00    0.5924237219E+01
   1060.00    0.6025043166E+01
   1061.00    0.6139384536E+01
   1062.00    0.6243386523E+01
   1063.00    0.6332355250E+01
   1064.00    0.6415343545E+01
   1065.00    0.6499962768E+01
   1066.00    0.6590169731E+01
   1067.00    0.6688028289E+01
   1068.00    0.6794961344E+01
   1069.00    0.6912336434E+01
   1070.00    0.7041736034E+01
   1071.00    0.7185099136E+01
   1072.00    0.7344785416E+01
   1073.00    0.7523504534E+01
   1074.00    0.7723868620E+01
   1075.00    0.7946861389E+01
   1076.00    0.8187284797E+01
   1077.00    0.8421341319E+01
   1078.00    0.8578002568E+01
   1079.00    0.8503368499E+01
   1080.00    0.8036456839E+01
   1081.00    0.7324848308E+01
   1082.00    0.6807478089E+01
   1083.00    0.6662337418E+01
   1084.00    0.6773929721E+01
   1085.00    0.7009197324E+01
   1086.00    0.7298735750E+01
   1087.00    0.7615795683E+01
   1088.00    0.7953494546E+01
   1089.00    0.8313658294E+01
   1090.00    0.8702376214E+01
   1091.00    0.9128551748E+01
   1092.00    0.9603792786E+01
   1093.00    0.1014300643E+02
   1094.00    0.1076547515E+02
   1095.00    0.1149627746E+02
   1096.00    0.1236764088E+02
   1097.00    0.1341863725E+02
   1098.00    0.1468771873E+02
   1099.00    0.1618087230E+02
   1100.00    0.1777075532E+02
   1101.00    0.1897209866E+02
   1102.00    0.1881630635E+02
   1103.00    0.1667708604E+02
   1104.00    0.1336455588E+02
   1105.00    0.1013165206E+02
   1106.00    0.7521429528E+01
   1107.00    0.5556776129E+01
   1108.00    0.4123560890E+01
   1109.00    0.3121929383E+01
   1110.00    0.2494094617E+01
   1111.00    0.2200349156E+01
   1112.00    0.2173669965E+01
   1113.00    0.2316130099E+01
   1114.00    0.2542455959E+01
   1115.00    0.2801191703E+01
   1116.00    0.3066747946E+01
   1117.00    0.3327681375E+01
   1118.00    0.3579467885E+01
   1119.00    0.3820857499E+01
   1120.00    0.4052127733E+01
   1121.00    0.4274253176E+01
   1122.00    0.4488512777E+01
   1123.00    0.4696309342E+01
   1124.00    0.4899092808E+01
   1125.00    0.5098330076E+01
   1126.00    0.5295479830E+01
   1127.00    0.5491914824E+01
   1128.00    0.5688662281E+01
   1129.00    0.5885625646E+01
   1130.00    0.6079424245E+01
   1131.00    0.6258029415E+01
   1132.00    0.6391273393E+01
   1133.00    0.6432940889E+01
   1134.00    0.6383418680E+01
   1135.00    0.6347060205E+01
   1136.00    0.6404828918E+01
   1137.00    0.6539736215E+01
   1138.00    0.6712401481E+01
   1139.00    0.6899678708E+01
   1140.00    0.7091226005E+01
   1141.00    0.7281148576E+01
   1142.00    0.7461609798E+01
   1143.00    0.7618844382E+01
   1144.00    0.7742650625E+01
   1145.00    0.7854612198E+01
   1146.00    0.7992994395E+01
   1147.00    0.8164966811E+01
   1148.00    0.8357977284E+01
   1149.00    0.8562279590E+01
   1150.00    0.8773787830E+01
   1151.00    0.8991410104E+01
   1152.00    0.9215036858E+01
   1153.00    0.9444062119E+01
   1154.00    0.9675207052E+01
   1155.00    0.9897998758E+01
   1156.00    0.1008816886E+02
   1157.00    0.1021522151E+02
   1158.00    0.1029598549E+02
   1159.00    0.1041175192E+02
   1160.00    0.1060325760E+02
   1161.00    0.1084983134E+02
   1162.00    0.1112564402E+02
   1163.00    0.1141751066E+02
   1164.00    0.1172061625E+02
   1165.00    0.1203388565E+02
   1166.00    0.1235774670E+02
   1167.00    0.1269322394E+02
   1168.00    0.1304159510E+02
   1169.00    0.1340427071E+02
   1170.00    0.1378276177E+02
   1171.00    0.1417868276E+02
   1172.00    0.1459376959E+02
   1173.00    0.1502990473E+02
   1174.00    0.1548914702E+02
   1175.00    0.1597376565E+02
   1176.00    0.1648627912E+02
   1177.00    0.1702950006E+02
   1178.00    0.1760658766E+02
   1179.00    0.1822110967E+02
   1180.00    0.1887711640E+02
   1181.00    0.1957922994E+02
   1182.00    0.2033275265E+02
   1183.00    0.2114380021E+02
   1184.00    0.2201946595E+02
   1185.00    0.2296802575E+02
   1186.00    0.2399919548E+02
   1187.00    0.2512445737E+02
   1188.00    0.2635747769E+02
   1189.00    0.2771464651E+02
   1190.00    0.2921578256E+02
   1191.00    0.3088506380E+02
   1192.00    0.3275227060E+02
   1193.00    0.3485446688E+02
   1194.00    0.3723830232E+02
   1195.00    0.3996320542E+02
   1196.00    0.4310586515E+02
   1197.00    0.4676658240E+02
   1198.00    0.5107830883E+02
   1199.00    0.5621940088E+02
   1200.00    0.6243092826E+02
   1201.00    0.7003746750E+02
   1202.00    0.7946300260E+02
   1203.00    0.9121639803E+02
   1204.00    0.1058185128E+03
   1205.00    0.1237041473E+03
   1206.00    0.1446246724E+03
   1207.00    0.1648456132E+03
   1208.00    0.1747511350E+03
   1209.00    0.1669957020E+03
   1210.00    0.1471995991E+03
   1211.00    0.1254258359E+03
   1212.00    0.1065948740E+03
   1213.00    0.9153328120E+02
   1214.00    0.7969834355E+02
   1215.00    0.7035728863E+02
   1216.00    0.6289764304E+02
   1217.00    0.5686146859E+02
   1218.00    0.5191523245E+02
   1219.00    0.4781248163E+02
   1220.00    0.4435860489E+02
   1221.00    0.4137091628E+02
   1222.00    0.3861872427E+02
   1223.00    0.3574216647E+02
   1224.00    0.3229661594E+02
   1225.00    0.2832229115E+02
   1226.00    0.2480702588E+02
   1227.00    0.2246073249E+02
   1228.00    0.2101497708E+02
   1229.00    0.2000910367E+02
   1230.00    0.1918652692E+02
   1231.00    0.1844302677E+02
   1232.00    0.1774106973E+02
   1233.00    0.1706782066E+02
   1234.00    0.1641881094E+02
   1235.00    0.1579204638E+02
   1236.00    0.1518597923E+02
   1237.00    0.1459887046E+02
   1238.00    0.1402865209E+02
   1239.00    0.1347299771E+02
   1240.00    0.1292957029E+02
   1241.00    0.1239661564E+02
   1242.00    0.1187440273E+02
   1243.00    0.1136877670E+02
   1244.00    0.1089984817E+02
   1245.00    0.1052184382E+02
   1246.00    0.1035771163E+02
   1247.00    0.1060245561E+02
   1248.00    0.1131216618E+02
   1249.00    0.1205896023E+02
   1250.00    0.1233141420E+02
   1251.00    0.1214437577E+02
   1252.00    0.1174487866E+02
   1253.00    0.1129259605E+02
   1254.00    0.1085088411E+02
   1255.00    0.1043813040E+02
   1256.00    0.1005636928E+02
   1257.00    0.9702579971E+01
   1258.00    0.9372646415E+01
   1259.00    0.9062619056E+01
   1260.00    0.8769040877E+01
   1261.00    0.8488980983E+01
   1262.00    0.8220027589E+01
   1263.00    0.7960391051E+01
   1264.00    0.7709330372E+01
   1265.00    0.7468381875E+01
   1266.00    0.7244457960E+01
   1267.00    0.7056327937E+01
   1268.00    0.6940978337E+01
   1269.00    0.6930094811E+01
   1270.00    0.6968994409E+01
   1271.00    0.6937214976E+01
   1272.00    0.6804960572E+01
   1273.00    0.6617248908E+01
   1274.00    0.6411651213E+01
   1275.00    0.6204604814E+01
   1276.00    0.6001235806E+01
   1277.00    0.5802209639E+01
   1278.00    0.5606630168E+01
   1279.00    0.5413099183E+01
   1280.00    0.5220070900E+01
   1281.00    0.5025957479E+01
   1282.00    0.4829165665E+01
   1283.00    0.4628155995E+01
   1284.00    0.4421617317E+01
   1285.00    0.4208929405E+01
   1286.00    0.3991306061E+01
   1287.00    0.3774543408E+01
   1288.00    0.3575483322E+01
   1289.00    0.3436233789E+01
   1290.00    0.3449018528E+01
   1291.00    0.3771003290E+01
   1292.00    0.4548996795E+01
   1293.00    0.5698372608E+01
   1294.00    0.6747306689E+01
   1295.00    0.7220534073E+01
   1296.00    0.7156003908E+01
   1297.00    0.6844630905E+01
   1298.00    0.6478069160E+01
   1299.00    0.6130054291E+01
   1300.00    0.5819438727E+01
   1301.00    0.5546159339E+01
   1302.00    0.5305050662E+01
   1303.00    0.5090396594E+01
   1304.00    0.4897212104E+01
   1305.00    0.4721457418E+01
   1306.00    0.4559939547E+01
   1307.00    0.4410149376E+01
   1308.00    0.4270109649E+01
   1309.00    0.4138251566E+01
   1310.00    0.4013319632E+01
   1311.00    0.3894299748E+01
   1312.00    0.3780365208E+01
   1313.00    0.3670836127E+01
   1314.00    0.3565148885E+01
   1315.00    0.3462833010E+01
   1316.00    0.3363493667E+01
   1317.00    0.3266798387E+01
   1318.00    0.3172467081E+01
   1319.00    0.3080264655E+01
   1320.00    0.2989995745E+01
   1321.00    0.2901501259E+01
   1322.00    0.2814656534E+01
   1323.00    0.2729371005E+01
   1324.00    0.2645589350E+01
   1325.00    0.2563294065E+01
   1326.00    0.2482509319E+01
   1327.00    0.2403305524E+01
   1328.00    0.2325803019E+01
   1329.00    0.2250170656E+01
   1330.00    0.2176608659E+01
   1331.00    0.2105289394E+01
   1332.00    0.2036190200E+01
   1333.00    0.1968652953E+01
   1334.00    0.1900259085E+01
   1335.00    0.1824070198E+01
   1336.00    0.1722660423E+01
   1337.00    0.1560269200E+01
   1338.00    0.1294151804E+01
   1339.00    0.9405949692E+00
   1340.00    0.6036843258E+00
   1341.00    0.3653078482E+00
   1342.00    0.2368990336E+00
   1343.00    0.2041009384E+00
   1344.00    0.2380815510E+00
   1345.00    0.3088276145E+00
   1346.00    0.4032168342E+00
   1347.00    0.5172123669E+00
   1348.00    0.6495227988E+00
   1349.00    0.7999353156E+00
   1350.00    0.9689842686E+00
   1351.00    0.1157902491E+01
   1352.00    0.1368652668E+01
   1353.00    0.1604014152E+01
   1354.00    0.1867734089E+01
   1355.00    0.2164762296E+01
   1356.00    0.2501600563E+01
   1357.00    0.2886814051E+01
   1358.00    0.3331778907E+01
   1359.00    0.3851779926E+01
   1360.00    0.4467628900E+01
   1361.00    0.5208042099E+01
   1362.00    0.6113043625E+01
   1363.00    0.7238422326E+01
   1364.00    0.8659882842E+01
   1365.00    0.1046987441E+02
   1366.00    0.1274073533E+02
   1367.00    0.1538026869E+02
   1368.00    0.1780463855E+02
   1369.00    0.1885693931E+02
   1370.00    0.1795628569E+02
   1371.00    0.1591767884E+02
   1372.00    0.1374663220E+02
   1373.00    0.1187119620E+02
   1374.00    0.1035211874E+02
   1375.00    0.9135870018E+01
   1376.00    0.8154375351E+01
   1377.00    0.7350725770E+01
   1378.00    0.6681973667E+01
   1379.00    0.6116592241E+01
   1380.00    0.5631473182E+01
   1381.00    0.5209528371E+01
   1382.00    0.4837957408E+01
   1383.00    0.4507034271E+01
   1384.00    0.4209262222E+01
   1385.00    0.3938782020E+01
   1386.00    0.3690953201E+01
   1387.00    0.3462053968E+01
   1388.00    0.3249062820E+01
   1389.00    0.3049496462E+01
   1390.00    0.2861285385E+01
   1391.00    0.2682671313E+01
   1392.00    0.2512108515E+01
   1393.00    0.2348139422E+01
   1394.00    0.2189182798E+01
   1395.00    0.2033093801E+01
   1396.00    0.1876193896E+01
   1397.00    0.1711345117E+01
   1398.00    0.1526004366E+01
   1399.00    0.1310226044E+01
   1400.00    0.1097872488E+01
   1401.00    0.9925663764E+00
   1402.00    0.1036240497E+01
   1403.00    0.1113405326E+01
   1404.00    0.1103513489E+01
   1405.00    0.1004171612E+01
   1406.00    0.8698238693E+00
   1407.00    0.7414477873E+00
   1408.00    0.6442527048E+00
   1409.00    0.5988827596E+00
   1410.00    0.6193337683E+00
   1411.00    0.7037551761E+00
   1412.00    0.8385975114E+00
   1413.00    0.1010852791E+01
   1414.00    0.1212909826E+01
   1415.00    0.1441777506E+01
   1416.00    0.1697563743E+01
   1417.00    0.1982556162E+01
   1418.00    0.2300863258E+01
   1419.00    0.2658438062E+01
   1420.00    0.3063395480E+01
   1421.00    0.3526620764E+01
   1422.00    0.4062737116E+01
   1423.00    0.4691570529E+01
   1424.00    0.5440327036E+01
   1425.00    0.6346756639E+01
   1426.00    0.7463475807E+01
   1427.00    0.8862776585E+01
   1428.00    0.1063754869E+02
   1429.00    0.1288049364E+02
   1430.00    0.1558497392E+02
   1431.00    0.1836325558E+02
   1432.00    0.2013876925E+02
   1433.00    0.1985725292E+02
   1434.00    0.1791569249E+02
   1435.00    0.1550598977E+02
   1436.00    0.1332116279E+02
   1437.00    0.1152864299E+02
   1438.00    0.1009384814E+02
   1439.00    0.8941618593E+01
   1440.00    0.8003997108E+01
   1441.00    0.7228613980E+01
   1442.00    0.6576872932E+01
   1443.00    0.6020543355E+01
   1444.00    0.5538836588E+01
   1445.00    0.5116250674E+01
   1446.00    0.4741054011E+01
   1447.00    0.4404231648E+01
   1448.00    0.4098753567E+01
   1449.00    0.3819068211E+01
   1450.00    0.3560762850E+01
   1451.00    0.3320369167E+01
   1452.00    0.3095342122E+01
   1453.00    0.2884333411E+01
   1454.00    0.2688072475E+01
   1455.00    0.2511449482E+01
   1456.00    0.2366883934E+01
   1457.00    0.2272892797E+01
   1458.00    0.2227657675E+01
   1459.00    0.2177420082E+01
   1460.00    0.2074684846E+01
   1461.00    0.1930492595E+01
   1462.00    0.1771411215E+01
   1463.00    0.1611903185E+01
   1464.00    0.1456968423E+01
   1465.00    0.1307740335E+01
   1466.00    0.1164224274E+01
   1467.00    0.1026389296E+01
   1468.00    0.8946877472E+00
   1469.00    0.7705172831E+00
   1470.00    0.6569281820E+00
   1471.00    0.5598037286E+00
   1472.00    0.4892570683E+00
   1473.00    0.4588410946E+00
   1474.00    0.4781876016E+00
   1475.00    0.5443960816E+00
   1476.00    0.6458560111E+00
   1477.00    0.7716255058E+00
   1478.00    0.9147444380E+00
   1479.00    0.1071468359E+01
   1480.00    0.1240031028E+01
   1481.00    0.1419841056E+01
   1482.00    0.1611048966E+01
   1483.00    0.1814330642E+01
   1484.00    0.2030788240E+01
   1485.00    0.2261910879E+01
   1486.00    0.2509547938E+01
   1487.00    0.2775816442E+01
   1488.00    0.3062740904E+01
   1489.00    0.3371063210E+01
   1490.00    0.3696786807E+01
   1491.00    0.4023118332E+01
   1492.00    0.4312228398E+01
   1493.00    0.4534950338E+01
   1494.00    0.4754663244E+01
   1495.00    0.5089767540E+01
   1496.00    0.5588276212E+01
   1497.00    0.6226721405E+01
   1498.00    0.6950635088E+01
   1499.00    0.7740795835E+01
   1500.00    0.8622849204E+01
   1501.00    0.9635052091E+01
   1502.00    0.1082033383E+02
   1503.00    0.1223075697E+02
   1504.00    0.1393188638E+02
   1505.00    0.1600177740E+02
   1506.00    0.1851037572E+02
   1507.00    0.2143758783E+02
   1508.00    0.2446384113E+02
   1509.00    0.2680318786E+02
   1510.00    0.2801185506E+02
   1511.00    0.2933030652E+02
   1512.00    0.3223073203E+02
   1513.00    0.3599753270E+02
   1514.00    0.3794800753E+02
   1515.00    0.3644436143E+02
   1516.00    0.3276247753E+02
   1517.00    0.2874561284E+02
   1518.00    0.2521557417E+02
   1519.00    0.2228895524E+02
   1520.00    0.1981727994E+02
   1521.00    0.1755838236E+02
   1522.00    0.1530785618E+02
   1523.00    0.1317516230E+02
   1524.00    0.1152025152E+02
   1525.00    0.1040278310E+02
   1526.00    0.9617583427E+01
   1527.00    0.8995984002E+01
   1528.00    0.8456600322E+01
   1529.00    0.7964860074E+01
   1530.00    0.7505272340E+01
   1531.00    0.7070002980E+01
   1532.00    0.6655270947E+01
   1533.00    0.6261673461E+01
   1534.00    0.5898267060E+01
   1535.00    0.5593063607E+01
   1536.00    0.5413029994E+01
   1537.00    0.5476586617E+01
   1538.00    0.5864720103E+01
   1539.00    0.6382334309E+01
   1540.00    0.6640708908E+01
   1541.00    0.6545446630E+01
   1542.00    0.6269805277E+01
   1543.00    0.5978245941E+01
   1544.00    0.5774596848E+01
   1545.00    0.5699208100E+01
   1546.00    0.5667123066E+01
   1547.00    0.5548881162E+01
   1548.00    0.5335251464E+01
   1549.00    0.5081059887E+01
   1550.00    0.4822868874E+01
   1551.00    0.4574153303E+01
   1552.00    0.4337620568E+01
   1553.00    0.4112237027E+01
   1554.00    0.3895964097E+01
   1555.00    0.3686678984E+01
   1556.00    0.3482440394E+01
   1557.00    0.3281536395E+01
   1558.00    0.3082470695E+01
   1559.00    0.2883944364E+01
   1560.00    0.2684858278E+01
   1561.00    0.2484356825E+01
   1562.00    0.2281944366E+01
   1563.00    0.2077735626E+01
   1564.00    0.1872965038E+01
   1565.00    0.1671011267E+01
   1566.00    0.1479431747E+01
   1567.00    0.1313731415E+01
   1568.00    0.1202647913E+01
   1569.00    0.1188913606E+01
   1570.00    0.1312454685E+01
   1571.00    0.1586985697E+01
   1572.00    0.2006745366E+01
   1573.00    0.2570367576E+01
   1574.00    0.3292777511E+01
   1575.00    0.4207982157E+01
   1576.00    0.5369975283E+01
   1577.00    0.6848566570E+01
   1578.00    0.8698958410E+01
   1579.00    0.1084535282E+02
   1580.00    0.1282115772E+02
   1581.00    0.1371832842E+02
   1582.00    0.1309462081E+02
   1583.00    0.1156749086E+02
   1584.00    0.9892349927E+01
   1585.00    0.8411604953E+01
   1586.00    0.7221477136E+01
   1587.00    0.6378260615E+01
   1588.00    0.6004703115E+01
   1589.00    0.6311255183E+01
   1590.00    0.7498559624E+01
   1591.00    0.9599610701E+01
   1592.00    0.1228402888E+02
   1593.00    0.1460402930E+02
   1594.00    0.1550863512E+02
   1595.00    0.1503662205E+02
   1596.00    0.1395658516E+02
   1597.00    0.1280598412E+02
   1598.00    0.1177880761E+02
   1599.00    0.1090908165E+02
   1600.00    0.1018091812E+02
   1601.00    0.9568775905E+01
   1602.00    0.9049210786E+01
   1603.00    0.8603280406E+01
   1604.00    0.8216279659E+01
   1605.00    0.7876904304E+01
   1606.00    0.7576442188E+01
   1607.00    0.7308125559E+01
   1608.00    0.7066643590E+01
   1609.00    0.6847783260E+01
   1610.00    0.6648165987E+01
   1611.00    0.6465053813E+01
   1612.00    0.6296205743E+01
   1613.00    0.6139770289E+01
   1614.00    0.5994204292E+01
   1615.00    0.5858210982E+01
   1616.00    0.5730692245E+01
   1617.00    0.5610711481E+01
   1618.00    0.5497464434E+01
   1619.00    0.5390256078E+01
   1620.00    0.5288482153E+01
   1621.00    0.5191614288E+01
   1622.00    0.5099187930E+01
   1623.00    0.5010792469E+01
   1624.00    0.4926063114E+01
   1625.00    0.4844674150E+01
   1626.00    0.4766333318E+01
   1627.00    0.4690777087E+01
   1628.00    0.4617766660E+01
   1629.00    0.4547084577E+01
   1630.00    0.4478531794E+01
   1631.00    0.4411925171E+01
   1632.00    0.4347095284E+01
   1633.00    0.4283884500E+01
   1634.00    0.4222145286E+01
   1635.00    0.4161738680E+01
   1636.00    0.4102532921E+01
   1637.00    0.4044402186E+01
   1638.00    0.3987225419E+01
   1639.00    0.3930885226E+01
   1640.00    0.3875266803E+01
   1641.00    0.3820256900E+01
   1642.00    0.3765742778E+01
   1643.00    0.3711611144E+01
   1644.00    0.3657747050E+01
   1645.00    0.3604032726E+01
   1646.00    0.3550346319E+01
   1647.00    0.3496560510E+01
   1648.00    0.3442540984E+01
   1649.00    0.3388144694E+01
   1650.00    0.3333217896E+01
   1651.00    0.3277593874E+01
   1652.00    0.3221090319E+01
   1653.00    0.3163506256E+01
   1654.00    0.3104618460E+01
   1655.00    0.3044177236E+01
   1656.00    0.2981901473E+01
   1657.00    0.2917472874E+01
   1658.00    0.2850529282E+01
   1659.00    0.2780657134E+01
   1660.00    0.2707383254E+01
   1661.00    0.2630166638E+01
   1662.00    0.2548391765E+01
   1663.00    0.2461366815E+01
   1664.00    0.2368333992E+01
   1665.00    0.2268507190E+01
   1666.00    0.2161169527E+01
   1667.00    0.2045901246E+01
   1668.00    0.1923093573E+01
   1669.00    0.1795095309E+01
   1670.00    0.1668747156E+01
   1671.00    0.1560744258E+01
   1672.00    0.1507286367E+01
   1673.00    0.1573828815E+01
   1674.00    0.1846597745E+01
   1675.00    0.2402293012E+01
   1676.00    0.3296033889E+01
   1677.00    0.4546325523E+01
   1678.00    0.6019183578E+01
   1679.00    0.7263357244E+01
   1680.00    0.7782854442E+01
   1681.00    0.7623885692E+01
   1682.00    0.7165853772E+01
   1683.00    0.6666072060E+01
   1684.00    0.6217950814E+01
   1685.00    0.5839235490E+01
   1686.00    0.5523661421E+01
   1687.00    0.5259980480E+01
   1688.00    0.5037648875E+01
   1689.00    0.4848077437E+01
   1690.00    0.4684577679E+01
   1691.00    0.4542007098E+01
   1692.00    0.4416409547E+01
   1693.00    0.4304721848E+01
   1694.00    0.4204550756E+01
   1695.00    0.4114007682E+01
   1696.00    0.4031587066E+01
   1697.00    0.3956076712E+01
   1698.00    0.3886491297E+01
   1699.00    0.3822022660E+01
   1700.00    0.3762002300E+01
   1701.00    0.3705872823E+01
   1702.00    0.3653165990E+01
   1703.00    0.3603485698E+01
   1704.00    0.3556494661E+01
   1705.00    0.3511903894E+01
   1706.00    0.3469464360E+01
   1707.00    0.3428960267E+01
   1708.00    0.3390203659E+01
   1709.00    0.3353030023E+01
   1710.00    0.3317294691E+01
   1711.00    0.3282869881E+01
   1712.00    0.3249642246E+01
   1713.00    0.3217510834E+01
   1714.00    0.3186385384E+01
   1715.00    0.3156184883E+01
   1716.00    0.3126836359E+01
   1717.00    0.3098273848E+01
   1718.00    0.3070437514E+01
   1719.00    0.3043272900E+01
   1720.00    0.3016730274E+01
   1721.00    0.2990764078E+01
   1722.00    0.2965332440E+01
   1723.00    0.2940396749E+01
   1724.00    0.2915921295E+01
   1725.00    0.2891872940E+01
   1726.00    0.2868220835E+01
   1727.00    0.2844936173E+01
   1728.00    0.2821991963E+01
   1729.00    0.2799362835E+01
   1730.00    0.2777024863E+01
   1731.00    0.2754955406E+01
   1732.00    0.2733132967E+01
   1733.00    0.2711537063E+01
   1734.00    0.2690148109E+01
   1735.00    0.2668947311E+01
   1736.00    0.2647916568E+01
   1737.00    0.2627038381E+01
   1738.00    0.2606295771E+01
   1739.00    0.2585672198E+01
   1740.00    0.2565151490E+01
   1741.00    0.2544717772E+01
   1742.00    0.2524355398E+01
   1743.00    0.2504048891E+01
   1744.00    0.2483782876E+01
   1745.00    0.2463542024E+01
   1746.00    0.2443310988E+01
   1747.00    0.2423074349E+01
   1748.00    0.2402816548E+01
   1749.00    0.2382521837E+01
   1750.00    0.2362174206E+01
   1751.00    0.2341757328E+01
   1752.00    0.2321254489E+01
   1753.00    0.2300648525E+01
   1754.00    0.2279921743E+01
   1755.00    0.2259055852E+01
   1756.00    0.2238031878E+01
   1757.00    0.2216830083E+01
   1758.00    0.2195429865E+01
   1759.00    0.2173809670E+01
   1760.00    0.2151946872E+01
   1761.00    0.2129817665E+01
   1762.00    0.2107396932E+01
   1763.00    0.2084658104E+01
   1764.00    0.2061573010E+01
   1765.00    0.2038111704E+01
   1766.00    0.2014242283E+01
   1767.00    0.1989930677E+01
   1768.00    0.1965140421E+01
   1769.00    0.1939832403E+01
   1770.00    0.1913964581E+01
   1771.00    0.1887491663E+01
   1772.00    0.1860364760E+01
   1773.00    0.1832530989E+01
   1774.00    0.1803933035E+01
   1775.00    0.1774508653E+01
   1776.00    0.1744190120E+01
   1777.00    0.1712903613E+01
   1778.00    0.1680568523E+01
   1779.00    0.1647096681E+01
   1780.00    0.1612391510E+01
   1781.00    0.1576347090E+01
   1782.00    0.1538847137E+01
   1783.00    0.1499763926E+01
   1784.00    0.1458957172E+01
   1785.00    0.1416272940E+01
   1786.00    0.1371542701E+01
   1787.00    0.1324582726E+01
   1788.00    0.1275194179E+01
   1789.00    0.1223164522E+01
   1790.00    0.1168271340E+01
   1791.00    0.1110290529E+01
   1792.00    0.1049012443E+01
   1793.00    0.9842726804E+00
   1794.00    0.9160103418E+00
   1795.00    0.8443791362E+00
   1796.00    0.7699626378E+00
   1797.00    0.6941983269E+00
   1798.00    0.6202140021E+00
   1799.00    0.5543890464E+00
   1800.00    0.5086424013E+00
   1801.00    0.5011875656E+00
   1802.00    0.5500567758E+00
   1803.00    0.6623570507E+00
   1804.00    0.8353997620E+00
   1805.00    0.1066610177E+01
   1806.00    0.1358868552E+01
   1807.00    0.1721584593E+01
   1808.00    0.2171370387E+01
   1809.00    0.2733773736E+01
   1810.00    0.3446356082E+01
   1811.00    0.4362642404E+01
   1812.00    0.5553671864E+01
   1813.00    0.7093159066E+01
   1814.00    0.8981464090E+01
   1815.00    0.1093613387E+02
   1816.00    0.1222257991E+02
   1817.00    0.1224595903E+02
   1818.00    0.1133271614E+02
   1819.00    0.1015299728E+02
   1820.00    0.9065696784E+01
   1821.00    0.8161798500E+01
   1822.00    0.7431185490E+01
   1823.00    0.6841016113E+01
   1824.00    0.6359804773E+01
   1825.00    0.5962472811E+01
   1826.00    0.5630093781E+01
   1827.00    0.5348569807E+01
   1828.00    0.5107371086E+01
   1829.00    0.4898559963E+01
   1830.00    0.4716082000E+01
   1831.00    0.4555261146E+01
   1832.00    0.4412441006E+01
   1833.00    0.4284728451E+01
   1834.00    0.4169808637E+01
   1835.00    0.4065810057E+01
   1836.00    0.3971204947E+01
   1837.00    0.3884734932E+01
   1838.00    0.3805354893E+01
   1839.00    0.3732190120E+01
   1840.00    0.3664503286E+01
   1841.00    0.3601668734E+01
   1842.00    0.3543152274E+01
   1843.00    0.3488495185E+01
   1844.00    0.3437301426E+01
   1845.00    0.3389227350E+01
   1846.00    0.3343973363E+01
   1847.00    0.3301277124E+01
   1848.00    0.3260907950E+01
   1849.00    0.3222662204E+01
   1850.00    0.3186359456E+01
   1851.00    0.3151839282E+01
   1852.00    0.3118958574E+01
   1853.00    0.3087589269E+01
   1854.00    0.3057616428E+01
   1855.00    0.3028936601E+01
   1856.00    0.3001456429E+01
   1857.00    0.2975091442E+01
   1858.00    0.2949765030E+01
   1859.00    0.2925407546E+01
   1860.00    0.2901955537E+01
   1861.00    0.2879351069E+01
   1862.00    0.2857541137E+01
   1863.00    0.2836477155E+01
   1864.00    0.2816114503E+01
   1865.00    0.2796412129E+01
   1866.00    0.2777332202E+01
   1867.00    0.2758839796E+01
   1868.00    0.2740902621E+01
   1869.00    0.2723490776E+01
   1870.00    0.2706576532E+01
   1871.00    0.2690134136E+01
   1872.00    0.2674139641E+01
   1873.00    0.2658570745E+01
   1874.00    0.2643406658E+01
   1875.00    0.2628627966E+01
   1876.00    0.2614216530E+01
   1877.00    0.2600155371E+01
   1878.00    0.2586428588E+01
   1879.00    0.2573021265E+01
   1880.00    0.2559919403E+01
   1881.00    0.2547109842E+01
   1882.00    0.2534580208E+01
   1883.00    0.2522318844E+01
   1884.00    0.2510314769E+01
   1885.00    0.2498557622E+01
   1886.00    0.2487037619E+01
   1887.00    0.2475745519E+01
   1888.00    0.2464672578E+01
   1889.00    0.2453810523E+01
   1890.00    0.2443151514E+01
   1891.00    0.2432688123E+01
   1892.00    0.2422413298E+01
   1893.00    0.2412320349E+01
   1894.00    0.2402402916E+01
   1895.00    0.2392654955E+01
   1896.00    0.2383070714E+01
   1897.00    0.2373644718E+01
   1898.00    0.2364371752E+01
   1899.00    0.2355246843E+01
   1900.00    0.2346265250E+01
   1901.00    0.2337422447E+01
   1902.00    0.2328714112E+01
   1903.00    0.2320136116E+01
   1904.00    0.2311684510E+01
   1905.00    0.2303355519E+01
   1906.00    0.2295145527E+01
   1907.00    0.2287051074E+01
   1908.00    0.2279068843E+01
   1909.00    0.2271195657E+01
   1910.00    0.2263428467E+01
   1911.00    0.2255764348E+01
   1912.00    0.2248200492E+01
   1913.00    0.2240734203E+01
   1914.00    0.2233362891E+01
   1915.00    0.2226084063E+01
   1916.00    0.2218895325E+01
   1917.00    0.2211794374E+01
   1918.00    0.2204778989E+01
   1919.00    0.2197847037E+01
   1920.00    0.2190996459E+01
   1921.00    0.2184225272E+01
   1922.00    0.2177531566E+01
   1923.00    0.2170913496E+01
   1924.00    0.2164369285E+01
   1925.00    0.2157897215E+01
   1926.00    0.2151495629E+01
   1927.00    0.2145162926E+01
   1928.00    0.2138897559E+01
   1929.00    0.2132698034E+01
   1930.00    0.2126562905E+01
   1931.00    0.2120490774E+01
   1932.00    0.2114480288E+01
   1933.00    0.2108530138E+01
   1934.00    0.2102639057E+01
   1935.00    0.2096805818E+01
   1936.00    0.2091029232E+01
   1937.00    0.2085308146E+01
   1938.00    0.2079641444E+01
   1939.00    0.2074028043E+01
   1940.00    0.2068466892E+01
   1941.00    0.2062956974E+01
   1942.00    0.2057497299E+01
   1943.00    0.2052086908E+01
   1944.00    0.2046724868E+01
   1945.00    0.2041410275E+01
   1946.00    0.2036142249E+01
   1947.00    0.2030919937E+01
   1948.00    0.2025742507E+01
   1949.00    0.2020609153E+01
   1950.00    0.2015519089E+01
   1951.00    0.2010471552E+01
   1952.00    0.2005465799E+01
   1953.00    0.2000501106E+01
   1954.00    0.1995576771E+01
   1955.00    0.1990692107E+01
   1956.00    0.1985846448E+01
   1957.00    0.1981039143E+01
   1958.00    0.1976269560E+01
   1959.00    0.1971537081E+01
   1960.00    0.1966841104E+01
   1961.00    0.1962181045E+01
   1962.00    0.1957556329E+01
   1963.00    0.1952966401E+01
   1964.00    0.1948410716E+01
   1965.00    0.1943888744E+01
   1966.00    0.1939399965E+01
   1967.00    0.1934943876E+01
   1968.00    0.1930519982E+01
   1969.00    0.1926127801E+01
   1970.00    0.1921766863E+01
   1971.00    0.1917436708E+01
   1972.00    0.1913136887E+01
   1973.00    0.1908866961E+01
   1974.00    0.1904626500E+01
   1975.00    0.1900415086E+01
   1976.00    0.1896232309E+01
   1977.00    0.1892077767E+01
   1978.00    0.1887951068E+01
   1979.00    0.1883851830E+01
   1980.00    0.1879779676E+01
   1981.00    0.1875734240E+01
   1982.00    0.1871715161E+01
   1983.00    0.1867722090E+01
   1984.00    0.1863754680E+01
   1985.00    0.1859812596E+01
   1986.00    0.1855895506E+01
   1987.00    0.1852003088E+01
   1988.00    0.1848135025E+01
   1989.00    0.1844291006E+01
   1990.00    0.1840470727E+01
   1991.00    0.1836673890E+01
   1992.00    0.1832900204E+01
   1993.00    0.1829149381E+01
   1994.00    0.1825421142E+01
   1995.00    0.1821715211E+01
   1996.00    0.1818031317E+01
   1997.00    0.1814369196E+01
   1998.00    0.1810728589E+01
   1999.00    0.1807109241E+01
   2000.00    0.1803510901E+01
   2001.00    0.1799933325E+01
   2002.00    0.1796376271E+01
   2003.00    0.1792839502E+01
   2004.00    0.1789322788E+01
   2005.00    0.1785825901E+01
   2006.00    0.1782348615E+01
   2007.00    0.1778890713E+01
   2008.00    0.1775451977E+01
   2009.00    0.1772032197E+01
   2010.00    0.1768631163E+01
   2011.00    0.1765248672E+01
   2012.00    0.1761884522E+01
   2013.00    0.1758538516E+01
   2014.00    0.1755210459E+01
   2015.00    0.1751900160E+01
   2016.00    0.1748607433E+01
   2017.00    0.1745332092E+01
   2018.00    0.1742073956E+01
   2019.00    0.1738832847E+01
   2020.00    0.1735608590E+01
   2021.00    0.1732401011E+01
   2022.00    0.1729209941E+01
   2023.00    0.1726035213E+01
   2024.00    0.1722876663E+01
   2025.00    0.1719734129E+01
   2026.00    0.1716607452E+01
   2027.00    0.1713496476E+01
   2028.00    0.1710401046E+01
   2029.00    0.1707321010E+01
   2030.00    0.1704256220E+01
   2031.00    0.1701206529E+01
   2032.00    0.1698171791E+01
   2033.00    0.1695151864E+01
   2034.00    0.1692146608E+01
   2035.00    0.1689155884E+01
   2036.00    0.1686179556E+01
   2037.00    0.1683217491E+01
   2038.00    0.1680269555E+01
   2039.00    0.1677335619E+01
   2040.00    0.1674415555E+01
   2041.00    0.1671509236E+01
   2042.00    0.1668616537E+01
   2043.00    0.1665737336E+01
   2044.00    0.1662871511E+01
   2045.00    0.1660018944E+01
   2046.00    0.1657179517E+01
   2047.00    0.1654353113E+01
   2048.00    0.1651539619E+01
   2049.00    0.1648738922E+01
   2050.00    0.1645950910E+01
   2051.00    0.1643175474E+01
   2052.00    0.1640412507E+01
   2053.00    0.1637661900E+01
   2054.00    0.1634923550E+01
   2055.00    0.1632197352E+01
   2056.00    0.1629483204E+01
   2057.00    0.1626781006E+01
   2058.00    0.1624090656E+01
   2059.00    0.1621412058E+01
   2060.00    0.1618745114E+01
   2061.00    0.1616089728E+01
   2062.00    0.1613445805E+01
   2063.00    0.1610813254E+01
   2064.00    0.1608191981E+01
   2065.00    0.1605581895E+01
   2066.00    0.1602982907E+01
   2067.00    0.1600394928E+01
   2068.00    0.1597817871E+01
   2069.00    0.1595251650E+01
   2070.00    0.1592696179E+01
   2071.00    0.1590151373E+01
   2072.00    0.1587617150E+01
   2073.00    0.1585093428E+01
   2074.00    0.1582580125E+01
   2075.00    0.1580077161E+01
   2076.00    0.1577584458E+01
   2077.00    0.1575101936E+01
   2078.00    0.1572629519E+01
   2079.00    0.1570167130E+01
   2080.00    0.1567714694E+01
   2081.00    0.1565272137E+01
   2082.00    0.1562839383E+01
   2083.00    0.1560416362E+01
   2084.00    0.1558003001E+01
   2085.00    0.1555599228E+01
   2086.00    0.1553204974E+01
   2087.00    0.1550820169E+01
   2088.00    0.1548444744E+01
   2089.00    0.1546078632E+01
   2090.00    0.1543721765E+01
   2091.00    0.1541374077E+01
   2092.00    0.1539035502E+01
   2093.00    0.1536705976E+01
   2094.00    0.1534385435E+01
   2095.00    0.1532073814E+01
   2096.00    0.1529771052E+01
   2097.00    0.1527477086E+01
   2098.00    0.1525191854E+01
   2099.00    0.1522915297E+01
   2100.00    0.1520647355E+01
   2101.00    0.1518387967E+01
   2102.00    0.1516137075E+01
   2103.00    0.1513894621E+01
   2104.00    0.1511660548E+01
   2105.00    0.1509434799E+01
   2106.00    0.1507217317E+01
   2107.00    0.1505008046E+01
   2108.00    0.1502806933E+01
   2109.00    0.1500613921E+01
   2110.00    0.1498428958E+01
   2111.00    0.1496251990E+01
   2112.00    0.1494082964E+01
   2113.00    0.1491921828E+01
   2114.00    0.1489768529E+01
   2115.00    0.1487623018E+01
   2116.00    0.1485485243E+01
   2117.00    0.1483355154E+01
   2118.00    0.1481232701E+01
   2119.00    0.1479117835E+01
   2120.00    0.1477010508E+01
   2121.00    0.1474910671E+01
   2122.00    0.1472818277E+01
   2123.00    0.1470733278E+01
   2124.00    0.1468655628E+01
   2125.00    0.1466585279E+01
   2126.00    0.1464522188E+01
   2127.00    0.1462466307E+01
   2128.00    0.1460417592E+01
   2129.00    0.1458375999E+01
   2130.00    0.1456341483E+01
   2131.00    0.1454314000E+01
   2132.00    0.1452293508E+01
   2133.00    0.1450279963E+01
   2134.00    0.1448273324E+01
   2135.00    0.1446273547E+01
   2136.00    0.1444280592E+01
   2137.00    0.1442294417E+01
   2138.00    0.1440314980E+01
   2139.00    0.1438342243E+01
   2140.00    0.1436376164E+01
   2141.00    0.1434416704E+01
   2142.00    0.1432463823E+01
   2143.00    0.1430517482E+01
   2144.00    0.1428577643E+01
   2145.00    0.1426644267E+01
   2146.00    0.1424717317E+01
   2147.00    0.1422796754E+01
   2148.00    0.1420882541E+01
   2149.00    0.1418974642E+01
   2150.00    0.1417073020E+01
   2151.00    0.1415177638E+01
   2152.00    0.1413288460E+01
   2153.00    0.1411405452E+01
   2154.00    0.1409528576E+01
   2155.00    0.1407657799E+01
   2156.00    0.1405793086E+01
   2157.00    0.1403934401E+01
   2158.00    0.1402081712E+01
   2159.00    0.1400234984E+01
   2160.00    0.1398394183E+01
   2161.00    0.1396559277E+01
   2162.00    0.1394730232E+01
   2163.00    0.1392907016E+01
   2164.00    0.1391089595E+01
   2165.00    0.1389277939E+01
   2166.00    0.1387472015E+01
   2167.00    0.1385671792E+01
   2168.00    0.1383877238E+01
   2169.00    0.1382088322E+01
   2170.00    0.1380305013E+01
   2171.00    0.1378527280E+01
   2172.00    0.1376755095E+01
   2173.00    0.1374988425E+01
   2174.00    0.1373227242E+01
   2175.00    0.1371471516E+01
   2176.00    0.1369721217E+01
   2177.00    0.1367976317E+01
   2178.00    0.1366236786E+01
   2179.00    0.1364502596E+01
   2180.00    0.1362773719E+01
   2181.00    0.1361050126E+01
   2182.00    0.1359331789E+01
   2183.00    0.1357618681E+01
   2184.00    0.1355910774E+01
   2185.00    0.1354208041E+01
   2186.00    0.1352510455E+01
   2187.00    0.1350817988E+01
   2188.00    0.1349130615E+01
   2189.00    0.1347448309E+01
   2190.00    0.1345771043E+01
   2191.00    0.1344098791E+01
   2192.00    0.1342431528E+01
   2193.00    0.1340769229E+01
   2194.00    0.1339111867E+01
   2195.00    0.1337459417E+01
   2196.00    0.1335811854E+01
   2197.00    0.1334169154E+01
   2198.00    0.1332531292E+01
   2199.00    0.1330898243E+01
   2200.00    0.1329269983E+01
   2201.00    0.1327646487E+01
   2202.00    0.1326027733E+01
   2203.00    0.1324413695E+01
   2204.00    0.1322804352E+01
   2205.00    0.1321199678E+01
   2206.00    0.1319599651E+01
   2207.00    0.1318004248E+01
   2208.00    0.1316413446E+01
   2209.00    0.1314827223E+01
   2210.00    0.1313245554E+01
   2211.00    0.1311668419E+01
   2212.00    0.1310095796E+01
   2213.00    0.1308527661E+01
   2214.00    0.1306963993E+01
   2215.00    0.1305404770E+01
   2216.00    0.1303849971E+01
   2217.00    0.1302299574E+01
   2218.00    0.1300753558E+01
   2219.00    0.1299211902E+01
   2220.00    0.1297674585E+01
   2221.00    0.1296141586E+01
   2222.00    0.1294612884E+01
   2223.00    0.1293088458E+01
   2224.00    0.1291568289E+01
   2225.00    0.1290052356E+01
   2226.00    0.1288540639E+01
   2227.00    0.1287033118E+01
   2228.00    0.1285529773E+01
   2229.00    0.1284030584E+01
   2230.00    0.1282535533E+01
   2231.00    0.1281044598E+01
   2232.00    0.1279557762E+01
   2233.00    0.1278075004E+01
   2234.00    0.1276596307E+01
   2235.00    0.1275121650E+01
   2236.00    0.1273651015E+01
   2237.00    0.1272184384E+01
   2238.00    0.1270721738E+01
   2239.00    0.1269263059E+01
   2240.00    0.1267808328E+01
   2241.00    0.1266357527E+01
   2242.00    0.1264910638E+01
   2243.00    0.1263467643E+01
   2244.00    0.1262028524E+01
   2245.00    0.1260593265E+01
   2246.00    0.1259161846E+01
   2247.00    0.1257734251E+01
   2248.00    0.1256310462E+01
   2249.00    0.1254890462E+01
   2250.00    0.1253474234E+01
   2251.00    0.1252061762E+01
   2252.00    0.1250653027E+01
   2253.00    0.1249248014E+01
   2254.00    0.1247846705E+01
   2255.00    0.1246449084E+01
   2256.00    0.1245055135E+01
   2257.00    0.1243664841E+01
   2258.00    0.1242278186E+01
   2259.00    0.1240895153E+01
   2260.00    0.1239515728E+01
   2261.00    0.1238139893E+01
   2262.00    0.1236767633E+01
   2263.00    0.1235398933E+01
   2264.00    0.1234033776E+01
   2265.00    0.1232672147E+01
   2266.00    0.1231314030E+01
   2267.00    0.1229959411E+01
   2268.00    0.1228608274E+01
   2269.00    0.1227260603E+01
   2270.00    0.1225916384E+01
   2271.00    0.1224575602E+01
   2272.00    0.1223238241E+01
   2273.00    0.1221904288E+01
   2274.00    0.1220573727E+01
   2275.00    0.1219246543E+01
   2276.00    0.1217922723E+01
   2277.00    0.1216602251E+01
   2278.00    0.1215285114E+01
   2279.00    0.1213971296E+01
   2280.00    0.1212660785E+01
   2281.00    0.1211353565E+01
   2282.00    0.1210049623E+01
   2283.00    0.1208748944E+01
   2284.00    0.1207451516E+01
   2285.00    0.1206157324E+01
   2286.00    0.1204866354E+01
   2287.00    0.1203578593E+01
   2288.00    0.1202294027E+01
   2289.00    0.1201012644E+01
   2290.00    0.1199734428E+01
   2291.00    0.1198459368E+01
   2292.00    0.1197187450E+01
   2293.00    0.1195918661E+01
   2294.00    0.1194652988E+01
   2295.00    0.1193390417E+01
   2296.00    0.1192130936E+01
   2297.00    0.1190874532E+01
   2298.00    0.1189621193E+01
   2299.00    0.1188370905E+01
   2300.00    0.1187123655E+01
   2301.00    0.1185879433E+01
   2302.00    0.1184638224E+01
   2303.00    0.1183400016E+01
   2304.00    0.1182164798E+01
   2305.00    0.1180932556E+01
   2306.00    0.1179703279E+01
   2307.00    0.1178476955E+01
   2308.00    0.1177253571E+01
   2309.00    0.1176033115E+01
   2310.00    0.1174815576E+01
   2311.00    0.1173600941E+01
   2312.00    0.1172389199E+01
   2313.00    0.1171180338E+01
   2314.00    0.1169974347E+01
   2315.00    0.1168771213E+01
   2316.00    0.1167570925E+01
   2317.00    0.1166373472E+01
   2318.00    0.1165178843E+01
   2319.00    0.1163987025E+01
   2320.00    0.1162798008E+01
   2321.00    0.1161611780E+01
   2322.00    0.1160428330E+01
   2323.00    0.1159247647E+01
   2324.00    0.1158069720E+01
   2325.00    0.1156894538E+01
   2326.00    0.1155722090E+01
   2327.00    0.1154552364E+01
   2328.00    0.1153385352E+01
   2329.00    0.1152221040E+01
   2330.00    0.1151059419E+01
   2331.00    0.1149900479E+01
   2332.00    0.1148744207E+01
   2333.00    0.1147590595E+01
   2334.00    0.1146439631E+01
   2335.00    0.1145291305E+01
   2336.00    0.1144145606E+01
   2337.00    0.1143002524E+01
   2338.00    0.1141862049E+01
   2339.00    0.1140724171E+01
   2340.00    0.1139588879E+01
   2341.00    0.1138456164E+01
   2342.00    0.1137326014E+01
   2343.00    0.1136198421E+01
   2344.00    0.1135073374E+01
   2345.00    0.1133950863E+01
   2346.00    0.1132830878E+01
   2347.00    0.1131713410E+01
   2348.00    0.1130598448E+01
   2349.00    0.1129485984E+01
   2350.00    0.1128376006E+01
   2351.00    0.1127268507E+01
   2352.00    0.1126163475E+01
   2353.00    0.1125060901E+01
   2354.00    0.1123960777E+01
   2355.00    0.1122863092E+01
   2356.00    0.1121767836E+01
   2357.00    0.1120675002E+01
   2358.00    0.1119584579E+01
   2359.00    0.1118496558E+01
   2360.00    0.1117410929E+01
   2361.00    0.1116327684E+01
   2362.00    0.1115246814E+01
   2363.00    0.1114168309E+01
   2364.00    0.1113092160E+01
   2365.00    0.1112018358E+01
   2366.00    0.1110946895E+01
   2367.00    0.1109877761E+01
   2368.00    0.1108810947E+01
   2369.00    0.1107746445E+01
   2370.00    0.1106684245E+01
   2371.00    0.1105624339E+01
   2372.00    0.1104566719E+01
   2373.00    0.1103511375E+01
   2374.00    0.1102458299E+01
   2375.00    0.1101407482E+01
   2376.00    0.1100358915E+01
   2377.00    0.1099312591E+01
   2378.00    0.1098268500E+01
   2379.00    0.1097226634E+01
   2380.00    0.1096186984E+01
   2381.00    0.1095149543E+01
   2382.00    0.1094114302E+01
   2383.00    0.1093081253E+01
   2384.00    0.1092050386E+01
   2385.00    0.1091021695E+01
   2386.00    0.1089995170E+01
   2387.00    0.1088970804E+01
   2388.00    0.1087948588E+01
   2389.00    0.1086928515E+01
   2390.00    0.1085910576E+01
   2391.00    0.1084894763E+01
   2392.00    0.1083881069E+01
   2393.00    0.1082869485E+01
   2394.00    0.1081860003E+01
   2395.00    0.1080852615E+01
   2396.00    0.1079847314E+01
   2397.00    0.1078844091E+01
   2398.00    0.1077842940E+01
   2399.00    0.1076843851E+01
   2400.00    0.1075846818E+01
   2401.00    0.1074851832E+01
   2402.00    0.1073858886E+01
   2403.00    0.1072867973E+01
   2404.00    0.1071879084E+01
   2405.00    0.1070892212E+01
   2406.00    0.1069907350E+01
   2407.00    0.1068924489E+01
   2408.00    0.1067943623E+01
   2409.00    0.1066964744E+01
   2410.00    0.1065987844E+01
   2411.00    0.1065012917E+01
   2412.00    0.1064039954E+01
   2413.00    0.1063068949E+01
   2414.00    0.1062099893E+01
   2415.00    0.1061132781E+01
   2416.00    0.1060167603E+01
   2417.00    0.1059204354E+01
   2418.00    0.1058243026E+01
   2419.00    0.1057283611E+01
   2420.00    0.1056326104E+01
   2421.00    0.1055370495E+01
   2422.00    0.1054416779E+01
   2423.00    0.1053464948E+01
   2424.00    0.1052514995E+01
   2425.00    0.1051566914E+01
   2426.00    0.1050620696E+01
   2427.00    0.1049676336E+01
   2428.00    0.1048733826E+01
   2429.00    0.1047793159E+01
   2430.00    0.1046854328E+01
   2431.00    0.1045917326E+01
   2432.00    0.1044982148E+01
   2433.00    0.1044048784E+01
   2434.00    0.1043117230E+01
   2435.00    0.1042187478E+01
   2436.00    0.1041259521E+01
   2437.00    0.1040333352E+01
   2438.00    0.1039408966E+01
   2439.00    0.1038486354E+01
   2440.00    0.1037565511E+01
   2441.00    0.1036646429E+01
   2442.00    0.1035729103E+01
   2443.00    0.1034813525E+01
   2444.00    0.1033899689E+01
   2445.00    0.1032987588E+01
   2446.00    0.1032077216E+01
   2447.00    0.1031168566E+01
   2448.00    0.1030261632E+01
   2449.00    0.1029356407E+01
   2450.00    0.1028452885E+01
   2451.00    0.1027551059E+01
   2452.00    0.1026650922E+01
   2453.00    0.1025752469E+01
   2454.00    0.1024855693E+01
   2455.00    0.1023960588E+01
   2456.00    0.1023067146E+01
   2457.00    0.1022175363E+01
   2458.00    0.1021285231E+01
   2459.00    0.1020396745E+01
   2460.00    0.1019509897E+01
   2461.00    0.1018624682E+01
   2462.00    0.1017741093E+01
   2463.00    0.1016859125E+01
   2464.00    0.1015978770E+01
   2465.00    0.1015100023E+01
   2466.00    0.1014222878E+01
   2467.00    0.1013347328E+01
   2468.00    0.1012473367E+01
   2469.00    0.1011600990E+01
   2470.00    0.1010730189E+01
   2471.00    0.1009860959E+01
   2472.00    0.1008993294E+01
   2473.00    0.1008127187E+01
   2474.00    0.1007262633E+01
   2475.00    0.1006399626E+01
   2476.00    0.1005538159E+01
   2477.00    0.1004678227E+01
   2478.00    0.1003819823E+01
   2479.00    0.1002962941E+01
   2480.00    0.1002107576E+01
   2481.00    0.1001253721E+01
   2482.00    0.1000401371E+01
   2483.00    0.9995505201E+00
   2484.00    0.9987011613E+00
   2485.00    0.9978532894E+00
   2486.00    0.9970068983E+00
   2487.00    0.9961619823E+00
   2488.00    0.9953185352E+00
   2489.00    0.9944765515E+00
   2490.00    0.9936360251E+00
   2491.00    0.9927969502E+00
   2492.00    0.9919593210E+00
   2493.00    0.9911231316E+00
   2494.00    0.9902883763E+00
   2495.00    0.9894550493E+00
   2496.00    0.9886231447E+00
   2497.00    0.9877926568E+00
   2498.00    0.9869635798E+00
   2499.00    0.9861359080E+00
   2500.00    0.9853096355E+00
   2501.00    0.9844847567E+00
   2502.00    0.9836612658E+00
   2503.00    0.9828391571E+00
   2504.00    0.9820184249E+00
   2505.00    0.9811990634E+00
   2506.00    0.9803810670E+00
   2507.00    0.9795644299E+00
   2508.00    0.9787491466E+00
   2509.00    0.9779352112E+00
   2510.00    0.9771226182E+00
   2511.00    0.9763113619E+00
   2512.00    0.9755014366E+00
   2513.00    0.9746928367E+00
   2514.00    0.9738855566E+00
   2515.00    0.9730795905E+00
   2516.00    0.9722749329E+00
   2517.00    0.9714715781E+00
   2518.00    0.9706695206E+00
   2519.00    0.9698687547E+00
   2520.00    0.9690692749E+00
   2521.00    0.9682710754E+00
   2522.00    0.9674741507E+00
   2523.00    0.9666784953E+00
   2524.00    0.9658841035E+00
   2525.00    0.9650909698E+00
   2526.00    0.9642990885E+00
   2527.00    0.9635084541E+00
   2528.00    0.9627190610E+00
   2529.00    0.9619309037E+00
   2530.00    0.9611439766E+00
   2531.00    0.9603582741E+00
   2532.00    0.9595737906E+00
   2533.00    0.9587905207E+00
   2534.00    0.9580084587E+00
   2535.00    0.9572275991E+00
   2536.00    0.9564479363E+00
   2537.00    0.9556694648E+00
   2538.00    0.9548921790E+00
   2539.00    0.9541160734E+00
   2540.00    0.9533411425E+00
   2541.00    0.9525673806E+00
   2542.00    0.9517947822E+00
   2543.00    0.9510233418E+00
   2544.00    0.9502530539E+00
   2545.00    0.9494839128E+00
   2546.00    0.9487159131E+00
   2547.00    0.9479490491E+00
   2548.00    0.9471833154E+00
   2549.00    0.9464187063E+00
   2550.00    0.9456552163E+00
   2551.00    0.9448928399E+00
   2552.00    0.9441315715E+00
   2553.00    0.9433714055E+00
   2554.00    0.9426123363E+00
   2555.00    0.9418543584E+00
   2556.00    0.9410974663E+00
   2557.00    0.9403416542E+00
   2558.00    0.9395869167E+00
   2559.00    0.9388332482E+00
   2560.00    0.9380806430E+00
   2561.00    0.9373290956E+00
   2562.00    0.9365786003E+00
   2563.00    0.9358291516E+00
   2564.00    0.9350807439E+00
   2565.00    0.9343333715E+00
   2566.00    0.9335870288E+00
   2567.00    0.9328417102E+00
   2568.00    0.9320974100E+00
   2569.00    0.9313541225E+00
   2570.00    0.9306118422E+00
   2571.00    0.9298705634E+00
   2572.00    0.9291302804E+00
   2573.00    0.9283909875E+00
   2574.00    0.9276526790E+00
   2575.00    0.9269153493E+00
   2576.00    0.9261789926E+00
   2577.00    0.9254436032E+00
   2578.00    0.9247091754E+00
   2579.00    0.9239757035E+00
   2580.00    0.9232431816E+00
   2581.00    0.9225116041E+00
   2582.00    0.9217809652E+00
   2583.00    0.9210512590E+00
   2584.00    0.9203224799E+00
   2585.00    0.9195946220E+00
   2586.00    0.9188676794E+00
   2587.00    0.9181416464E+00
   2588.00    0.9174165170E+00
   2589.00    0.9166922855E+00
   2590.00    0.9159689460E+00
   2591.00    0.9152464925E+00
   2592.00    0.9145249192E+00
   2593.00    0.9138042202E+00
   2594.00    0.9130843894E+00
   2595.00    0.9123654210E+00
   2596.00    0.9116473090E+00
   2597.00    0.9109300475E+00
   2598.00    0.9102136303E+00
   2599.00    0.9094980514E+00
   2600.00    0.9087833050E+00
   2601.00    0.9080693848E+00
   2602.00    0.9073562848E+00
   2603.00    0.9066439989E+00
   2604.00    0.9059325210E+00
   2605.00    0.9052218449E+00
   2606.00    0.9045119646E+00
   2607.00    0.9038028737E+00
   2608.00    0.9030945662E+00
   2609.00    0.9023870357E+00
   2610.00    0.9016802761E+00
   2611.00    0.9009742811E+00
   2612.00    0.9002690443E+00
   2613.00    0.8995645595E+00
   2614.00    0.8988608203E+00
   2615.00    0.8981578203E+00
   2616.00    0.8974555532E+00
   2617.00    0.8967540125E+00
   2618.00    0.8960531918E+00
   2619.00    0.8953530846E+00
   2620.00    0.8946536845E+00
   2621.00    0.8939549848E+00
   2622.00    0.8932569790E+00
   2623.00    0.8925596605E+00
   2624.00    0.8918630228E+00
   2625.00    0.8911670591E+00
   2626.00    0.8904717628E+00
   2627.00    0.8897771272E+00
   2628.00    0.8890831455E+00
   2629.00    0.8883898109E+00
   2630.00    0.8876971167E+00
   2631.00    0.8870050560E+00
   2632.00    0.8863136218E+00
   2633.00    0.8856228074E+00
   2634.00    0.8849326057E+00
   2635.00    0.8842430098E+00
   2636.00    0.8835540126E+00
   2637.00    0.8828656070E+00
   2638.00    0.8821777861E+00
   2639.00    0.8814905425E+00
   2640.00    0.8808038692E+00
   2641.00    0.8801177589E+00
   2642.00    0.8794322043E+00
   2643.00    0.8787471982E+00
   2644.00    0.8780627332E+00
   2645.00    0.8773788019E+00
   2646.00    0.8766953968E+00
   2647.00    0.8760125106E+00
   2648.00    0.8753301355E+00
   2649.00    0.8746482642E+00
   2650.00    0.8739668888E+00
   2651.00    0.8732860019E+00
   2652.00    0.8726055956E+00
   2653.00    0.8719256622E+00
   2654.00    0.8712461938E+00
   2655.00    0.8705671827E+00
   2656.00    0.8698886207E+00
   2657.00    0.8692105001E+00
   2658.00    0.8685328126E+00
   2659.00    0.8678555503E+00
   2660.00    0.8671787050E+00
   2661.00    0.8665022685E+00
   2662.00    0.8658262324E+00
   2663.00    0.8651505886E+00
   2664.00    0.8644753286E+00
   2665.00    0.8638004439E+00
   2666.00    0.8631259261E+00
   2667.00    0.8624517665E+00
   2668.00    0.8617779566E+00
   2669.00    0.8611044876E+00
   2670.00    0.8604313508E+00
   2671.00    0.8597585373E+00
   2672.00    0.8590860382E+00
   2673.00    0.8584138445E+00
   2674.00    0.8577419472E+00
   2675.00    0.8570703372E+00
   2676.00    0.8563990052E+00
   2677.00    0.8557279420E+00
   2678.00    0.8550571383E+00
   2679.00    0.8543865846E+00
   2680.00    0.8537162713E+00
   2681.00    0.8530461891E+00
   2682.00    0.8523763280E+00
   2683.00    0.8517066785E+00
   2684.00    0.8510372306E+00
   2685.00    0.8503679745E+00
   2686.00    0.8496989001E+00
   2687.00    0.8490299974E+00
   2688.00    0.8483612561E+00
   2689.00    0.8476926660E+00
   2690.00    0.8470242167E+00
   2691.00    0.8463558977E+00
   2692.00    0.8456876985E+00
   2693.00    0.8450196084E+00
   2694.00    0.8443516166E+00
   2695.00    0.8436837123E+00
   2696.00    0.8430158845E+00
   2697.00    0.8423481221E+00
   2698.00    0.8416804140E+00
   2699.00    0.8410127488E+00
   2700.00    0.8403451152E+00
   2701.00    0.8396775016E+00
   2702.00    0.8390098965E+00
   2703.00    0.8383422880E+00
   2704.00    0.8376746643E+00
   2705.00    0.8370070135E+00
   2706.00    0.8363393234E+00
   2707.00    0.8356715817E+00
   2708.00    0.8350037762E+00
   2709.00    0.8343358944E+00
   2710.00    0.8336679236E+00
   2711.00    0.8329998510E+00
   2712.00    0.8323316639E+00
   2713.00    0.8316633491E+00
   2714.00    0.8309948936E+00
   2715.00    0.8303262839E+00
   2716.00    0.8296575067E+00
   2717.00    0.8289885483E+00
   2718.00    0.8283193951E+00
   2719.00    0.8276500330E+00
   2720.00    0.8269804480E+00
   2721.00    0.8263106260E+00
   2722.00    0.8256405524E+00
   2723.00    0.8249702129E+00
   2724.00    0.8242995926E+00
   2725.00    0.8236286767E+00
   2726.00    0.8229574501E+00
   2727.00    0.8222858976E+00
   2728.00    0.8216140038E+00
   2729.00    0.8209417531E+00
   2730.00    0.8202691297E+00
   2731.00    0.8195961176E+00
   2732.00    0.8189227006E+00
   2733.00    0.8182488625E+00
   2734.00    0.8175745866E+00
   2735.00    0.8168998562E+00
   2736.00    0.8162246544E+00
   2737.00    0.8155489638E+00
   2738.00    0.8148727672E+00
   2739.00    0.8141960469E+00
   2740.00    0.8135187850E+00
   2741.00    0.8128409636E+00
   2742.00    0.8121625643E+00
   2743.00    0.8114835686E+00
   2744.00    0.8108039577E+00
   2745.00    0.8101237126E+00
   2746.00    0.8094428140E+00
   2747.00    0.8087612424E+00
   2748.00    0.8080789780E+00
   2749.00    0.8073960009E+00
   2750.00    0.8067122906E+00
   2751.00    0.8060278266E+00
   2752.00    0.8053425881E+00
   2753.00    0.8046565539E+00
   2754.00    0.8039697025E+00
   2755.00    0.8032820123E+00
   2756.00    0.8025934612E+00
   2757.00    0.8019040268E+00
   2758.00    0.8012136866E+00
   2759.00    0.8005224176E+00
   2760.00    0.7998301964E+00
   2761.00    0.7991369995E+00
   2762.00    0.7984428029E+00
   2763.00    0.7977475823E+00
   2764.00    0.7970513130E+00
   2765.00    0.7963539701E+00
   2766.00    0.7956555282E+00
   2767.00    0.7949559614E+00
   2768.00    0.7942552438E+00
   2769.00    0.7935533488E+00
   2770.00    0.7928502495E+00
   2771.00    0.7921459185E+00
   2772.00    0.7914403282E+00
   2773.00    0.7907334504E+00
   2774.00    0.7900252566E+00
   2775.00    0.7893157177E+00
   2776.00    0.7886048044E+00
   2777.00    0.7878924867E+00
   2778.00    0.7871787342E+00
   2779.00    0.7864635162E+00
   2780.00    0.7857468012E+00
   2781.00    0.7850285575E+00
   2782.00    0.7843087528E+00
   2783.00    0.7835873542E+00
   2784.00    0.7828643284E+00
   2785.00    0.7821396415E+00
   2786.00    0.7814132591E+00
   2787.00    0.7806851461E+00
   2788.00    0.7799552670E+00
   2789.00    0.7792235856E+00
   2790.00    0.7784900652E+00
   2791.00    0.7777546684E+00
   2792.00    0.7770173573E+00
   2793.00    0.7762780933E+00
   2794.00    0.7755368370E+00
   2795.00    0.7747935485E+00
   2796.00    0.7740481874E+00
   2797.00    0.7733007121E+00
   2798.00    0.7725510809E+00
   2799.00    0.7717992508E+00
   2800.00    0.7710451785E+00
   2801.00    0.7702888197E+00
   2802.00    0.7695301295E+00
   2803.00    0.7687690620E+00
   2804.00    0.7680055706E+00
   2805.00    0.7672396079E+00
   2806.00    0.7664711256E+00
   2807.00    0.7657000747E+00
   2808.00    0.7649264049E+00
   2809.00    0.7641500655E+00
   2810.00    0.7633710046E+00
   2811.00    0.7625891692E+00
   2812.00    0.7618045058E+00
   2813.00    0.7610169593E+00
   2814.00    0.7602264742E+00
   2815.00    0.7594329935E+00
   2816.00    0.7586364592E+00
   2817.00    0.7578368125E+00
   2818.00    0.7570339932E+00
   2819.00    0.7562279399E+00
   2820.00    0.7554185904E+00
   2821.00    0.7546058808E+00
   2822.00    0.7537897464E+00
   2823.00    0.7529701209E+00
   2824.00    0.7521469370E+00
   2825.00    0.7513201258E+00
   2826.00    0.7504896173E+00
   2827.00    0.7496553399E+00
   2828.00    0.7488172207E+00
   2829.00    0.7479751852E+00
   2830.00    0.7471291576E+00
   2831.00    0.7462790603E+00
   2832.00    0.7454248144E+00
   2833.00    0.7445663391E+00
   2834.00    0.7437035523E+00
   2835.00    0.7428363697E+00
   2836.00    0.7419647057E+00
   2837.00    0.7410884726E+00
   2838.00    0.7402075811E+00
   2839.00    0.7393219398E+00
   2840.00    0.7384314555E+00
   2841.00    0.7375360330E+00
   2842.00    0.7366355748E+00
   2843.00    0.7357299816E+00
   2844.00    0.7348191519E+00
   2845.00    0.7339029818E+00
   2846.00    0.7329813653E+00
   2847.00    0.7320541939E+00
   2848.00    0.7311213568E+00
   2849.00    0.7301827408E+00
   2850.00    0.7292382299E+00
   2851.00    0.7282877057E+00
   2852.00    0.7273310471E+00
   2853.00    0.7263681300E+00
   2854.00    0.7253988277E+00
   2855.00    0.7244230105E+00
   2856.00    0.7234405457E+00
   2857.00    0.7224512975E+00
   2858.00    0.7214551268E+00
   2859.00    0.7204518912E+00
   2860.00    0.7194414452E+00
   2861.00    0.7184236396E+00
   2862.00    0.7173983215E+00
   2863.00    0.7163653345E+00
   2864.00    0.7153245183E+00
   2865.00    0.7142757088E+00
   2866.00    0.7132187377E+00
   2867.00    0.7121534326E+00
   2868.00    0.7110796168E+00
   2869.00    0.7099971092E+00
   2870.00    0.7089057241E+00
   2871.00    0.7078052710E+00
   2872.00    0.7066955547E+00
   2873.00    0.7055763749E+00
   2874.00    0.7044475262E+00
   2875.00    0.7033087977E+00
   2876.00    0.7021599732E+00
   2877.00    0.7010008305E+00
   2878.00    0.6998311420E+00
   2879.00    0.6986506735E+00
   2880.00    0.6974591848E+00
   2881.00    0.6962564293E+00
   2882.00    0.6950421535E+00
   2883.00    0.6938160971E+00
   2884.00    0.6925779925E+00
   2885.00    0.6913275649E+00
   2886.00    0.6900645316E+00
   2887.00    0.6887886021E+00
   2888.00    0.6874994779E+00
   2889.00    0.6861968515E+00
   2890.00    0.6848804071E+00
   2891.00    0.6835498196E+00
   2892.00    0.6822047544E+00
   2893.00    0.6808448672E+00
   2894.00    0.6794698037E+00
   2895.00    0.6780791990E+00
   2896.00    0.6766726772E+00
   2897.00    0.6752498513E+00
   2898.00    0.6738103226E+00
   2899.00    0.6723536801E+00
   2900.00    0.6708795005E+00
   2901.00    0.6693873471E+00
   2902.00    0.6678767698E+00
   2903.00    0.6663473044E+00
   2904.00    0.6647984721E+00
   2905.00    0.6632297788E+00
   2906.00    0.6616407146E+00
   2907.00    0.6600307532E+00
   2908.00    0.6583993511E+00
   2909.00    0.6567459471E+00
   2910.00    0.6550699616E+00
   2911.00    0.6533707956E+00
   2912.00    0.6516478300E+00
   2913.00    0.6499004249E+00
   2914.00    0.6481279187E+00
   2915.00    0.6463296270E+00
   2916.00    0.6445048418E+00
   2917.00    0.6426528305E+00
   2918.00    0.6407728348E+00
   2919.00    0.6388640695E+00
   2920.00    0.6369257214E+00
   2921.00    0.6349569481E+00
   2922.00    0.6329568767E+00
   2923.00    0.6309246023E+00
   2924.00    0.6288591868E+00
   2925.00    0.6267596570E+00
   2926.00    0.6246250035E+00
   2927.00    0.6224541784E+00
   2928.00    0.6202460941E+00
   2929.00    0.6179996211E+00
   2930.00    0.6157135861E+00
   2931.00    0.6133867697E+00
   2932.00    0.6110179045E+00
   2933.00    0.6086056725E+00
   2934.00    0.6061487029E+00
   2935.00    0.6036455689E+00
   2936.00    0.6010947856E+00
   2937.00    0.5984948066E+00
   2938.00    0.5958440209E+00
   2939.00    0.5931407498E+00
   2940.00    0.5903832429E+00
   2941.00    0.5875696751E+00
   2942.00    0.5846981419E+00
   2943.00    0.5817666555E+00
   2944.00    0.5787731402E+00
   2945.00    0.5757154277E+00
   2946.00    0.5725912519E+00
   2947.00    0.5693982435E+00
   2948.00    0.5661339241E+00
   2949.00    0.5627957003E+00
   2950.00    0.5593808567E+00
   2951.00    0.5558865491E+00
   2952.00    0.5523097969E+00
   2953.00    0.5486474752E+00
   2954.00    0.5448963057E+00
   2955.00    0.5410528483E+00
   2956.00    0.5371134902E+00
   2957.00    0.5330744362E+00
   2958.00    0.5289316970E+00
   2959.00    0.5246810766E+00
   2960.00    0.5203181603E+00
   2961.00    0.5158382993E+00
   2962.00    0.5112365970E+00
   2963.00    0.5065078916E+00
   2964.00    0.5016467393E+00
   2965.00    0.4966473957E+00
   2966.00    0.4915037950E+00
   2967.00    0.4862095289E+00
   2968.00    0.4807578229E+00
   2969.00    0.4751415110E+00
   2970.00    0.4693530092E+00
   2971.00    0.4633842858E+00
   2972.00    0.4572268307E+00
   2973.00    0.4508716212E+00
   2974.00    0.4443090864E+00
   2975.00    0.4375290688E+00
   2976.00    0.4305207829E+00
   2977.00    0.4232727719E+00
   2978.00    0.4157728614E+00
   2979.00    0.4080081111E+00
   2980.00    0.3999647644E+00
   2981.00    0.3916281976E+00
   2982.00    0.3829828673E+00
   2983.00    0.3740122616E+00
   2984.00    0.3646988530E+00
   2985.00    0.3550240611E+00
   2986.00    0.3449682278E+00
   2987.00    0.3345106144E+00
   2988.00    0.3236294339E+00
   2989.00    0.3123019371E+00
   2990.00    0.3005045827E+00
   2991.00    0.2882133365E+00
   2992.00    0.2754041739E+00
   2993.00    0.2620539002E+00
   2994.00    0.2481414820E+00
   2995.00    0.2336502109E+00
   2996.00    0.2185712575E+00
   2997.00    0.2029096092E+00
   2998.00    0.1866942240E+00
   2999.00    0.1699958842E+00
   3000.00    0.1529595721E+00
   3001.00    0.1358648931E+00
   3002.00    0.1192404482E+00
   3003.00    0.1040729615E+00
   3004.00    0.9212297711E-01
   3005.00    0.8608875462E-01
   3006.00    0.8875807715E-01
   3007.00    0.1010770289E+00
   3008.00    0.1217653953E+00
   3009.00    0.1489812629E+00
   3010.00    0.1814313155E+00
   3011.00    0.2184564482E+00
   3012.00    0.2598367439E+00
   3013.00    0.3056351421E+00
   3014.00    0.3561108710E+00
   3015.00    0.4116795407E+00
   3016.00    0.4729011172E+00
   3017.00    0.5404857833E+00
   3018.00    0.6153134282E+00
   3019.00    0.6984659488E+00
   3020.00    0.7912739177E+00
   3021.00    0.8953812850E+00
   3022.00    0.1012834226E+01
   3023.00    0.1146203546E+01
   3024.00    0.1298754911E+01
   3025.00    0.1474688525E+01
   3026.00    0.1679481322E+01
   3027.00    0.1920382364E+01
   3028.00    0.2207139061E+01
   3029.00    0.2553070125E+01
   3030.00    0.2976645585E+01
   3031.00    0.3503743390E+01
   3032.00    0.4170542560E+01
   3033.00    0.5025874567E+01
   3034.00    0.6127299418E+01
   3035.00    0.7510181271E+01
   3036.00    0.9077823660E+01
   3037.00    0.1039869471E+02
   3038.00    0.1080085422E+02
   3039.00    0.1015473175E+02
   3040.00    0.9022290869E+01
   3041.00    0.7893795972E+01
   3042.00    0.6944179508E+01
   3043.00    0.6189604098E+01
   3044.00    0.5604489619E+01
   3045.00    0.5156760901E+01
   3046.00    0.4804081730E+01
   3047.00    0.4504922386E+01
   3048.00    0.4242630436E+01
   3049.00    0.4014853064E+01
   3050.00    0.3819116786E+01
   3051.00    0.3651311683E+01
   3052.00    0.3507131977E+01
   3053.00    0.3382796076E+01
   3054.00    0.3275190091E+01
   3055.00    0.3181805467E+01
   3056.00    0.3100631693E+01
   3057.00    0.3030055439E+01
   3058.00    0.2968778055E+01
   3059.00    0.2915751246E+01
   3060.00    0.2870127790E+01
   3061.00    0.2831223981E+01
   3062.00    0.2798491069E+01
   3063.00    0.2771493583E+01
   3064.00    0.2749892990E+01
   3065.00    0.2733435543E+01
   3066.00    0.2721943516E+01
   3067.00    0.2715309247E+01
   3068.00    0.2713491617E+01
   3069.00    0.2716514752E+01
   3070.00    0.2724468846E+01
   3071.00    0.2737513162E+01
   3072.00    0.2755881373E+01
   3073.00    0.2779889563E+01
   3074.00    0.2809947367E+01
   3075.00    0.2846572979E+01
   3076.00    0.2890413013E+01
   3077.00    0.2942268637E+01
   3078.00    0.3003129927E+01
   3079.00    0.3074221213E+01
   3080.00    0.3157061301E+01
   3081.00    0.3253544167E+01
   3082.00    0.3366048186E+01
   3083.00    0.3497585747E+01
   3084.00    0.3652010817E+01
   3085.00    0.3834310872E+01
   3086.00    0.4051023308E+01
   3087.00    0.4310837626E+01
   3088.00    0.4625476823E+01
   3089.00    0.5010997073E+01
   3090.00    0.5489697840E+01
   3091.00    0.6092848036E+01
   3092.00    0.6864200636E+01
   3093.00    0.7862994288E+01
   3094.00    0.9160050100E+01
   3095.00    0.1080366777E+02
   3096.00    0.1269446109E+02
   3097.00    0.1433450182E+02
   3098.00    0.1487474297E+02
   3099.00    0.1407528847E+02
   3100.00    0.1265823384E+02
   3101.00    0.1131350949E+02
   3102.00    0.1027925993E+02
   3103.00    0.9517941162E+01
   3104.00    0.8831075012E+01
   3105.00    0.7892573620E+01
   3106.00    0.6497348014E+01
   3107.00    0.4914416529E+01
   3108.00    0.3565968075E+01
   3109.00    0.2589229373E+01
   3110.00    0.1923069422E+01
   3111.00    0.1473268784E+01
   3112.00    0.1166828217E+01
   3113.00    0.9550350767E+00
   3114.00    0.8064800130E+00
   3115.00    0.7008519813E+00
   3116.00    0.6248222017E+00
   3117.00    0.5694949826E+00
   3118.00    0.5288390139E+00
   3119.00    0.4987065927E+00
   3120.00    0.4762071901E+00
   3121.00    0.4592996953E+00
   3122.00    0.4465232158E+00
   3123.00    0.4368175016E+00
   3124.00    0.4294021207E+00
   3125.00    0.4236944639E+00
   3126.00    0.4192535634E+00
   3127.00    0.4157411727E+00
   3128.00    0.4128944702E+00
   3129.00    0.4105066567E+00
   3130.00    0.4084129702E+00
   3131.00    0.4064804590E+00
   3132.00    0.4046003938E+00
   3133.00    0.4026825575E+00
   3134.00    0.4006508834E+00
   3135.00    0.3984400762E+00
   3136.00    0.3959929522E+00
   3137.00    0.3932583138E+00
   3138.00    0.3901892189E+00
   3139.00    0.3867415457E+00
   3140.00    0.3828727767E+00
   3141.00    0.3785409447E+00
   3142.00    0.3737036972E+00
   3143.00    0.3683174476E+00
   3144.00    0.3623365921E+00
   3145.00    0.3557127793E+00
   3146.00    0.3483942366E+00
   3147.00    0.3403251749E+00
   3148.00    0.3314453249E+00
   3149.00    0.3216897130E+00
   3150.00    0.3109888812E+00
   3151.00    0.2992699266E+00
   3152.00    0.2864590661E+00
   3153.00    0.2724870519E+00
   3154.00    0.2573000034E+00
   3155.00    0.2408807345E+00
   3156.00    0.2232909059E+00
   3157.00    0.2047554251E+00
   3158.00    0.1858332031E+00
   3159.00    0.1677572667E+00
   3160.00    0.1530451572E+00
   3161.00    0.1462211846E+00
   3162.00    0.1534478689E+00
   3163.00    0.1797030335E+00
   3164.00    0.2266467049E+00
   3165.00    0.2945151194E+00
   3166.00    0.3843120286E+00
   3167.00    0.4970727578E+00
   3168.00    0.6284483593E+00
   3169.00    0.7555061337E+00
   3170.00    0.8278179491E+00
   3171.00    0.8110616966E+00
   3172.00    0.7471313090E+00
   3173.00    0.7111289209E+00
   3174.00    0.7500847619E+00
   3175.00    0.8765787963E+00
   3176.00    0.1089149195E+01
   3177.00    0.1392263778E+01
   3178.00    0.1803251612E+01
   3179.00    0.2349286024E+01
   3180.00    0.3048518958E+01
   3181.00    0.3848270971E+01
   3182.00    0.4525787065E+01
   3183.00    0.4776779010E+01
   3184.00    0.4582604657E+01
   3185.00    0.4189340957E+01
   3186.00    0.3786288595E+01
   3187.00    0.3440367047E+01
   3188.00    0.3159602776E+01
   3189.00    0.2934842605E+01
   3190.00    0.2754671020E+01
   3191.00    0.2609351311E+01
   3192.00    0.2491359510E+01
   3193.00    0.2395057232E+01
   3194.00    0.2316248369E+01
   3195.00    0.2251804669E+01
   3196.00    0.2199384896E+01
   3197.00    0.2157232748E+01
   3198.00    0.2124033669E+01
   3199.00    0.2098814041E+01
   3200.00    0.2080870698E+01
   3201.00    0.2069722428E+01
   3202.00    0.2065077846E+01
   3203.00    0.2066816034E+01
   3204.00    0.2074977801E+01
   3205.00    0.2089766575E+01
   3206.00    0.2111558914E+01
   3207.00    0.2140925653E+01
   3208.00    0.2178665825E+01
   3209.00    0.2225856982E+01
   3210.00    0.2283927563E+01
   3211.00    0.2354759929E+01
   3212.00    0.2440836980E+01
   3213.00    0.2545451644E+01
   3214.00    0.2673007384E+01
   3215.00    0.2829448902E+01
   3216.00    0.3022870302E+01
   3217.00    0.3264331131E+01
   3218.00    0.3568786958E+01
   3219.00    0.3955525099E+01
   3220.00    0.4445653570E+01
   3221.00    0.5048431200E+01
   3222.00    0.5715439909E+01
   3223.00    0.6246636272E+01
   3224.00    0.6287793994E+01
   3225.00    0.5706368092E+01
   3226.00    0.4821168844E+01
   3227.00    0.3973183474E+01
   3228.00    0.3285240510E+01
   3229.00    0.2756732298E+01
   3230.00    0.2356205190E+01
   3231.00    0.2054405594E+01
   3232.00    0.1832208640E+01
   3233.00    0.1682319184E+01
   3234.00    0.1605978811E+01
   3235.00    0.1592990333E+01
   3236.00    0.1604516127E+01
   3237.00    0.1613352744E+01
   3238.00    0.1628305140E+01
   3239.00    0.1666657863E+01
   3240.00    0.1740817627E+01
   3241.00    0.1860967649E+01
   3242.00    0.2039034154E+01
   3243.00    0.2291225906E+01
   3244.00    0.2638742406E+01
   3245.00    0.3102670526E+01
   3246.00    0.3678803150E+01
   3247.00    0.4265669741E+01
   3248.00    0.4586724284E+01
   3249.00    0.4381146971E+01
   3250.00    0.3796268850E+01
   3251.00    0.3194982187E+01
   3252.00    0.2735196907E+01
   3253.00    0.2401870258E+01
   3254.00    0.2153697576E+01
   3255.00    0.1962637644E+01
   3256.00    0.1811664655E+01
   3257.00    0.1689963431E+01
   3258.00    0.1590266562E+01
   3259.00    0.1507480846E+01
   3260.00    0.1437927210E+01
   3261.00    0.1378885951E+01
   3262.00    0.1328308279E+01
   3263.00    0.1284625679E+01
   3264.00    0.1246620123E+01
   3265.00    0.1213333627E+01
   3266.00    0.1184004004E+01
   3267.00    0.1158018459E+01
   3268.00    0.1134879564E+01
   3269.00    0.1114179976E+01
   3270.00    0.1095583415E+01
   3271.00    0.1078810191E+01
   3272.00    0.1063626068E+01
   3273.00    0.1049833623E+01
   3274.00    0.1037265465E+01
   3275.00    0.1025778879E+01
   3276.00    0.1015251561E+01
   3277.00    0.1005578189E+01
   3278.00    0.9966676504E+00
   3279.00    0.9884407948E+00
   3280.00    0.9808285822E+00
   3281.00    0.9737705662E+00
   3282.00    0.9672136346E+00
   3283.00    0.9611109622E+00
   3284.00    0.9554211341E+00
   3285.00    0.9501074096E+00
   3286.00    0.9451371008E+00
   3287.00    0.9404810452E+00
   3288.00    0.9361131582E+00
   3289.00    0.9320100495E+00
   3290.00    0.9281506951E+00
   3291.00    0.9245161551E+00
   3292.00    0.9210893294E+00
   3293.00    0.9178547475E+00
   3294.00    0.9147983845E+00
   3295.00    0.9119075022E+00
   3296.00    0.9091705093E+00
   3297.00    0.9065768395E+00
   3298.00    0.9041168446E+00
   3299.00    0.9017817002E+00
   3300.00    0.8995633223E+00
   3301.00    0.8974542942E+00
   3302.00    0.8954478014E+00
   3303.00    0.8935375734E+00
   3304.00    0.8917178328E+00
   3305.00    0.8899832492E+00
   3306.00    0.8883288982E+00
   3307.00    0.8867502251E+00
   3308.00    0.8852430120E+00
   3309.00    0.8838033479E+00
   3310.00    0.8824276031E+00
   3311.00    0.8811124044E+00
   3312.00    0.8798546141E+00
   3313.00    0.8786513108E+00
   3314.00    0.8774997710E+00
   3315.00    0.8763974540E+00
   3316.00    0.8753419870E+00
   3317.00    0.8743311518E+00
   3318.00    0.8733628735E+00
   3319.00    0.8724352090E+00
   3320.00    0.8715463372E+00
   3321.00    0.8706945501E+00
   3322.00    0.8698782446E+00
   3323.00    0.8690959144E+00
   3324.00    0.8683461437E+00
   3325.00    0.8676276005E+00
   3326.00    0.8669390304E+00
   3327.00    0.8662792522E+00
   3328.00    0.8656471518E+00
   3329.00    0.8650416785E+00
   3330.00    0.8644618404E+00
   3331.00    0.8639067006E+00
   3332.00    0.8633753737E+00
   3333.00    0.8628670223E+00
   3334.00    0.8623808541E+00
   3335.00    0.8619161192E+00
   3336.00    0.8614721070E+00
   3337.00    0.8610481442E+00
   3338.00    0.8606435926E+00
   3339.00    0.8602578464E+00
   3340.00    0.8598903311E+00
   3341.00    0.8595405007E+00
   3342.00    0.8592078370E+00
   3343.00    0.8588918474E+00
   3344.00    0.8585920635E+00
   3345.00    0.8583080399E+00
   3346.00    0.8580393529E+00
   3347.00    0.8577855991E+00
   3348.00    0.8575463944E+00
   3349.00    0.8573213733E+00
   3350.00    0.8571101872E+00
   3351.00    0.8569125041E+00
   3352.00    0.8567280075E+00
   3353.00    0.8565563954E+00
   3354.00    0.8563973802E+00
   3355.00    0.8562506872E+00
   3356.00    0.8561160542E+00
   3357.00    0.8559932313E+00
   3358.00    0.8558819798E+00
   3359.00    0.8557820717E+00
   3360.00    0.8556932895E+00
   3361.00    0.8556154252E+00
   3362.00    0.8555482805E+00
   3363.00    0.8554916657E+00
   3364.00    0.8554453997E+00
   3365.00    0.8554093096E+00
   3366.00    0.8553832300E+00
   3367.00    0.8553670030E+00
   3368.00    0.8553604779E+00
   3369.00    0.8553635105E+00
   3370.00    0.8553759632E+00
   3371.00    0.8553977046E+00
   3372.00    0.8554286090E+00
   3373.00    0.8554685567E+00
   3374.00    0.8555174332E+00
   3375.00    0.8555751292E+00
   3376.00    0.8556415406E+00
   3377.00    0.8557165679E+00
   3378.00    0.8558001163E+00
   3379.00    0.8558920954E+00
   3380.00    0.8559924192E+00
   3381.00    0.8561010055E+00
   3382.00    0.8562177764E+00
   3383.00    0.8563426576E+00
   3384.00    0.8564755784E+00
   3385.00    0.8566164718E+00
   3386.00    0.8567652741E+00
   3387.00    0.8569219249E+00
   3388.00    0.8570863671E+00
   3389.00    0.8572585464E+00
   3390.00    0.8574384118E+00
   3391.00    0.8576259149E+00
   3392.00    0.8578210101E+00
   3393.00    0.8580236546E+00
   3394.00    0.8582338083E+00
   3395.00    0.8584514332E+00
   3396.00    0.8586764942E+00
   3397.00    0.8589089584E+00
   3398.00    0.8591487951E+00
   3399.00    0.8593959760E+00
   3400.00    0.8596504749E+00
   3401.00    0.8599122678E+00
   3402.00    0.8601813326E+00
   3403.00    0.8604576494E+00
   3404.00    0.8607412001E+00
   3405.00    0.8610319685E+00
   3406.00    0.8613299405E+00
   3407.00    0.8616351036E+00
   3408.00    0.8619474470E+00
   3409.00    0.8622669620E+00
   3410.00    0.8625936411E+00
   3411.00    0.8629274788E+00
   3412.00    0.8632684713E+00
   3413.00    0.8636166160E+00
   3414.00    0.8639719123E+00
   3415.00    0.8643343608E+00
   3416.00    0.8647039638E+00
   3417.00    0.8650807251E+00
   3418.00    0.8654646498E+00
   3419.00    0.8658557445E+00
   3420.00    0.8662540173E+00
   3421.00    0.8666594776E+00
   3422.00    0.8670721361E+00
   3423.00    0.8674920050E+00
   3424.00    0.8679190978E+00
   3425.00    0.8683534292E+00
   3426.00    0.8687950154E+00
   3427.00    0.8692438737E+00
   3428.00    0.8697000227E+00
   3429.00    0.8701634824E+00
   3430.00    0.8706342740E+00
   3431.00    0.8711124197E+00
   3432.00    0.8715979433E+00
   3433.00    0.8720908697E+00
   3434.00    0.8725912247E+00
   3435.00    0.8730990359E+00
   3436.00    0.8736143315E+00
   3437.00    0.8741371413E+00
   3438.00    0.8746674961E+00
   3439.00    0.8752054279E+00
   3440.00    0.8757509700E+00
   3441.00    0.8763041568E+00
   3442.00    0.8768650238E+00
   3443.00    0.8774336077E+00
   3444.00    0.8780099465E+00
   3445.00    0.8785940792E+00
   3446.00    0.8791860461E+00
   3447.00    0.8797858887E+00
   3448.00    0.8803936495E+00
   3449.00    0.8810093723E+00
   3450.00    0.8816331021E+00
   3451.00    0.8822648849E+00
   3452.00    0.8829047683E+00
   3453.00    0.8835528006E+00
   3454.00    0.8842090315E+00
   3455.00    0.8848735121E+00
   3456.00    0.8855462944E+00
   3457.00    0.8862274317E+00
   3458.00    0.8869169786E+00
   3459.00    0.8876149910E+00
   3460.00    0.8883215257E+00
   3461.00    0.8890366412E+00
   3462.00    0.8897603969E+00
   3463.00    0.8904928536E+00
   3464.00    0.8912340733E+00
   3465.00    0.8919841195E+00
   3466.00    0.8927430568E+00
   3467.00    0.8935109511E+00
   3468.00    0.8942878697E+00
   3469.00    0.8950738812E+00
   3470.00    0.8958690556E+00
   3471.00    0.8966734642E+00
   3472.00    0.8974871798E+00
   3473.00    0.8983102764E+00
   3474.00    0.8991428295E+00
   3475.00    0.8999849161E+00
   3476.00    0.9008366145E+00
   3477.00    0.9016980046E+00
   3478.00    0.9025691676E+00
   3479.00    0.9034501865E+00
   3480.00    0.9043411455E+00
   3481.00    0.9052421305E+00
   3482.00    0.9061532290E+00
   3483.00    0.9070745298E+00
   3484.00    0.9080061237E+00
   3485.00    0.9089481028E+00
   3486.00    0.9099005611E+00
   3487.00    0.9108635941E+00
   3488.00    0.9118372990E+00
   3489.00    0.9128217748E+00
   3490.00    0.9138171222E+00
   3491.00    0.9148234437E+00
   3492.00    0.9158408436E+00
   3493.00    0.9168694280E+00
   3494.00    0.9179093049E+00
   3495.00    0.9189605842E+00
   3496.00    0.9200233776E+00
   3497.00    0.9210977990E+00
   3498.00    0.9221839640E+00
   3499.00    0.9232819903E+00
   3500.00    0.9243919979E+00
   3501.00    0.9255141086E+00
   3502.00    0.9266484464E+00
   3503.00    0.9277951375E+00
   3504.00    0.9289543103E+00
   3505.00    0.9301260953E+00
   3506.00    0.9313106256E+00
   3507.00    0.9325080363E+00
   3508.00    0.9337184649E+00
   3509.00    0.9349420516E+00
   3510.00    0.9361789387E+00
   3511.00    0.9374292711E+00
   3512.00    0.9386931964E+00
   3513.00    0.9399708646E+00
   3514.00    0.9412624285E+00
   3515.00    0.9425680434E+00
   3516.00    0.9438878674E+00
   3517.00    0.9452220616E+00
   3518.00    0.9465707898E+00
   3519.00    0.9479342186E+00
   3520.00    0.9493125177E+00
   3521.00    0.9507058598E+00
   3522.00    0.9521144208E+00
   3523.00    0.9535383795E+00
   3524.00    0.9549779181E+00
   3525.00    0.9564332220E+00
   3526.00    0.9579044800E+00
   3527.00    0.9593918844E+00
   3528.00    0.9608956307E+00
   3529.00    0.9624159182E+00
   3530.00    0.9639529498E+00
   3531.00    0.9655069322E+00
   3532.00    0.9670780756E+00
   3533.00    0.9686665943E+00
   3534.00    0.9702727066E+00
   3535.00    0.9718966348E+00
   3536.00    0.9735386051E+00
   3537.00    0.9751988483E+00
   3538.00    0.9768775992E+00
   3539.00    0.9785750973E+00
   3540.00    0.9802915863E+00
   3541.00    0.9820273148E+00
   3542.00    0.9837825360E+00
   3543.00    0.9855575078E+00
   3544.00    0.9873524932E+00
   3545.00    0.9891677603E+00
   3546.00    0.9910035821E+00
   3547.00    0.9928602371E+00
   3548.00    0.9947380093E+00
   3549.00    0.9966371879E+00
   3550.00    0.9985580681E+00
   3551.00    0.1000500951E+01
   3552.00    0.1002466142E+01
   3553.00    0.1004453956E+01
   3554.00    0.1006464711E+01
   3555.00    0.1008498733E+01
   3556.00    0.1010556354E+01
   3557.00    0.1012637912E+01
   3558.00    0.1014743753E+01
   3559.00    0.1016874229E+01
   3560.00    0.1019029701E+01
   3561.00    0.1021210536E+01
   3562.00    0.1023417109E+01
   3563.00    0.1025649801E+01
   3564.00    0.1027909004E+01
   3565.00    0.1030195116E+01
   3566.00    0.1032508544E+01
   3567.00    0.1034849704E+01
   3568.00    0.1037219021E+01
   3569.00    0.1039616927E+01
   3570.00    0.1042043866E+01
   3571.00    0.1044500290E+01
   3572.00    0.1046986661E+01
   3573.00    0.1049503452E+01
   3574.00    0.1052051144E+01
   3575.00    0.1054630232E+01
   3576.00    0.1057241218E+01
   3577.00    0.1059884618E+01
   3578.00    0.1062560959E+01
   3579.00    0.1065270780E+01
   3580.00    0.1068014630E+01
   3581.00    0.1070793073E+01
   3582.00    0.1073606684E+01
   3583.00    0.1076456054E+01
   3584.00    0.1079341785E+01
   3585.00    0.1082264493E+01
   3586.00    0.1085224809E+01
   3587.00    0.1088223379E+01
   3588.00    0.1091260865E+01
   3589.00    0.1094337943E+01
   3590.00    0.1097455306E+01
   3591.00    0.1100613663E+01
   3592.00    0.1103813740E+01
   3593.00    0.1107056283E+01
   3594.00    0.1110342053E+01
   3595.00    0.1113671831E+01
   3596.00    0.1117046418E+01
   3597.00    0.1120466633E+01
   3598.00    0.1123933318E+01
   3599.00    0.1127447334E+01
   3600.00    0.1131009565E+01
   3601.00    0.1134620917E+01
   3602.00    0.1138282319E+01
   3603.00    0.1141994724E+01
   3604.00    0.1145759110E+01
   3605.00    0.1149576481E+01
   3606.00    0.1153447867E+01
   3607.00    0.1157374324E+01
   3608.00    0.1161356938E+01
   3609.00    0.1165396822E+01
   3610.00    0.1169495122E+01
   3611.00    0.1173653012E+01
   3612.00    0.1177871700E+01
   3613.00    0.1182152426E+01
   3614.00    0.1186496466E+01
   3615.00    0.1190905129E+01
   3616.00    0.1195379764E+01
   3617.00    0.1199921755E+01
   3618.00    0.1204532528E+01
   3619.00    0.1209213548E+01
   3620.00    0.1213966323E+01
   3621.00    0.1218792405E+01
   3622.00    0.1223693392E+01
   3623.00    0.1228670927E+01
   3624.00    0.1233726704E+01
   3625.00    0.1238862468E+01
   3626.00    0.1244080014E+01
   3627.00    0.1249381195E+01
   3628.00    0.1254767918E+01
   3629.00    0.1260242150E+01
   3630.00    0.1265805919E+01
   3631.00    0.1271461316E+01
   3632.00    0.1277210499E+01
   3633.00    0.1283055695E+01
   3634.00    0.1288999202E+01
   3635.00    0.1295043390E+01
   3636.00    0.1301190711E+01
   3637.00    0.1307443693E+01
   3638.00    0.1313804950E+01
   3639.00    0.1320277185E+01
   3640.00    0.1326863188E+01
   3641.00    0.1333565846E+01
   3642.00    0.1340388147E+01
   3643.00    0.1347333179E+01
   3644.00    0.1354404138E+01
   3645.00    0.1361604335E+01
   3646.00    0.1368937196E+01
   3647.00    0.1376406271E+01
   3648.00    0.1384015237E+01
   3649.00    0.1391767906E+01
   3650.00    0.1399668230E+01
   3651.00    0.1407720307E+01
   3652.00    0.1415928390E+01
   3653.00    0.1424296891E+01
   3654.00    0.1432830393E+01
   3655.00    0.1441533652E+01
   3656.00    0.1450411613E+01
   3657.00    0.1459469413E+01
   3658.00    0.1468712393E+01
   3659.00    0.1478146108E+01
   3660.00    0.1487776340E+01
   3661.00    0.1497609104E+01
   3662.00    0.1507650667E+01
   3663.00    0.1517907555E+01
   3664.00    0.1528386570E+01
   3665.00    0.1539094806E+01
   3666.00    0.1550039660E+01
   3667.00    0.1561228853E+01
   3668.00    0.1572670444E+01
   3669.00    0.1584372854E+01
   3670.00    0.1596344880E+01
   3671.00    0.1608595722E+01
   3672.00    0.1621135002E+01
   3673.00    0.1633972792E+01
   3674.00    0.1647119637E+01
   3675.00    0.1660586587E+01
   3676.00    0.1674385223E+01
   3677.00    0.1688527695E+01
   3678.00    0.1703026751E+01
   3679.00    0.1717895778E+01
   3680.00    0.1733148845E+01
   3681.00    0.1748800740E+01
   3682.00    0.1764867021E+01
   3683.00    0.1781364068E+01
   3684.00    0.1798309135E+01
   3685.00    0.1815720407E+01
   3686.00    0.1833617073E+01
   3687.00    0.1852019383E+01
   3688.00    0.1870948734E+01
   3689.00    0.1890427745E+01
   3690.00    0.1910480348E+01
   3691.00    0.1931131885E+01
   3692.00    0.1952409213E+01
   3693.00    0.1974340817E+01
   3694.00    0.1996956937E+01
   3695.00    0.2020289705E+01
   3696.00    0.2044373295E+01
   3697.00    0.2069244088E+01
   3698.00    0.2094940850E+01
   3699.00    0.2121504934E+01
   3700.00    0.2148980500E+01
   3701.00    0.2177414751E+01
   3702.00    0.2206858205E+01
   3703.00    0.2237364989E+01
   3704.00    0.2268993167E+01
   3705.00    0.2301805102E+01
   3706.00    0.2335867863E+01
   3707.00    0.2371253677E+01
   3708.00    0.2408040429E+01
   3709.00    0.2446312234E+01
   3710.00    0.2486160064E+01
   3711.00    0.2527682463E+01
   3712.00    0.2570986350E+01
   3713.00    0.2616187926E+01
   3714.00    0.2663413699E+01
   3715.00    0.2712801655E+01
   3716.00    0.2764502577E+01
   3717.00    0.2818681573E+01
   3718.00    0.2875519801E+01
   3719.00    0.2935216468E+01
   3720.00    0.2997991130E+01
   3721.00    0.3064086343E+01
   3722.00    0.3133770750E+01
   3723.00    0.3207342671E+01
   3724.00    0.3285134299E+01
   3725.00    0.3367516630E+01
   3726.00    0.3454905267E+01
   3727.00    0.3547767308E+01
   3728.00    0.3646629528E+01
   3729.00    0.3752088171E+01
   3730.00    0.3864820727E+01
   3731.00    0.3985600158E+01
   3732.00    0.4115312223E+01
   3733.00    0.4254976663E+01
   3734.00    0.4405773320E+01
   3735.00    0.4569074553E+01
   3736.00    0.4746485775E+01
   3737.00    0.4939896560E+01
   3738.00    0.5151545652E+01
   3739.00    0.5384104389E+01
   3740.00    0.5640784869E+01
   3741.00    0.5925481636E+01
   3742.00    0.6242959403E+01
   3743.00    0.6599104749E+01
   3744.00    0.7001267863E+01
   3745.00    0.7458732741E+01
   3746.00    0.7983372927E+01
   3747.00    0.8590578408E+01
   3748.00    0.9300582223E+01
   3749.00    0.1014037755E+02
   3750.00    0.1114649664E+02
   3751.00    0.1236899113E+02
   3752.00    0.1387685901E+02
   3753.00    0.1576432273E+02
   3754.00    0.1815367256E+02
   3755.00    0.2117688614E+02
   3756.00    0.2487654034E+02
   3757.00    0.2888721730E+02
   3758.00    0.3189330602E+02
   3759.00    0.3200518138E+02
   3760.00    0.2906133931E+02
   3761.00    0.2489943528E+02
   3762.00    0.2099070245E+02
   3763.00    0.1778707140E+02
   3764.00    0.1526143329E+02
   3765.00    0.1327451785E+02
   3766.00    0.1169402707E+02
   3767.00    0.1041777656E+02
   3768.00    0.9371157558E+01
   3769.00    0.8500288153E+01
   3770.00    0.7766024221E+01
   3771.00    0.7139572186E+01
   3772.00    0.6599438648E+01
   3773.00    0.6129336302E+01
   3774.00    0.5716741906E+01
   3775.00    0.5351893393E+01
   3776.00    0.5027083401E+01
   3777.00    0.4736154711E+01
   3778.00    0.4474134822E+01
   3779.00    0.4236967724E+01
   3780.00    0.4021314433E+01
   3781.00    0.3824402860E+01
   3782.00    0.3643913500E+01
   3783.00    0.3477891459E+01
   3784.00    0.3324678062E+01
   3785.00    0.3182857182E+01
   3786.00    0.3051212756E+01
   3787.00    0.2928694867E+01
   3788.00    0.2814392461E+01
   3789.00    0.2707511244E+01
   3790.00    0.2607355644E+01
   3791.00    0.2513314005E+01
   3792.00    0.2424846356E+01
   3793.00    0.2341474247E+01
   3794.00    0.2262772267E+01
   3795.00    0.2188360913E+01
   3796.00    0.2117900583E+01
   3797.00    0.2051086482E+01
   3798.00    0.1987644289E+01
   3799.00    0.1927326448E+01
   3800.00    0.1869908995E+01
   3801.00    0.1815188815E+01
   3802.00    0.1762981282E+01
   3803.00    0.1713118204E+01
   3804.00    0.1665446038E+01
   3805.00    0.1619824334E+01
   3806.00    0.1576124371E+01
   3807.00    0.1534227959E+01
   3808.00    0.1494026388E+01
   3809.00    0.1455419493E+01
   3810.00    0.1418314840E+01
   3811.00    0.1382626987E+01
   3812.00    0.1348276841E+01
   3813.00    0.1315191080E+01
   3814.00    0.1283301635E+01
   3815.00    0.1252545229E+01
   3816.00    0.1222862964E+01
   3817.00    0.1194199949E+01
   3818.00    0.1166504964E+01
   3819.00    0.1139730160E+01
   3820.00    0.1113830787E+01
   3821.00    0.1088764945E+01
   3822.00    0.1064493362E+01
   3823.00    0.1040979195E+01
   3824.00    0.1018187838E+01
   3825.00    0.9960867611E+00
   3826.00    0.9746453551E+00
   3827.00    0.9538347914E+00
   3828.00    0.9336278954E+00
   3829.00    0.9139990292E+00
   3830.00    0.8949239847E+00
   3831.00    0.8763798856E+00
   3832.00    0.8583450966E+00
   3833.00    0.8407991412E+00
   3834.00    0.8237226245E+00
   3835.00    0.8070971632E+00
   3836.00    0.7909053204E+00
   3837.00    0.7751305455E+00
   3838.00    0.7597571186E+00
   3839.00    0.7447700994E+00
   3840.00    0.7301552789E+00
   3841.00    0.7158991359E+00
   3842.00    0.7019887952E+00
   3843.00    0.6884119902E+00
   3844.00    0.6751570268E+00
   3845.00    0.6622127509E+00
   3846.00    0.6495685172E+00
   3847.00    0.6372141608E+00
   3848.00    0.6251399703E+00
   3849.00    0.6133366628E+00
   3850.00    0.6017953606E+00
   3851.00    0.5905075692E+00
   3852.00    0.5794651573E+00
   3853.00    0.5686603368E+00
   3854.00    0.5580856458E+00
   3855.00    0.5477339309E+00
   3856.00    0.5375983322E+00
   3857.00    0.5276722677E+00
   3858.00    0.5179494199E+00
   3859.00    0.5084237222E+00
   3860.00    0.4990893471E+00
   3861.00    0.4899406941E+00
   3862.00    0.4809723789E+00
   3863.00    0.4721792232E+00
   3864.00    0.4635562448E+00
   3865.00    0.4550986485E+00
   3866.00    0.4468018173E+00
   3867.00    0.4386613042E+00
   3868.00    0.4306728247E+00
   3869.00    0.4228322491E+00
   3870.00    0.4151355960E+00
   3871.00    0.4075790252E+00
   3872.00    0.4001588318E+00
   3873.00    0.3928714404E+00
   3874.00    0.3857133992E+00
   3875.00    0.3786813749E+00
   3876.00    0.3717721477E+00
   3877.00    0.3649826064E+00
   3878.00    0.3583097437E+00
   3879.00    0.3517506525E+00
   3880.00    0.3453025210E+00
   3881.00    0.3389626294E+00
   3882.00    0.3327283459E+00
   3883.00    0.3265971232E+00
   3884.00    0.3205664953E+00
   3885.00    0.3146340742E+00
   3886.00    0.3087975466E+00
   3887.00    0.3030546714E+00
   3888.00    0.2974032767E+00
   3889.00    0.2918412572E+00
   3890.00    0.2863665716E+00
   3891.00    0.2809772403E+00
   3892.00    0.2756713431E+00
   3893.00    0.2704470167E+00
   3894.00    0.2653024532E+00
   3895.00    0.2602358975E+00
   3896.00    0.2552456455E+00
   3897.00    0.2503300427E+00
   3898.00    0.2454874818E+00
   3899.00    0.2407164014E+00
   3900.00    0.2360152844E+00
   3901.00    0.2313826562E+00
   3902.00    0.2268170836E+00
   3903.00    0.2223171729E+00
   3904.00    0.2178815690E+00
   3905.00    0.2135089538E+00
   3906.00    0.2091980450E+00
   3907.00    0.2049475951E+00
   3908.00    0.2007563900E+00
   3909.00    0.1966232479E+00
   3910.00    0.1925470186E+00
   3911.00    0.1885265819E+00
   3912.00    0.1845608471E+00
   3913.00    0.1806487519E+00
   3914.00    0.1767892615E+00
   3915.00    0.1729813678E+00
   3916.00    0.1692240882E+00
   3917.00    0.1655164655E+00
   3918.00    0.1618575666E+00
   3919.00    0.1582464816E+00
   3920.00    0.1546823239E+00
   3921.00    0.1511642287E+00
   3922.00    0.1476913527E+00
   3923.00    0.1442628735E+00
   3924.00    0.1408779888E+00
   3925.00    0.1375359161E+00
   3926.00    0.1342358921E+00
   3927.00    0.1309771717E+00
   3928.00    0.1277590282E+00
   3929.00    0.1245807524E+00
   3930.00    0.1214416522E+00
   3931.00    0.1183410522E+00
   3932.00    0.1152782932E+00
   3933.00    0.1122527321E+00
   3934.00    0.1092637410E+00
   3935.00    0.1063107074E+00
   3936.00    0.1033930334E+00
   3937.00    0.1005101358E+00
   3938.00    0.9766144562E-01
   3939.00    0.9484640782E-01
   3940.00    0.9206448117E-01
   3941.00    0.8931513804E-01
   3942.00    0.8659786421E-01
   3943.00    0.8391215882E-01
   3944.00    0.8125753422E-01
   3945.00    0.7863351602E-01
   3946.00    0.7603964307E-01
   3947.00    0.7347546760E-01
   3948.00    0.7094055536E-01
   3949.00    0.6843448591E-01
   3950.00    0.6595685299E-01
   3951.00    0.6350726501E-01
   3952.00    0.6108534575E-01
   3953.00    0.5869073521E-01
   3954.00    0.5632309069E-01
   3955.00    0.5398208825E-01
   3956.00    0.5166742447E-01
   3957.00    0.4937881878E-01
   3958.00    0.4711601633E-01
   3959.00    0.4487879181E-01
   3960.00    0.4266695423E-01
   3961.00    0.4048035325E-01
   3962.00    0.3831888738E-01
   3963.00    0.3618251487E-01
   3964.00    0.3407126833E-01
   3965.00    0.3198527445E-01
   3966.00    0.2992478117E-01
   3967.00    0.2789019564E-01
   3968.00    0.2588213821E-01
   3969.00    0.2390152080E-01
   3970.00    0.2194966311E-01
   3971.00    0.2002846946E-01
   3972.00    0.1814070520E-01
   3973.00    0.1629044227E-01
   3974.00    0.1448380141E-01
   3975.00    0.1273023285E-01
   3976.00    0.1104480224E-01
   3977.00    0.9452379101E-02
   3978.00    0.7995303103E-02
   3979.00    0.6746287245E-02
   3980.00    0.5823084496E-02
   3981.00    0.5377406013E-02
   3982.00    0.5508739092E-02
   3983.00    0.6165383946E-02
   3984.00    0.7192590323E-02
   3985.00    0.8446001041E-02
   3986.00    0.9830870815E-02
   3987.00    0.1129161604E-01
   3988.00    0.1279598118E-01
   3989.00    0.1432475159E-01
   3990.00    0.1586605891E-01
   3991.00    0.1741230374E-01
   3992.00    0.1895846080E-01
   3993.00    0.2050111452E-01
   3994.00    0.2203789023E-01
   3995.00    0.2356710699E-01
   3996.00    0.2508755875E-01
   3997.00    0.2659837232E-01
   3998.00    0.2809891272E-01
   3999.00    0.2958871867E-01
   4000.00    0.3106745760E-01
