Frequencies(cm-1)    polar_2nd_xyx        
   1000.00    0.2475314298E+01
   1001.00    0.2291822120E+01
   1002.00    0.2121432469E+01
   1003.00    0.1962998245E+01
   1004.00    0.1815505930E+01
   1005.00    0.1678003223E+01
   1006.00    0.1549624027E+01
   1007.00    0.1429599224E+01
   1008.00    0.1317252613E+01
   1009.00    0.1211991687E+01
   1010.00    0.1113297800E+01
   1011.00    0.1020717183E+01
   1012.00    0.9338531556E+00
   1013.00    0.8523594838E+00
   1014.00    0.7759347321E+00
   1015.00    0.7043174567E+00
   1016.00    0.6372820911E+00
   1017.00    0.5746354111E+00
   1018.00    0.5162135098E+00
   1019.00    0.4618792879E+00
   1020.00    0.4115206073E+00
   1021.00    0.3650495339E+00
   1022.00    0.3224036360E+00
   1023.00    0.2835513415E+00
   1024.00    0.2485052509E+00
   1025.00    0.2173505103E+00
   1026.00    0.1902997698E+00
   1027.00    0.1677887982E+00
   1028.00    0.1506139835E+00
   1029.00    0.1400517881E+00
   1030.00    0.1377794225E+00
   1031.00    0.1454314440E+00
   1032.00    0.1640969058E+00
   1033.00    0.1943899176E+00
   1034.00    0.2370445302E+00
   1035.00    0.2934552368E+00
   1036.00    0.3659732529E+00
   1037.00    0.4581285974E+00
   1038.00    0.5749577443E+00
   1039.00    0.7235557067E+00
   1040.00    0.9139557496E+00
   1041.00    0.1160426436E+01
   1042.00    0.1483096532E+01
   1043.00    0.1908886126E+01
   1044.00    0.2467056095E+01
   1045.00    0.3163721898E+01
   1046.00    0.3907221796E+01
   1047.00    0.4434396037E+01
   1048.00    0.4502776044E+01
   1049.00    0.4202372676E+01
   1050.00    0.3777932938E+01
   1051.00    0.3370714159E+01
   1052.00    0.3020200142E+01
   1053.00    0.2725193882E+01
   1054.00    0.2474432018E+01
   1055.00    0.2256426967E+01
   1056.00    0.2061760364E+01
   1057.00    0.1883211168E+01
   1058.00    0.1715447269E+01
   1059.00    0.1554803235E+01
   1060.00    0.1399347936E+01
   1061.00    0.1249448988E+01
   1062.00    0.1109209495E+01
   1063.00    0.9893374980E+00
   1064.00    0.9112712453E+00
   1065.00    0.9077930751E+00
   1066.00    0.1009934539E+01
   1067.00    0.1228759936E+01
   1068.00    0.1560114706E+01
   1069.00    0.2002152716E+01
   1070.00    0.2563770303E+01
   1071.00    0.3266399530E+01
   1072.00    0.4145713674E+01
   1073.00    0.5255598446E+01
   1074.00    0.6675028617E+01
   1075.00    0.8517397403E+01
   1076.00    0.1093713738E+02
   1077.00    0.1410930666E+02
   1078.00    0.1809827897E+02
   1079.00    0.2245081760E+02
   1080.00    0.2572420254E+02
   1081.00    0.2643351677E+02
   1082.00    0.2494961302E+02
   1083.00    0.2268470995E+02
   1084.00    0.2051048836E+02
   1085.00    0.1868750234E+02
   1086.00    0.1722137720E+02
   1087.00    0.1605189453E+02
   1088.00    0.1511530633E+02
   1089.00    0.1435925441E+02
   1090.00    0.1374370607E+02
   1091.00    0.1323865757E+02
   1092.00    0.1282163422E+02
   1093.00    0.1247567563E+02
   1094.00    0.1218784574E+02
   1095.00    0.1194816201E+02
   1096.00    0.1174883046E+02
   1097.00    0.1158369735E+02
   1098.00    0.1144785283E+02
   1099.00    0.1133734154E+02
   1100.00    0.1124894894E+02
   1101.00    0.1118004179E+02
   1102.00    0.1112844766E+02
   1103.00    0.1109236316E+02
   1104.00    0.1107028313E+02
   1105.00    0.1106094564E+02
   1106.00    0.1106328884E+02
   1107.00    0.1107641685E+02
   1108.00    0.1109957253E+02
   1109.00    0.1113211572E+02
   1110.00    0.1117350565E+02
   1111.00    0.1122328667E+02
   1112.00    0.1128107668E+02
   1113.00    0.1134655763E+02
   1114.00    0.1141946778E+02
   1115.00    0.1149959542E+02
   1116.00    0.1158677369E+02
   1117.00    0.1168087649E+02
   1118.00    0.1178181523E+02
   1119.00    0.1188953630E+02
   1120.00    0.1200401929E+02
   1121.00    0.1212527586E+02
   1122.00    0.1225334916E+02
   1123.00    0.1238831373E+02
   1124.00    0.1253027558E+02
   1125.00    0.1267937161E+02
   1126.00    0.1283576606E+02
   1127.00    0.1299963803E+02
   1128.00    0.1317114385E+02
   1129.00    0.1335031122E+02
   1130.00    0.1353675849E+02
   1131.00    0.1372903486E+02
   1132.00    0.1392361737E+02
   1133.00    0.1411592437E+02
   1134.00    0.1430841780E+02
   1135.00    0.1451404683E+02
   1136.00    0.1473994925E+02
   1137.00    0.1498322695E+02
   1138.00    0.1523998482E+02
   1139.00    0.1550842260E+02
   1140.00    0.1578817990E+02
   1141.00    0.1607961403E+02
   1142.00    0.1638352357E+02
   1143.00    0.1670107844E+02
   1144.00    0.1703338440E+02
   1145.00    0.1738048347E+02
   1146.00    0.1774197587E+02
   1147.00    0.1811865571E+02
   1148.00    0.1851204914E+02
   1149.00    0.1892365728E+02
   1150.00    0.1935488644E+02
   1151.00    0.1980715473E+02
   1152.00    0.2028196825E+02
   1153.00    0.2078096494E+02
   1154.00    0.2130594465E+02
   1155.00    0.2185889565E+02
   1156.00    0.2244202216E+02
   1157.00    0.2305777533E+02
   1158.00    0.2370888898E+02
   1159.00    0.2439842165E+02
   1160.00    0.2512980637E+02
   1161.00    0.2590690990E+02
   1162.00    0.2673410366E+02
   1163.00    0.2761634922E+02
   1164.00    0.2855930187E+02
   1165.00    0.2956943682E+02
   1166.00    0.3065420430E+02
   1167.00    0.3182222116E+02
   1168.00    0.3308350961E+02
   1169.00    0.3444979720E+02
   1170.00    0.3593489666E+02
   1171.00    0.3755519172E+02
   1172.00    0.3933026443E+02
   1173.00    0.4128371353E+02
   1174.00    0.4344423431E+02
   1175.00    0.4584705979E+02
   1176.00    0.4853590804E+02
   1177.00    0.5156564614E+02
   1178.00    0.5500598056E+02
   1179.00    0.5894662942E+02
   1180.00    0.6350464196E+02
   1181.00    0.6883480576E+02
   1182.00    0.7514435658E+02
   1183.00    0.8271313708E+02
   1184.00    0.9191863583E+02
   1185.00    0.1032573797E+03
   1186.00    0.1173245122E+03
   1187.00    0.1346147105E+03
   1188.00    0.1547354602E+03
   1189.00    0.1742727044E+03
   1190.00    0.1842488694E+03
   1191.00    0.1752625058E+03
   1192.00    0.1506444141E+03
   1193.00    0.1222863472E+03
   1194.00    0.9736008018E+02
   1195.00    0.7744275600E+02
   1196.00    0.6211572043E+02
   1197.00    0.5087522022E+02
   1198.00    0.4376767822E+02
   1199.00    0.4142081692E+02
   1200.00    0.4446341913E+02
   1201.00    0.5292743330E+02
   1202.00    0.6662473231E+02
   1203.00    0.8571495637E+02
   1204.00    0.1102836321E+03
   1205.00    0.1382012116E+03
   1206.00    0.1615731973E+03
   1207.00    0.1693465798E+03
   1208.00    0.1604497236E+03
   1209.00    0.1440050168E+03
   1210.00    0.1272970093E+03
   1211.00    0.1129039395E+03
   1212.00    0.1011015432E+03
   1213.00    0.9150413165E+02
   1214.00    0.8364882911E+02
   1215.00    0.7714548559E+02
   1216.00    0.7169400181E+02
   1217.00    0.6706942886E+02
   1218.00    0.6310351786E+02
   1219.00    0.5966950225E+02
   1220.00    0.5667080205E+02
   1221.00    0.5403292205E+02
   1222.00    0.5169768854E+02
   1223.00    0.4961913677E+02
   1224.00    0.4776055235E+02
   1225.00    0.4609232034E+02
   1226.00    0.4459034383E+02
   1227.00    0.4323486830E+02
   1228.00    0.4200959810E+02
   1229.00    0.4090102610E+02
   1230.00    0.3989792056E+02
   1231.00    0.3899092974E+02
   1232.00    0.3817227568E+02
   1233.00    0.3743551646E+02
   1234.00    0.3677536215E+02
   1235.00    0.3618753330E+02
   1236.00    0.3566865427E+02
   1237.00    0.3521617545E+02
   1238.00    0.3482832086E+02
   1239.00    0.3450405825E+02
   1240.00    0.3424309081E+02
   1241.00    0.3404587029E+02
   1242.00    0.3391363264E+02
   1243.00    0.3384845854E+02
   1244.00    0.3385336275E+02
   1245.00    0.3393241790E+02
   1246.00    0.3409092108E+02
   1247.00    0.3433561444E+02
   1248.00    0.3467497588E+02
   1249.00    0.3511960214E+02
   1250.00    0.3568271535E+02
   1251.00    0.3638083766E+02
   1252.00    0.3723469735E+02
   1253.00    0.3827045853E+02
   1254.00    0.3952140948E+02
   1255.00    0.4103030987E+02
   1256.00    0.4285269604E+02
   1257.00    0.4506159434E+02
   1258.00    0.4775431443E+02
   1259.00    0.5106230051E+02
   1260.00    0.5516535119E+02
   1261.00    0.6031153769E+02
   1262.00    0.6684244457E+02
   1263.00    0.7521472254E+02
   1264.00    0.8597547195E+02
   1265.00    0.9953717936E+02
   1266.00    0.1153183084E+03
   1267.00    0.1297247239E+03
   1268.00    0.1352252403E+03
   1269.00    0.1273262571E+03
   1270.00    0.1113913415E+03
   1271.00    0.9492632977E+02
   1272.00    0.8119748121E+02
   1273.00    0.7057260458E+02
   1274.00    0.6254191396E+02
   1275.00    0.5652152708E+02
   1276.00    0.5204756647E+02
   1277.00    0.4878779739E+02
   1278.00    0.4651547803E+02
   1279.00    0.4508347833E+02
   1280.00    0.4440604899E+02
   1281.00    0.4444824256E+02
   1282.00    0.4522192365E+02
   1283.00    0.4678773583E+02
   1284.00    0.4926291323E+02
   1285.00    0.5283449561E+02
   1286.00    0.5777384753E+02
   1287.00    0.6443287463E+02
   1288.00    0.7314797607E+02
   1289.00    0.8382264747E+02
   1290.00    0.9474837934E+02
   1291.00    0.1011550003E+03
   1292.00    0.9793875339E+02
   1293.00    0.8666678567E+02
   1294.00    0.7336040707E+02
   1295.00    0.6165723565E+02
   1296.00    0.5234230860E+02
   1297.00    0.4511331650E+02
   1298.00    0.3948625977E+02
   1299.00    0.3504903359E+02
   1300.00    0.3149460991E+02
   1301.00    0.2860225110E+02
   1302.00    0.2621375693E+02
   1303.00    0.2421469995E+02
   1304.00    0.2252116133E+02
   1305.00    0.2107065381E+02
   1306.00    0.1981593845E+02
   1307.00    0.1872078353E+02
   1308.00    0.1775702105E+02
   1309.00    0.1690247550E+02
   1310.00    0.1613948537E+02
   1311.00    0.1545383293E+02
   1312.00    0.1483395885E+02
   1313.00    0.1427037853E+02
   1314.00    0.1375524289E+02
   1315.00    0.1328200425E+02
   1316.00    0.1284515933E+02
   1317.00    0.1244004964E+02
   1318.00    0.1206270492E+02
   1319.00    0.1170971940E+02
   1320.00    0.1137815296E+02
   1321.00    0.1106545178E+02
   1322.00    0.1076938396E+02
   1323.00    0.1048798707E+02
   1324.00    0.1021952496E+02
   1325.00    0.9962452078E+01
   1326.00    0.9715383665E+01
   1327.00    0.9477070808E+01
   1328.00    0.9246379294E+01
   1329.00    0.9022271620E+01
   1330.00    0.8803791545E+01
   1331.00    0.8590050706E+01
   1332.00    0.8380216929E+01
   1333.00    0.8173503906E+01
   1334.00    0.7969161999E+01
   1335.00    0.7766469940E+01
   1336.00    0.7564727274E+01
   1337.00    0.7363247385E+01
   1338.00    0.7161351015E+01
   1339.00    0.6958360178E+01
   1340.00    0.6753592446E+01
   1341.00    0.6546355571E+01
   1342.00    0.6335942547E+01
   1343.00    0.6121627225E+01
   1344.00    0.5902660765E+01
   1345.00    0.5678269414E+01
   1346.00    0.5447654410E+01
   1347.00    0.5209995409E+01
   1348.00    0.4964459707E+01
   1349.00    0.4710221187E+01
   1350.00    0.4446495744E+01
   1351.00    0.4172605154E+01
   1352.00    0.3888091126E+01
   1353.00    0.3592920234E+01
   1354.00    0.3287858290E+01
   1355.00    0.2975169959E+01
   1356.00    0.2659956127E+01
   1357.00    0.2352733131E+01
   1358.00    0.2074207114E+01
   1359.00    0.1862480290E+01
   1360.00    0.1776569242E+01
   1361.00    0.1877306908E+01
   1362.00    0.2187423275E+01
   1363.00    0.2687045051E+01
   1364.00    0.3348153850E+01
   1365.00    0.4155703076E+01
   1366.00    0.5109425400E+01
   1367.00    0.6220980082E+01
   1368.00    0.7512280229E+01
   1369.00    0.9015663137E+01
   1370.00    0.1077572200E+02
   1371.00    0.1285285025E+02
   1372.00    0.1532893824E+02
   1373.00    0.1831611896E+02
   1374.00    0.2197003755E+02
   1375.00    0.2650978504E+02
   1376.00    0.3224686965E+02
   1377.00    0.3962289348E+02
   1378.00    0.4923993382E+02
   1379.00    0.6180353520E+02
   1380.00    0.7769099948E+02
   1381.00    0.9549608102E+02
   1382.00    0.1098460160E+03
   1383.00    0.1139258103E+03
   1384.00    0.1079849668E+03
   1385.00    0.9806213088E+02
   1386.00    0.8846931367E+02
   1387.00    0.8061484700E+02
   1388.00    0.7459634283E+02
   1389.00    0.7016666678E+02
   1390.00    0.6706234462E+02
   1391.00    0.6508005644E+02
   1392.00    0.6406933812E+02
   1393.00    0.6387815134E+02
   1394.00    0.6421373570E+02
   1395.00    0.6431283426E+02
   1396.00    0.6240802894E+02
   1397.00    0.5599796339E+02
   1398.00    0.4488316580E+02
   1399.00    0.3290052136E+02
   1400.00    0.2360780163E+02
   1401.00    0.1788811966E+02
   1402.00    0.1515026027E+02
   1403.00    0.1434480902E+02
   1404.00    0.1451708998E+02
   1405.00    0.1507943236E+02
   1406.00    0.1575391717E+02
   1407.00    0.1642932409E+02
   1408.00    0.1706888858E+02
   1409.00    0.1766663972E+02
   1410.00    0.1822871292E+02
   1411.00    0.1876562986E+02
   1412.00    0.1928913010E+02
   1413.00    0.1981063639E+02
   1414.00    0.2033959401E+02
   1415.00    0.2087949756E+02
   1416.00    0.2141690363E+02
   1417.00    0.2189301007E+02
   1418.00    0.2214578493E+02
   1419.00    0.2187727868E+02
   1420.00    0.2093331271E+02
   1421.00    0.1984013608E+02
   1422.00    0.1929639586E+02
   1423.00    0.1934886766E+02
   1424.00    0.1973126355E+02
   1425.00    0.2025239327E+02
   1426.00    0.2082651794E+02
   1427.00    0.2142295712E+02
   1428.00    0.2203409382E+02
   1429.00    0.2266131668E+02
   1430.00    0.2330944494E+02
   1431.00    0.2398462716E+02
   1432.00    0.2469362117E+02
   1433.00    0.2544362796E+02
   1434.00    0.2624235566E+02
   1435.00    0.2709818943E+02
   1436.00    0.2802042379E+02
   1437.00    0.2901954840E+02
   1438.00    0.3010759520E+02
   1439.00    0.3129856551E+02
   1440.00    0.3260896521E+02
   1441.00    0.3405848806E+02
   1442.00    0.3567090283E+02
   1443.00    0.3747522371E+02
   1444.00    0.3950727723E+02
   1445.00    0.4181183120E+02
   1446.00    0.4444552900E+02
   1447.00    0.4748099231E+02
   1448.00    0.5101263734E+02
   1449.00    0.5516502264E+02
   1450.00    0.6010493784E+02
   1451.00    0.6605892808E+02
   1452.00    0.7333826954E+02
   1453.00    0.8237238858E+02
   1454.00    0.9374483376E+02
   1455.00    0.1081971309E+03
   1456.00    0.1264635042E+03
   1457.00    0.1485015219E+03
   1458.00    0.1712550756E+03
   1459.00    0.1857821464E+03
   1460.00    0.1821663101E+03
   1461.00    0.1628638620E+03
   1462.00    0.1390212715E+03
   1463.00    0.1176342507E+03
   1464.00    0.1003959752E+03
   1465.00    0.8689490307E+02
   1466.00    0.7631611195E+02
   1467.00    0.6794022984E+02
   1468.00    0.6122282944E+02
   1469.00    0.5576918654E+02
   1470.00    0.5129527457E+02
   1471.00    0.4759568528E+02
   1472.00    0.4452058006E+02
   1473.00    0.4195982114E+02
   1474.00    0.3983218986E+02
   1475.00    0.3807809825E+02
   1476.00    0.3665470716E+02
   1477.00    0.3553274605E+02
   1478.00    0.3469459562E+02
   1479.00    0.3413337771E+02
   1480.00    0.3385292012E+02
   1481.00    0.3386852487E+02
   1482.00    0.3420840672E+02
   1483.00    0.3491526082E+02
   1484.00    0.3604594869E+02
   1485.00    0.3766258085E+02
   1486.00    0.3979428292E+02
   1487.00    0.4231438368E+02
   1488.00    0.4464502569E+02
   1489.00    0.4547826120E+02
   1490.00    0.4382170897E+02
   1491.00    0.4144112279E+02
   1492.00    0.4159274602E+02
   1493.00    0.4544070067E+02
   1494.00    0.5169654756E+02
   1495.00    0.5711739901E+02
   1496.00    0.5786783019E+02
   1497.00    0.5362336288E+02
   1498.00    0.4745216583E+02
   1499.00    0.4170960997E+02
   1500.00    0.3712289509E+02
   1501.00    0.3367358296E+02
   1502.00    0.3116404677E+02
   1503.00    0.2940339056E+02
   1504.00    0.2824724789E+02
   1505.00    0.2759780458E+02
   1506.00    0.2739781097E+02
   1507.00    0.2762857140E+02
   1508.00    0.2831213136E+02
   1509.00    0.2949716281E+02
   1510.00    0.3120542650E+02
   1511.00    0.3344531489E+02
   1512.00    0.3632192504E+02
   1513.00    0.4005028023E+02
   1514.00    0.4493351946E+02
   1515.00    0.5138576311E+02
   1516.00    0.5995869719E+02
   1517.00    0.7127388334E+02
   1518.00    0.8557502780E+02
   1519.00    0.1013042585E+03
   1520.00    0.1131983139E+03
   1521.00    0.1152659938E+03
   1522.00    0.1087135449E+03
   1523.00    0.9967379032E+02
   1524.00    0.9201244443E+02
   1525.00    0.8644107331E+02
   1526.00    0.8165143136E+02
   1527.00    0.7487725102E+02
   1528.00    0.6415689469E+02
   1529.00    0.5176435123E+02
   1530.00    0.4167668042E+02
   1531.00    0.3547268192E+02
   1532.00    0.3287447625E+02
   1533.00    0.3322998244E+02
   1534.00    0.3607939188E+02
   1535.00    0.4113977626E+02
   1536.00    0.4781474013E+02
   1537.00    0.5415243342E+02
   1538.00    0.5669825470E+02
   1539.00    0.5395214109E+02
   1540.00    0.4832389369E+02
   1541.00    0.4252581848E+02
   1542.00    0.3764223366E+02
   1543.00    0.3379192124E+02
   1544.00    0.3080829644E+02
   1545.00    0.2849694194E+02
   1546.00    0.2669916977E+02
   1547.00    0.2529703156E+02
   1548.00    0.2420529518E+02
   1549.00    0.2336276402E+02
   1550.00    0.2272551304E+02
   1551.00    0.2226208137E+02
   1552.00    0.2195016780E+02
   1553.00    0.2177439509E+02
   1554.00    0.2172482250E+02
   1555.00    0.2179599016E+02
   1556.00    0.2198635711E+02
   1557.00    0.2229805120E+02
   1558.00    0.2273689124E+02
   1559.00    0.2331267659E+02
   1560.00    0.2403977281E+02
   1561.00    0.2493805982E+02
   1562.00    0.2603435845E+02
   1563.00    0.2736452008E+02
   1564.00    0.2897646580E+02
   1565.00    0.3093460937E+02
   1566.00    0.3332630407E+02
   1567.00    0.3627119132E+02
   1568.00    0.3993441555E+02
   1569.00    0.4454382311E+02
   1570.00    0.5040656189E+02
   1571.00    0.5790175749E+02
   1572.00    0.6736151992E+02
   1573.00    0.7857763243E+02
   1574.00    0.8950719852E+02
   1575.00    0.9512056638E+02
   1576.00    0.9115717267E+02
   1577.00    0.8025273659E+02
   1578.00    0.6804261327E+02
   1579.00    0.5745657457E+02
   1580.00    0.4902081056E+02
   1581.00    0.4242919850E+02
   1582.00    0.3725536926E+02
   1583.00    0.3314231429E+02
   1584.00    0.2982387642E+02
   1585.00    0.2710761861E+02
   1586.00    0.2485462245E+02
   1587.00    0.2296363744E+02
   1588.00    0.2135984379E+02
   1589.00    0.1998711941E+02
   1590.00    0.1880273880E+02
   1591.00    0.1777371389E+02
   1592.00    0.1687423851E+02
   1593.00    0.1608387958E+02
   1594.00    0.1538627864E+02
   1595.00    0.1476820695E+02
   1596.00    0.1421886859E+02
   1597.00    0.1372938004E+02
   1598.00    0.1329237699E+02
   1599.00    0.1290171388E+02
   1600.00    0.1255223212E+02
   1601.00    0.1223957947E+02
   1602.00    0.1196006811E+02
   1603.00    0.1171056234E+02
   1604.00    0.1148838889E+02
   1605.00    0.1129126509E+02
   1606.00    0.1111724090E+02
   1607.00    0.1096465194E+02
   1608.00    0.1083208143E+02
   1609.00    0.1071832927E+02
   1610.00    0.1062238691E+02
   1611.00    0.1054341716E+02
   1612.00    0.1048073798E+02
   1613.00    0.1043380982E+02
   1614.00    0.1040222595E+02
   1615.00    0.1038570547E+02
   1616.00    0.1038408887E+02
   1617.00    0.1039733582E+02
   1618.00    0.1042552536E+02
   1619.00    0.1046885829E+02
   1620.00    0.1052766206E+02
   1621.00    0.1060239824E+02
   1622.00    0.1069367290E+02
   1623.00    0.1080225036E+02
   1624.00    0.1092907080E+02
   1625.00    0.1107527261E+02
   1626.00    0.1124222031E+02
   1627.00    0.1143153947E+02
   1628.00    0.1164516031E+02
   1629.00    0.1188537220E+02
   1630.00    0.1215489203E+02
   1631.00    0.1245695057E+02
   1632.00    0.1279540201E+02
   1633.00    0.1317486416E+02
   1634.00    0.1360089931E+02
   1635.00    0.1408024967E+02
   1636.00    0.1462114715E+02
   1637.00    0.1523372524E+02
   1638.00    0.1593057340E+02
   1639.00    0.1672749231E+02
   1640.00    0.1764453653E+02
   1641.00    0.1870747281E+02
   1642.00    0.1994984607E+02
   1643.00    0.2141593905E+02
   1644.00    0.2316504207E+02
   1645.00    0.2527759897E+02
   1646.00    0.2786384424E+02
   1647.00    0.3107499470E+02
   1648.00    0.3511405338E+02
   1649.00    0.4023140030E+02
   1650.00    0.4664955349E+02
   1651.00    0.5424896013E+02
   1652.00    0.6172241454E+02
   1653.00    0.6571092136E+02
   1654.00    0.6308915535E+02
   1655.00    0.5540707040E+02
   1656.00    0.4664756088E+02
   1657.00    0.3900313714E+02
   1658.00    0.3289814331E+02
   1659.00    0.2812237415E+02
   1660.00    0.2436854030E+02
   1661.00    0.2137788642E+02
   1662.00    0.1895760194E+02
   1663.00    0.1696856599E+02
   1664.00    0.1531058236E+02
   1665.00    0.1391078241E+02
   1666.00    0.1271542020E+02
   1667.00    0.1168424178E+02
   1668.00    0.1078663625E+02
   1669.00    0.9998985837E+01
   1670.00    0.9302819911E+01
   1671.00    0.8683511128E+01
   1672.00    0.8129341314E+01
   1673.00    0.7630822770E+01
   1674.00    0.7180198460E+01
   1675.00    0.6771069178E+01
   1676.00    0.6398112062E+01
   1677.00    0.6056865649E+01
   1678.00    0.5743564012E+01
   1679.00    0.5455007473E+01
   1680.00    0.5188460911E+01
   1681.00    0.4941573069E+01
   1682.00    0.4712312019E+01
   1683.00    0.4498913126E+01
   1684.00    0.4299836809E+01
   1685.00    0.4113734033E+01
   1686.00    0.3939417916E+01
   1687.00    0.3775840245E+01
   1688.00    0.3622071944E+01
   1689.00    0.3477286726E+01
   1690.00    0.3340747362E+01
   1691.00    0.3211794079E+01
   1692.00    0.3089834719E+01
   1693.00    0.2974336355E+01
   1694.00    0.2864818117E+01
   1695.00    0.2760845035E+01
   1696.00    0.2662022726E+01
   1697.00    0.2567992808E+01
   1698.00    0.2478428909E+01
   1699.00    0.2393033203E+01
   1700.00    0.2311533374E+01
   1701.00    0.2233679969E+01
   1702.00    0.2159244064E+01
   1703.00    0.2088015212E+01
   1704.00    0.2019799630E+01
   1705.00    0.1954418597E+01
   1706.00    0.1891707031E+01
   1707.00    0.1831512220E+01
   1708.00    0.1773692699E+01
   1709.00    0.1718117239E+01
   1710.00    0.1664663948E+01
   1711.00    0.1613219460E+01
   1712.00    0.1563678214E+01
   1713.00    0.1515941794E+01
   1714.00    0.1469918344E+01
   1715.00    0.1425522035E+01
   1716.00    0.1382672581E+01
   1717.00    0.1341294806E+01
   1718.00    0.1301318247E+01
   1719.00    0.1262676793E+01
   1720.00    0.1225308358E+01
   1721.00    0.1189154582E+01
   1722.00    0.1154160560E+01
   1723.00    0.1120274591E+01
   1724.00    0.1087447950E+01
   1725.00    0.1055634680E+01
   1726.00    0.1024791402E+01
   1727.00    0.9948771334E+00
   1728.00    0.9658531321E+00
   1729.00    0.9376827445E+00
   1730.00    0.9103312681E+00
   1731.00    0.8837658258E+00
   1732.00    0.8579552480E+00
   1733.00    0.8328699647E+00
   1734.00    0.8084819056E+00
   1735.00    0.7847644070E+00
   1736.00    0.7616921259E+00
   1737.00    0.7392409603E+00
   1738.00    0.7173879750E+00
   1739.00    0.6961113329E+00
   1740.00    0.6753902307E+00
   1741.00    0.6552048393E+00
   1742.00    0.6355362483E+00
   1743.00    0.6163664141E+00
   1744.00    0.5976781113E+00
   1745.00    0.5794548881E+00
   1746.00    0.5616810235E+00
   1747.00    0.5443414879E+00
   1748.00    0.5274219065E+00
   1749.00    0.5109085245E+00
   1750.00    0.4947881747E+00
   1751.00    0.4790482470E+00
   1752.00    0.4636766602E+00
   1753.00    0.4486618351E+00
   1754.00    0.4339926696E+00
   1755.00    0.4196585149E+00
   1756.00    0.4056491537E+00
   1757.00    0.3919547790E+00
   1758.00    0.3785659753E+00
   1759.00    0.3654736996E+00
   1760.00    0.3526692647E+00
   1761.00    0.3401443229E+00
   1762.00    0.3278908506E+00
   1763.00    0.3159011351E+00
   1764.00    0.3041677601E+00
   1765.00    0.2926835946E+00
   1766.00    0.2814417806E+00
   1767.00    0.2704357232E+00
   1768.00    0.2596590803E+00
   1769.00    0.2491057543E+00
   1770.00    0.2387698840E+00
   1771.00    0.2286458377E+00
   1772.00    0.2187282074E+00
   1773.00    0.2090118037E+00
   1774.00    0.1994916528E+00
   1775.00    0.1901629943E+00
   1776.00    0.1810212810E+00
   1777.00    0.1720621808E+00
   1778.00    0.1632815812E+00
   1779.00    0.1546755975E+00
   1780.00    0.1462405845E+00
   1781.00    0.1379731547E+00
   1782.00    0.1298702035E+00
   1783.00    0.1219289447E+00
   1784.00    0.1141469603E+00
   1785.00    0.1065222702E+00
   1786.00    0.9905343047E-01
   1787.00    0.9173967381E-01
   1788.00    0.8458111287E-01
   1789.00    0.7757904033E-01
   1790.00    0.7073638096E-01
   1791.00    0.6405839001E-01
   1792.00    0.5755376213E-01
   1793.00    0.5123644815E-01
   1794.00    0.4512873272E-01
   1795.00    0.3926663142E-01
   1796.00    0.3370965323E-01
   1797.00    0.2855874224E-01
   1798.00    0.2398823907E-01
   1799.00    0.2029331488E-01
   1800.00    0.1791396077E-01
   1801.00    0.1729285665E-01
   1802.00    0.1851259459E-01
   1803.00    0.2117985657E-01
   1804.00    0.2476812697E-01
   1805.00    0.2888403230E-01
   1806.00    0.3328894809E-01
   1807.00    0.3784542739E-01
   1808.00    0.4247345199E-01
   1809.00    0.4712499618E-01
   1810.00    0.5177026516E-01
   1811.00    0.5639022392E-01
   1812.00    0.6097242557E-01
   1813.00    0.6550859850E-01
   1814.00    0.6999320011E-01
   1815.00    0.7442252087E-01
   1816.00    0.7879411495E-01
   1817.00    0.8310642903E-01
   1818.00    0.8735854374E-01
   1819.00    0.9154999308E-01
   1820.00    0.9568064587E-01
   1821.00    0.9975062140E-01
   1822.00    0.1037602261E+00
   1823.00    0.1077099065E+00
   1824.00    0.1116002139E+00
   1825.00    0.1154317784E+00
   1826.00    0.1192052886E+00
   1827.00    0.1229214760E+00
   1828.00    0.1265811037E+00
   1829.00    0.1301849562E+00
   1830.00    0.1337338329E+00
   1831.00    0.1372285418E+00
   1832.00    0.1406698951E+00
   1833.00    0.1440587058E+00
   1834.00    0.1473957845E+00
   1835.00    0.1506819373E+00
   1836.00    0.1539179638E+00
   1837.00    0.1571046559E+00
   1838.00    0.1602427965E+00
   1839.00    0.1633331587E+00
   1840.00    0.1663765049E+00
   1841.00    0.1693735867E+00
   1842.00    0.1723251440E+00
   1843.00    0.1752319051E+00
   1844.00    0.1780945863E+00
   1845.00    0.1809138919E+00
   1846.00    0.1836905140E+00
   1847.00    0.1864251328E+00
   1848.00    0.1891184161E+00
   1849.00    0.1917710200E+00
   1850.00    0.1943835886E+00
   1851.00    0.1969567541E+00
   1852.00    0.1994911372E+00
   1853.00    0.2019873469E+00
   1854.00    0.2044459811E+00
   1855.00    0.2068676264E+00
   1856.00    0.2092528584E+00
   1857.00    0.2116022420E+00
   1858.00    0.2139163315E+00
   1859.00    0.2161956706E+00
   1860.00    0.2184407929E+00
   1861.00    0.2206522221E+00
   1862.00    0.2228304720E+00
   1863.00    0.2249760466E+00
   1864.00    0.2270894406E+00
   1865.00    0.2291711395E+00
   1866.00    0.2312216196E+00
   1867.00    0.2332413484E+00
   1868.00    0.2352307847E+00
   1869.00    0.2371903788E+00
   1870.00    0.2391205728E+00
   1871.00    0.2410218003E+00
   1872.00    0.2428944871E+00
   1873.00    0.2447390514E+00
   1874.00    0.2465559035E+00
   1875.00    0.2483454461E+00
   1876.00    0.2501080749E+00
   1877.00    0.2518441783E+00
   1878.00    0.2535541375E+00
   1879.00    0.2552383271E+00
   1880.00    0.2568971148E+00
   1881.00    0.2585308618E+00
   1882.00    0.2601399228E+00
   1883.00    0.2617246462E+00
   1884.00    0.2632853743E+00
   1885.00    0.2648224433E+00
   1886.00    0.2663361836E+00
   1887.00    0.2678269195E+00
   1888.00    0.2692949699E+00
   1889.00    0.2707406482E+00
   1890.00    0.2721642621E+00
   1891.00    0.2735661142E+00
   1892.00    0.2749465019E+00
   1893.00    0.2763057173E+00
   1894.00    0.2776440476E+00
   1895.00    0.2789617752E+00
   1896.00    0.2802591776E+00
   1897.00    0.2815365277E+00
   1898.00    0.2827940936E+00
   1899.00    0.2840321392E+00
   1900.00    0.2852509236E+00
   1901.00    0.2864507020E+00
   1902.00    0.2876317250E+00
   1903.00    0.2887942393E+00
   1904.00    0.2899384874E+00
   1905.00    0.2910647078E+00
   1906.00    0.2921731352E+00
   1907.00    0.2932640003E+00
   1908.00    0.2943375303E+00
   1909.00    0.2953939484E+00
   1910.00    0.2964334744E+00
   1911.00    0.2974563246E+00
   1912.00    0.2984627116E+00
   1913.00    0.2994528449E+00
   1914.00    0.3004269305E+00
   1915.00    0.3013851710E+00
   1916.00    0.3023277660E+00
   1917.00    0.3032549119E+00
   1918.00    0.3041668020E+00
   1919.00    0.3050636265E+00
   1920.00    0.3059455728E+00
   1921.00    0.3068128251E+00
   1922.00    0.3076655652E+00
   1923.00    0.3085039715E+00
   1924.00    0.3093282203E+00
   1925.00    0.3101384845E+00
   1926.00    0.3109349350E+00
   1927.00    0.3117177397E+00
   1928.00    0.3124870640E+00
   1929.00    0.3132430709E+00
   1930.00    0.3139859209E+00
   1931.00    0.3147157721E+00
   1932.00    0.3154327801E+00
   1933.00    0.3161370983E+00
   1934.00    0.3168288778E+00
   1935.00    0.3175082674E+00
   1936.00    0.3181754137E+00
   1937.00    0.3188304613E+00
   1938.00    0.3194735524E+00
   1939.00    0.3201048273E+00
   1940.00    0.3207244242E+00
   1941.00    0.3213324793E+00
   1942.00    0.3219291267E+00
   1943.00    0.3225144987E+00
   1944.00    0.3230887257E+00
   1945.00    0.3236519361E+00
   1946.00    0.3242042565E+00
   1947.00    0.3247458117E+00
   1948.00    0.3252767248E+00
   1949.00    0.3257971170E+00
   1950.00    0.3263071078E+00
   1951.00    0.3268068152E+00
   1952.00    0.3272963552E+00
   1953.00    0.3277758425E+00
   1954.00    0.3282453900E+00
   1955.00    0.3287051091E+00
   1956.00    0.3291551095E+00
   1957.00    0.3295954996E+00
   1958.00    0.3300263861E+00
   1959.00    0.3304478744E+00
   1960.00    0.3308600682E+00
   1961.00    0.3312630701E+00
   1962.00    0.3316569810E+00
   1963.00    0.3320419006E+00
   1964.00    0.3324179272E+00
   1965.00    0.3327851576E+00
   1966.00    0.3331436876E+00
   1967.00    0.3334936114E+00
   1968.00    0.3338350221E+00
   1969.00    0.3341680115E+00
   1970.00    0.3344926702E+00
   1971.00    0.3348090875E+00
   1972.00    0.3351173516E+00
   1973.00    0.3354175496E+00
   1974.00    0.3357097671E+00
   1975.00    0.3359940890E+00
   1976.00    0.3362705988E+00
   1977.00    0.3365393790E+00
   1978.00    0.3368005110E+00
   1979.00    0.3370540751E+00
   1980.00    0.3373001506E+00
   1981.00    0.3375388157E+00
   1982.00    0.3377701476E+00
   1983.00    0.3379942227E+00
   1984.00    0.3382111160E+00
   1985.00    0.3384209019E+00
   1986.00    0.3386236537E+00
   1987.00    0.3388194437E+00
   1988.00    0.3390083433E+00
   1989.00    0.3391904231E+00
   1990.00    0.3393657528E+00
   1991.00    0.3395344009E+00
   1992.00    0.3396964355E+00
   1993.00    0.3398519234E+00
   1994.00    0.3400009309E+00
   1995.00    0.3401435233E+00
   1996.00    0.3402797649E+00
   1997.00    0.3404097197E+00
   1998.00    0.3405334503E+00
   1999.00    0.3406510189E+00
   2000.00    0.3407624869E+00
   2001.00    0.3408679148E+00
   2002.00    0.3409673624E+00
   2003.00    0.3410608888E+00
   2004.00    0.3411485523E+00
   2005.00    0.3412304105E+00
   2006.00    0.3413065204E+00
   2007.00    0.3413769381E+00
   2008.00    0.3414417192E+00
   2009.00    0.3415009184E+00
   2010.00    0.3415545901E+00
   2011.00    0.3416027876E+00
   2012.00    0.3416455639E+00
   2013.00    0.3416829711E+00
   2014.00    0.3417150608E+00
   2015.00    0.3417418841E+00
   2016.00    0.3417634912E+00
   2017.00    0.3417799319E+00
   2018.00    0.3417912553E+00
   2019.00    0.3417975100E+00
   2020.00    0.3417987440E+00
   2021.00    0.3417950046E+00
   2022.00    0.3417863387E+00
   2023.00    0.3417727925E+00
   2024.00    0.3417544118E+00
   2025.00    0.3417312418E+00
   2026.00    0.3417033271E+00
   2027.00    0.3416707119E+00
   2028.00    0.3416334397E+00
   2029.00    0.3415915536E+00
   2030.00    0.3415450962E+00
   2031.00    0.3414941096E+00
   2032.00    0.3414386354E+00
   2033.00    0.3413787146E+00
   2034.00    0.3413143880E+00
   2035.00    0.3412456956E+00
   2036.00    0.3411726771E+00
   2037.00    0.3410953718E+00
   2038.00    0.3410138185E+00
   2039.00    0.3409280553E+00
   2040.00    0.3408381203E+00
   2041.00    0.3407440508E+00
   2042.00    0.3406458839E+00
   2043.00    0.3405436562E+00
   2044.00    0.3404374037E+00
   2045.00    0.3403271623E+00
   2046.00    0.3402129673E+00
   2047.00    0.3400948536E+00
   2048.00    0.3399728558E+00
   2049.00    0.3398470080E+00
   2050.00    0.3397173439E+00
   2051.00    0.3395838970E+00
   2052.00    0.3394467002E+00
   2053.00    0.3393057861E+00
   2054.00    0.3391611870E+00
   2055.00    0.3390129348E+00
   2056.00    0.3388610610E+00
   2057.00    0.3387055967E+00
   2058.00    0.3385465728E+00
   2059.00    0.3383840198E+00
   2060.00    0.3382179678E+00
   2061.00    0.3380484465E+00
   2062.00    0.3378754854E+00
   2063.00    0.3376991138E+00
   2064.00    0.3375193602E+00
   2065.00    0.3373362534E+00
   2066.00    0.3371498213E+00
   2067.00    0.3369600919E+00
   2068.00    0.3367670928E+00
   2069.00    0.3365708510E+00
   2070.00    0.3363713937E+00
   2071.00    0.3361687473E+00
   2072.00    0.3359629383E+00
   2073.00    0.3357539927E+00
   2074.00    0.3355419363E+00
   2075.00    0.3353267945E+00
   2076.00    0.3351085926E+00
   2077.00    0.3348873554E+00
   2078.00    0.3346631076E+00
   2079.00    0.3344358736E+00
   2080.00    0.3342056775E+00
   2081.00    0.3339725431E+00
   2082.00    0.3337364940E+00
   2083.00    0.3334975536E+00
   2084.00    0.3332557448E+00
   2085.00    0.3330110906E+00
   2086.00    0.3327636134E+00
   2087.00    0.3325133357E+00
   2088.00    0.3322602794E+00
   2089.00    0.3320044664E+00
   2090.00    0.3317459184E+00
   2091.00    0.3314846566E+00
   2092.00    0.3312207022E+00
   2093.00    0.3309540761E+00
   2094.00    0.3306847989E+00
   2095.00    0.3304128912E+00
   2096.00    0.3301383732E+00
   2097.00    0.3298612648E+00
   2098.00    0.3295815858E+00
   2099.00    0.3292993559E+00
   2100.00    0.3290145943E+00
   2101.00    0.3287273203E+00
   2102.00    0.3284375528E+00
   2103.00    0.3281453106E+00
   2104.00    0.3278506120E+00
   2105.00    0.3275534757E+00
   2106.00    0.3272539195E+00
   2107.00    0.3269519616E+00
   2108.00    0.3266476196E+00
   2109.00    0.3263409111E+00
   2110.00    0.3260318535E+00
   2111.00    0.3257204640E+00
   2112.00    0.3254067595E+00
   2113.00    0.3250907569E+00
   2114.00    0.3247724728E+00
   2115.00    0.3244519237E+00
   2116.00    0.3241291259E+00
   2117.00    0.3238040953E+00
   2118.00    0.3234768481E+00
   2119.00    0.3231473999E+00
   2120.00    0.3228157663E+00
   2121.00    0.3224819627E+00
   2122.00    0.3221460044E+00
   2123.00    0.3218079065E+00
   2124.00    0.3214676839E+00
   2125.00    0.3211253513E+00
   2126.00    0.3207809234E+00
   2127.00    0.3204344147E+00
   2128.00    0.3200858393E+00
   2129.00    0.3197352115E+00
   2130.00    0.3193825452E+00
   2131.00    0.3190278543E+00
   2132.00    0.3186711524E+00
   2133.00    0.3183124531E+00
   2134.00    0.3179517698E+00
   2135.00    0.3175891157E+00
   2136.00    0.3172245039E+00
   2137.00    0.3168579474E+00
   2138.00    0.3164894590E+00
   2139.00    0.3161190513E+00
   2140.00    0.3157467370E+00
   2141.00    0.3153725285E+00
   2142.00    0.3149964379E+00
   2143.00    0.3146184774E+00
   2144.00    0.3142386591E+00
   2145.00    0.3138569949E+00
   2146.00    0.3134734964E+00
   2147.00    0.3130881752E+00
   2148.00    0.3127010430E+00
   2149.00    0.3123121110E+00
   2150.00    0.3119213905E+00
   2151.00    0.3115288926E+00
   2152.00    0.3111346282E+00
   2153.00    0.3107386084E+00
   2154.00    0.3103408438E+00
   2155.00    0.3099413450E+00
   2156.00    0.3095401227E+00
   2157.00    0.3091371871E+00
   2158.00    0.3087325487E+00
   2159.00    0.3083262174E+00
   2160.00    0.3079182036E+00
   2161.00    0.3075085169E+00
   2162.00    0.3070971674E+00
   2163.00    0.3066841648E+00
   2164.00    0.3062695186E+00
   2165.00    0.3058532384E+00
   2166.00    0.3054353337E+00
   2167.00    0.3050158136E+00
   2168.00    0.3045946874E+00
   2169.00    0.3041719642E+00
   2170.00    0.3037476530E+00
   2171.00    0.3033217627E+00
   2172.00    0.3028943021E+00
   2173.00    0.3024652799E+00
   2174.00    0.3020347046E+00
   2175.00    0.3016025848E+00
   2176.00    0.3011689289E+00
   2177.00    0.3007337451E+00
   2178.00    0.3002970417E+00
   2179.00    0.2998588268E+00
   2180.00    0.2994191084E+00
   2181.00    0.2989778944E+00
   2182.00    0.2985351927E+00
   2183.00    0.2980910111E+00
   2184.00    0.2976453571E+00
   2185.00    0.2971982384E+00
   2186.00    0.2967496624E+00
   2187.00    0.2962996365E+00
   2188.00    0.2958481680E+00
   2189.00    0.2953952642E+00
   2190.00    0.2949409321E+00
   2191.00    0.2944851789E+00
   2192.00    0.2940280114E+00
   2193.00    0.2935694366E+00
   2194.00    0.2931094613E+00
   2195.00    0.2926480922E+00
   2196.00    0.2921853358E+00
   2197.00    0.2917211989E+00
   2198.00    0.2912556878E+00
   2199.00    0.2907888089E+00
   2200.00    0.2903205686E+00
   2201.00    0.2898509731E+00
   2202.00    0.2893800286E+00
   2203.00    0.2889077412E+00
   2204.00    0.2884341168E+00
   2205.00    0.2879591615E+00
   2206.00    0.2874828810E+00
   2207.00    0.2870052812E+00
   2208.00    0.2865263677E+00
   2209.00    0.2860461463E+00
   2210.00    0.2855646225E+00
   2211.00    0.2850818018E+00
   2212.00    0.2845976896E+00
   2213.00    0.2841122913E+00
   2214.00    0.2836256122E+00
   2215.00    0.2831376575E+00
   2216.00    0.2826484323E+00
   2217.00    0.2821579418E+00
   2218.00    0.2816661909E+00
   2219.00    0.2811731846E+00
   2220.00    0.2806789279E+00
   2221.00    0.2801834254E+00
   2222.00    0.2796866820E+00
   2223.00    0.2791887023E+00
   2224.00    0.2786894910E+00
   2225.00    0.2781890526E+00
   2226.00    0.2776873916E+00
   2227.00    0.2771845125E+00
   2228.00    0.2766804196E+00
   2229.00    0.2761751173E+00
   2230.00    0.2756686097E+00
   2231.00    0.2751609011E+00
   2232.00    0.2746519956E+00
   2233.00    0.2741418973E+00
   2234.00    0.2736306101E+00
   2235.00    0.2731181380E+00
   2236.00    0.2726044850E+00
   2237.00    0.2720896547E+00
   2238.00    0.2715736511E+00
   2239.00    0.2710564777E+00
   2240.00    0.2705381383E+00
   2241.00    0.2700186365E+00
   2242.00    0.2694979758E+00
   2243.00    0.2689761597E+00
   2244.00    0.2684531917E+00
   2245.00    0.2679290750E+00
   2246.00    0.2674038131E+00
   2247.00    0.2668774091E+00
   2248.00    0.2663498664E+00
   2249.00    0.2658211881E+00
   2250.00    0.2652913772E+00
   2251.00    0.2647604368E+00
   2252.00    0.2642283700E+00
   2253.00    0.2636951796E+00
   2254.00    0.2631608687E+00
   2255.00    0.2626254399E+00
   2256.00    0.2620888961E+00
   2257.00    0.2615512402E+00
   2258.00    0.2610124746E+00
   2259.00    0.2604726022E+00
   2260.00    0.2599316254E+00
   2261.00    0.2593895468E+00
   2262.00    0.2588463690E+00
   2263.00    0.2583020943E+00
   2264.00    0.2577567252E+00
   2265.00    0.2572102640E+00
   2266.00    0.2566627130E+00
   2267.00    0.2561140744E+00
   2268.00    0.2555643506E+00
   2269.00    0.2550135435E+00
   2270.00    0.2544616553E+00
   2271.00    0.2539086881E+00
   2272.00    0.2533546440E+00
   2273.00    0.2527995248E+00
   2274.00    0.2522433325E+00
   2275.00    0.2516860689E+00
   2276.00    0.2511277360E+00
   2277.00    0.2505683355E+00
   2278.00    0.2500078691E+00
   2279.00    0.2494463386E+00
   2280.00    0.2488837455E+00
   2281.00    0.2483200915E+00
   2282.00    0.2477553783E+00
   2283.00    0.2471896072E+00
   2284.00    0.2466227797E+00
   2285.00    0.2460548974E+00
   2286.00    0.2454859616E+00
   2287.00    0.2449159736E+00
   2288.00    0.2443449348E+00
   2289.00    0.2437728464E+00
   2290.00    0.2431997096E+00
   2291.00    0.2426255257E+00
   2292.00    0.2420502957E+00
   2293.00    0.2414740208E+00
   2294.00    0.2408967020E+00
   2295.00    0.2403183404E+00
   2296.00    0.2397389368E+00
   2297.00    0.2391584923E+00
   2298.00    0.2385770078E+00
   2299.00    0.2379944840E+00
   2300.00    0.2374109218E+00
   2301.00    0.2368263220E+00
   2302.00    0.2362406853E+00
   2303.00    0.2356540125E+00
   2304.00    0.2350663040E+00
   2305.00    0.2344775607E+00
   2306.00    0.2338877830E+00
   2307.00    0.2332969715E+00
   2308.00    0.2327051266E+00
   2309.00    0.2321122489E+00
   2310.00    0.2315183388E+00
   2311.00    0.2309233966E+00
   2312.00    0.2303274227E+00
   2313.00    0.2297304174E+00
   2314.00    0.2291323810E+00
   2315.00    0.2285333136E+00
   2316.00    0.2279332155E+00
   2317.00    0.2273320869E+00
   2318.00    0.2267299278E+00
   2319.00    0.2261267384E+00
   2320.00    0.2255225187E+00
   2321.00    0.2249172686E+00
   2322.00    0.2243109883E+00
   2323.00    0.2237036775E+00
   2324.00    0.2230953362E+00
   2325.00    0.2224859642E+00
   2326.00    0.2218755614E+00
   2327.00    0.2212641276E+00
   2328.00    0.2206516625E+00
   2329.00    0.2200381659E+00
   2330.00    0.2194236373E+00
   2331.00    0.2188080765E+00
   2332.00    0.2181914831E+00
   2333.00    0.2175738566E+00
   2334.00    0.2169551966E+00
   2335.00    0.2163355025E+00
   2336.00    0.2157147739E+00
   2337.00    0.2150930101E+00
   2338.00    0.2144702106E+00
   2339.00    0.2138463748E+00
   2340.00    0.2132215019E+00
   2341.00    0.2125955912E+00
   2342.00    0.2119686421E+00
   2343.00    0.2113406536E+00
   2344.00    0.2107116251E+00
   2345.00    0.2100815556E+00
   2346.00    0.2094504443E+00
   2347.00    0.2088182903E+00
   2348.00    0.2081850926E+00
   2349.00    0.2075508502E+00
   2350.00    0.2069155621E+00
   2351.00    0.2062792272E+00
   2352.00    0.2056418445E+00
   2353.00    0.2050034129E+00
   2354.00    0.2043639311E+00
   2355.00    0.2037233981E+00
   2356.00    0.2030818125E+00
   2357.00    0.2024391731E+00
   2358.00    0.2017954787E+00
   2359.00    0.2011507278E+00
   2360.00    0.2005049192E+00
   2361.00    0.1998580514E+00
   2362.00    0.1992101230E+00
   2363.00    0.1985611326E+00
   2364.00    0.1979110787E+00
   2365.00    0.1972599597E+00
   2366.00    0.1966077741E+00
   2367.00    0.1959545202E+00
   2368.00    0.1953001965E+00
   2369.00    0.1946448013E+00
   2370.00    0.1939883329E+00
   2371.00    0.1933307896E+00
   2372.00    0.1926721696E+00
   2373.00    0.1920124711E+00
   2374.00    0.1913516923E+00
   2375.00    0.1906898314E+00
   2376.00    0.1900268863E+00
   2377.00    0.1893628553E+00
   2378.00    0.1886977363E+00
   2379.00    0.1880315274E+00
   2380.00    0.1873642265E+00
   2381.00    0.1866958316E+00
   2382.00    0.1860263405E+00
   2383.00    0.1853557512E+00
   2384.00    0.1846840615E+00
   2385.00    0.1840112692E+00
   2386.00    0.1833373720E+00
   2387.00    0.1826623678E+00
   2388.00    0.1819862541E+00
   2389.00    0.1813090288E+00
   2390.00    0.1806306894E+00
   2391.00    0.1799512335E+00
   2392.00    0.1792706587E+00
   2393.00    0.1785889626E+00
   2394.00    0.1779061426E+00
   2395.00    0.1772221963E+00
   2396.00    0.1765371211E+00
   2397.00    0.1758509143E+00
   2398.00    0.1751635734E+00
   2399.00    0.1744750957E+00
   2400.00    0.1737854785E+00
   2401.00    0.1730947191E+00
   2402.00    0.1724028147E+00
   2403.00    0.1717097625E+00
   2404.00    0.1710155597E+00
   2405.00    0.1703202035E+00
   2406.00    0.1696236909E+00
   2407.00    0.1689260190E+00
   2408.00    0.1682271849E+00
   2409.00    0.1675271856E+00
   2410.00    0.1668260179E+00
   2411.00    0.1661236790E+00
   2412.00    0.1654201656E+00
   2413.00    0.1647154747E+00
   2414.00    0.1640096030E+00
   2415.00    0.1633025474E+00
   2416.00    0.1625943047E+00
   2417.00    0.1618848715E+00
   2418.00    0.1611742446E+00
   2419.00    0.1604624207E+00
   2420.00    0.1597493963E+00
   2421.00    0.1590351681E+00
   2422.00    0.1583197326E+00
   2423.00    0.1576030864E+00
   2424.00    0.1568852259E+00
   2425.00    0.1561661477E+00
   2426.00    0.1554458480E+00
   2427.00    0.1547243234E+00
   2428.00    0.1540015701E+00
   2429.00    0.1532775846E+00
   2430.00    0.1525523630E+00
   2431.00    0.1518259016E+00
   2432.00    0.1510981967E+00
   2433.00    0.1503692443E+00
   2434.00    0.1496390408E+00
   2435.00    0.1489075820E+00
   2436.00    0.1481748643E+00
   2437.00    0.1474408834E+00
   2438.00    0.1467056356E+00
   2439.00    0.1459691167E+00
   2440.00    0.1452313226E+00
   2441.00    0.1444922493E+00
   2442.00    0.1437518926E+00
   2443.00    0.1430102484E+00
   2444.00    0.1422673124E+00
   2445.00    0.1415230803E+00
   2446.00    0.1407775479E+00
   2447.00    0.1400307109E+00
   2448.00    0.1392825649E+00
   2449.00    0.1385331055E+00
   2450.00    0.1377823282E+00
   2451.00    0.1370302286E+00
   2452.00    0.1362768023E+00
   2453.00    0.1355220445E+00
   2454.00    0.1347659508E+00
   2455.00    0.1340085166E+00
   2456.00    0.1332497372E+00
   2457.00    0.1324896078E+00
   2458.00    0.1317281238E+00
   2459.00    0.1309652804E+00
   2460.00    0.1302010728E+00
   2461.00    0.1294354961E+00
   2462.00    0.1286685455E+00
   2463.00    0.1279002160E+00
   2464.00    0.1271305027E+00
   2465.00    0.1263594006E+00
   2466.00    0.1255869046E+00
   2467.00    0.1248130098E+00
   2468.00    0.1240377108E+00
   2469.00    0.1232610027E+00
   2470.00    0.1224828803E+00
   2471.00    0.1217033382E+00
   2472.00    0.1209223712E+00
   2473.00    0.1201399741E+00
   2474.00    0.1193561415E+00
   2475.00    0.1185708680E+00
   2476.00    0.1177841481E+00
   2477.00    0.1169959764E+00
   2478.00    0.1162063475E+00
   2479.00    0.1154152557E+00
   2480.00    0.1146226956E+00
   2481.00    0.1138286614E+00
   2482.00    0.1130331475E+00
   2483.00    0.1122361482E+00
   2484.00    0.1114376577E+00
   2485.00    0.1106376704E+00
   2486.00    0.1098361804E+00
   2487.00    0.1090331817E+00
   2488.00    0.1082286686E+00
   2489.00    0.1074226350E+00
   2490.00    0.1066150750E+00
   2491.00    0.1058059826E+00
   2492.00    0.1049953517E+00
   2493.00    0.1041831763E+00
   2494.00    0.1033694501E+00
   2495.00    0.1025541670E+00
   2496.00    0.1017373207E+00
   2497.00    0.1009189051E+00
   2498.00    0.1000989138E+00
   2499.00    0.9927734047E-01
   2500.00    0.9845417872E-01
   2501.00    0.9762942215E-01
   2502.00    0.9680306430E-01
   2503.00    0.9597509866E-01
   2504.00    0.9514551870E-01
   2505.00    0.9431431784E-01
   2506.00    0.9348148946E-01
   2507.00    0.9264702692E-01
   2508.00    0.9181092351E-01
   2509.00    0.9097317252E-01
   2510.00    0.9013376716E-01
   2511.00    0.8929270064E-01
   2512.00    0.8844996610E-01
   2513.00    0.8760555668E-01
   2514.00    0.8675946545E-01
   2515.00    0.8591168546E-01
   2516.00    0.8506220972E-01
   2517.00    0.8421103122E-01
   2518.00    0.8335814290E-01
   2519.00    0.8250353768E-01
   2520.00    0.8164720842E-01
   2521.00    0.8078914798E-01
   2522.00    0.7992934919E-01
   2523.00    0.7906780482E-01
   2524.00    0.7820450764E-01
   2525.00    0.7733945038E-01
   2526.00    0.7647262575E-01
   2527.00    0.7560402644E-01
   2528.00    0.7473364512E-01
   2529.00    0.7386147441E-01
   2530.00    0.7298750695E-01
   2531.00    0.7211173534E-01
   2532.00    0.7123415219E-01
   2533.00    0.7035475006E-01
   2534.00    0.6947352154E-01
   2535.00    0.6859045919E-01
   2536.00    0.6770555557E-01
   2537.00    0.6681880327E-01
   2538.00    0.6593019485E-01
   2539.00    0.6503972288E-01
   2540.00    0.6414737998E-01
   2541.00    0.6325315877E-01
   2542.00    0.6235705187E-01
   2543.00    0.6145905198E-01
   2544.00    0.6055915180E-01
   2545.00    0.5965734410E-01
   2546.00    0.5875362170E-01
   2547.00    0.5784797749E-01
   2548.00    0.5694040442E-01
   2549.00    0.5603089554E-01
   2550.00    0.5511944401E-01
   2551.00    0.5420604307E-01
   2552.00    0.5329068614E-01
   2553.00    0.5237336674E-01
   2554.00    0.5145407860E-01
   2555.00    0.5053281561E-01
   2556.00    0.4960957189E-01
   2557.00    0.4868434180E-01
   2558.00    0.4775711998E-01
   2559.00    0.4682790137E-01
   2560.00    0.4589668127E-01
   2561.00    0.4496345537E-01
   2562.00    0.4402821981E-01
   2563.00    0.4309097125E-01
   2564.00    0.4215170690E-01
   2565.00    0.4121042462E-01
   2566.00    0.4026712304E-01
   2567.00    0.3932180159E-01
   2568.00    0.3837446068E-01
   2569.00    0.3742510181E-01
   2570.00    0.3647372772E-01
   2571.00    0.3552034260E-01
   2572.00    0.3456495228E-01
   2573.00    0.3360756450E-01
   2574.00    0.3264818921E-01
   2575.00    0.3168683893E-01
   2576.00    0.3072352917E-01
   2577.00    0.2975827894E-01
   2578.00    0.2879111141E-01
   2579.00    0.2782205461E-01
   2580.00    0.2685114240E-01
   2581.00    0.2587841556E-01
   2582.00    0.2490392325E-01
   2583.00    0.2392772474E-01
   2584.00    0.2294989165E-01
   2585.00    0.2197051075E-01
   2586.00    0.2098968761E-01
   2587.00    0.2000755133E-01
   2588.00    0.1902426069E-01
   2589.00    0.1804001241E-01
   2590.00    0.1705505222E-01
   2591.00    0.1606969009E-01
   2592.00    0.1508432129E-01
   2593.00    0.1409945634E-01
   2594.00    0.1311576423E-01
   2595.00    0.1213413628E-01
   2596.00    0.1115578284E-01
   2597.00    0.1018238384E-01
   2598.00    0.9216330113E-02
   2599.00    0.8261123527E-02
   2600.00    0.7322063924E-02
   2601.00    0.6407470449E-02
   2602.00    0.5530917146E-02
   2603.00    0.4715355852E-02
   2604.00    0.4000287211E-02
   2605.00    0.3451138892E-02
   2606.00    0.3158335868E-02
   2607.00    0.3195770749E-02
   2608.00    0.3555360608E-02
   2609.00    0.4156295743E-02
   2610.00    0.4912486334E-02
   2611.00    0.5764624122E-02
   2612.00    0.6677363762E-02
   2613.00    0.7630128479E-02
   2614.00    0.8610663963E-02
   2615.00    0.9611399432E-02
   2616.00    0.1062747484E-01
   2617.00    0.1165565707E-01
   2618.00    0.1269372591E-01
   2619.00    0.1374011373E-01
   2620.00    0.1479368658E-01
   2621.00    0.1585360687E-01
   2622.00    0.1691924452E-01
   2623.00    0.1799011812E-01
   2624.00    0.1906585475E-01
   2625.00    0.2014616223E-01
   2626.00    0.2123080931E-01
   2627.00    0.2231961146E-01
   2628.00    0.2341242044E-01
   2629.00    0.2450911653E-01
   2630.00    0.2560960268E-01
   2631.00    0.2671380000E-01
   2632.00    0.2782164439E-01
   2633.00    0.2893308378E-01
   2634.00    0.3004807604E-01
   2635.00    0.3116658729E-01
   2636.00    0.3228859057E-01
   2637.00    0.3341406471E-01
   2638.00    0.3454299349E-01
   2639.00    0.3567536488E-01
   2640.00    0.3681117046E-01
   2641.00    0.3795040492E-01
   2642.00    0.3909306565E-01
   2643.00    0.4023915239E-01
   2644.00    0.4138866694E-01
   2645.00    0.4254161292E-01
   2646.00    0.4369799555E-01
   2647.00    0.4485782148E-01
   2648.00    0.4602109864E-01
   2649.00    0.4718783610E-01
   2650.00    0.4835804396E-01
   2651.00    0.4953173326E-01
   2652.00    0.5070891588E-01
   2653.00    0.5188960447E-01
   2654.00    0.5307381242E-01
   2655.00    0.5426155373E-01
   2656.00    0.5545284305E-01
   2657.00    0.5664769555E-01
   2658.00    0.5784612695E-01
   2659.00    0.5904815345E-01
   2660.00    0.6025379171E-01
   2661.00    0.6146305883E-01
   2662.00    0.6267597230E-01
   2663.00    0.6389255003E-01
   2664.00    0.6511281026E-01
   2665.00    0.6633677163E-01
   2666.00    0.6756445309E-01
   2667.00    0.6879587391E-01
   2668.00    0.7003105371E-01
   2669.00    0.7127001238E-01
   2670.00    0.7251277013E-01
   2671.00    0.7375934743E-01
   2672.00    0.7500976507E-01
   2673.00    0.7626404408E-01
   2674.00    0.7752220577E-01
   2675.00    0.7878427173E-01
   2676.00    0.8005026377E-01
   2677.00    0.8132020399E-01
   2678.00    0.8259411473E-01
   2679.00    0.8387201858E-01
   2680.00    0.8515393837E-01
   2681.00    0.8643989718E-01
   2682.00    0.8772991834E-01
   2683.00    0.8902402541E-01
   2684.00    0.9032224218E-01
   2685.00    0.9162459271E-01
   2686.00    0.9293110126E-01
   2687.00    0.9424179236E-01
   2688.00    0.9555669075E-01
   2689.00    0.9687582144E-01
   2690.00    0.9819920964E-01
   2691.00    0.9952688082E-01
   2692.00    0.1008588607E+00
   2693.00    0.1021951752E+00
   2694.00    0.1035358504E+00
   2695.00    0.1048809129E+00
   2696.00    0.1062303893E+00
   2697.00    0.1075843065E+00
   2698.00    0.1089426916E+00
   2699.00    0.1103055720E+00
   2700.00    0.1116729753E+00
   2701.00    0.1130449295E+00
   2702.00    0.1144214626E+00
   2703.00    0.1158026030E+00
   2704.00    0.1171883794E+00
   2705.00    0.1185788207E+00
   2706.00    0.1199739559E+00
   2707.00    0.1213738145E+00
   2708.00    0.1227784261E+00
   2709.00    0.1241878207E+00
   2710.00    0.1256020284E+00
   2711.00    0.1270210797E+00
   2712.00    0.1284450052E+00
   2713.00    0.1298738360E+00
   2714.00    0.1313076033E+00
   2715.00    0.1327463387E+00
   2716.00    0.1341900739E+00
   2717.00    0.1356388410E+00
   2718.00    0.1370926724E+00
   2719.00    0.1385516008E+00
   2720.00    0.1400156591E+00
   2721.00    0.1414848805E+00
   2722.00    0.1429592986E+00
   2723.00    0.1444389472E+00
   2724.00    0.1459238603E+00
   2725.00    0.1474140725E+00
   2726.00    0.1489096184E+00
   2727.00    0.1504105331E+00
   2728.00    0.1519168520E+00
   2729.00    0.1534286107E+00
   2730.00    0.1549458452E+00
   2731.00    0.1564685918E+00
   2732.00    0.1579968871E+00
   2733.00    0.1595307681E+00
   2734.00    0.1610702721E+00
   2735.00    0.1626154367E+00
   2736.00    0.1641662999E+00
   2737.00    0.1657229000E+00
   2738.00    0.1672852757E+00
   2739.00    0.1688534659E+00
   2740.00    0.1704275101E+00
   2741.00    0.1720074479E+00
   2742.00    0.1735933195E+00
   2743.00    0.1751851654E+00
   2744.00    0.1767830262E+00
   2745.00    0.1783869434E+00
   2746.00    0.1799969583E+00
   2747.00    0.1816131131E+00
   2748.00    0.1832354500E+00
   2749.00    0.1848640119E+00
   2750.00    0.1864988419E+00
   2751.00    0.1881399835E+00
   2752.00    0.1897874807E+00
   2753.00    0.1914413779E+00
   2754.00    0.1931017198E+00
   2755.00    0.1947685518E+00
   2756.00    0.1964419195E+00
   2757.00    0.1981218689E+00
   2758.00    0.1998084465E+00
   2759.00    0.2015016994E+00
   2760.00    0.2032016750E+00
   2761.00    0.2049084211E+00
   2762.00    0.2066219861E+00
   2763.00    0.2083424188E+00
   2764.00    0.2100697684E+00
   2765.00    0.2118040848E+00
   2766.00    0.2135454181E+00
   2767.00    0.2152938191E+00
   2768.00    0.2170493392E+00
   2769.00    0.2188120299E+00
   2770.00    0.2205819435E+00
   2771.00    0.2223591329E+00
   2772.00    0.2241436514E+00
   2773.00    0.2259355527E+00
   2774.00    0.2277348912E+00
   2775.00    0.2295417220E+00
   2776.00    0.2313561003E+00
   2777.00    0.2331780824E+00
   2778.00    0.2350077247E+00
   2779.00    0.2368450846E+00
   2780.00    0.2386902197E+00
   2781.00    0.2405431885E+00
   2782.00    0.2424040498E+00
   2783.00    0.2442728634E+00
   2784.00    0.2461496893E+00
   2785.00    0.2480345885E+00
   2786.00    0.2499276224E+00
   2787.00    0.2518288532E+00
   2788.00    0.2537383435E+00
   2789.00    0.2556561569E+00
   2790.00    0.2575823574E+00
   2791.00    0.2595170099E+00
   2792.00    0.2614601799E+00
   2793.00    0.2634119336E+00
   2794.00    0.2653723379E+00
   2795.00    0.2673414605E+00
   2796.00    0.2693193698E+00
   2797.00    0.2713061349E+00
   2798.00    0.2733018257E+00
   2799.00    0.2753065130E+00
   2800.00    0.2773202681E+00
   2801.00    0.2793431635E+00
   2802.00    0.2813752721E+00
   2803.00    0.2834166679E+00
   2804.00    0.2854674256E+00
   2805.00    0.2875276209E+00
   2806.00    0.2895973302E+00
   2807.00    0.2916766308E+00
   2808.00    0.2937656011E+00
   2809.00    0.2958643202E+00
   2810.00    0.2979728681E+00
   2811.00    0.3000913260E+00
   2812.00    0.3022197757E+00
   2813.00    0.3043583003E+00
   2814.00    0.3065069837E+00
   2815.00    0.3086659109E+00
   2816.00    0.3108351679E+00
   2817.00    0.3130148417E+00
   2818.00    0.3152050204E+00
   2819.00    0.3174057932E+00
   2820.00    0.3196172505E+00
   2821.00    0.3218394835E+00
   2822.00    0.3240725850E+00
   2823.00    0.3263166485E+00
   2824.00    0.3285717691E+00
   2825.00    0.3308380428E+00
   2826.00    0.3331155671E+00
   2827.00    0.3354044405E+00
   2828.00    0.3377047629E+00
   2829.00    0.3400166356E+00
   2830.00    0.3423401612E+00
   2831.00    0.3446754434E+00
   2832.00    0.3470225877E+00
   2833.00    0.3493817008E+00
   2834.00    0.3517528907E+00
   2835.00    0.3541362673E+00
   2836.00    0.3565319415E+00
   2837.00    0.3589400262E+00
   2838.00    0.3613606355E+00
   2839.00    0.3637938854E+00
   2840.00    0.3662398933E+00
   2841.00    0.3686987786E+00
   2842.00    0.3711706620E+00
   2843.00    0.3736556663E+00
   2844.00    0.3761539160E+00
   2845.00    0.3786655373E+00
   2846.00    0.3811906584E+00
   2847.00    0.3837294095E+00
   2848.00    0.3862819226E+00
   2849.00    0.3888483319E+00
   2850.00    0.3914287734E+00
   2851.00    0.3940233855E+00
   2852.00    0.3966323087E+00
   2853.00    0.3992556855E+00
   2854.00    0.4018936611E+00
   2855.00    0.4045463826E+00
   2856.00    0.4072139997E+00
   2857.00    0.4098966646E+00
   2858.00    0.4125945321E+00
   2859.00    0.4153077592E+00
   2860.00    0.4180365061E+00
   2861.00    0.4207809353E+00
   2862.00    0.4235412123E+00
   2863.00    0.4263175055E+00
   2864.00    0.4291099863E+00
   2865.00    0.4319188290E+00
   2866.00    0.4347442112E+00
   2867.00    0.4375863136E+00
   2868.00    0.4404453204E+00
   2869.00    0.4433214190E+00
   2870.00    0.4462148006E+00
   2871.00    0.4491256597E+00
   2872.00    0.4520541950E+00
   2873.00    0.4550006086E+00
   2874.00    0.4579651070E+00
   2875.00    0.4609479005E+00
   2876.00    0.4639492037E+00
   2877.00    0.4669692359E+00
   2878.00    0.4700082205E+00
   2879.00    0.4730663858E+00
   2880.00    0.4761439649E+00
   2881.00    0.4792411960E+00
   2882.00    0.4823583224E+00
   2883.00    0.4854955926E+00
   2884.00    0.4886532610E+00
   2885.00    0.4918315874E+00
   2886.00    0.4950308378E+00
   2887.00    0.4982512842E+00
   2888.00    0.5014932051E+00
   2889.00    0.5047568856E+00
   2890.00    0.5080426176E+00
   2891.00    0.5113507003E+00
   2892.00    0.5146814402E+00
   2893.00    0.5180351516E+00
   2894.00    0.5214121568E+00
   2895.00    0.5248127864E+00
   2896.00    0.5282373796E+00
   2897.00    0.5316862848E+00
   2898.00    0.5351598596E+00
   2899.00    0.5386584716E+00
   2900.00    0.5421824985E+00
   2901.00    0.5457323285E+00
   2902.00    0.5493083611E+00
   2903.00    0.5529110074E+00
   2904.00    0.5565406903E+00
   2905.00    0.5601978456E+00
   2906.00    0.5638829222E+00
   2907.00    0.5675963828E+00
   2908.00    0.5713387045E+00
   2909.00    0.5751103795E+00
   2910.00    0.5789119159E+00
   2911.00    0.5827438383E+00
   2912.00    0.5866066886E+00
   2913.00    0.5905010270E+00
   2914.00    0.5944274327E+00
   2915.00    0.5983865049E+00
   2916.00    0.6023788640E+00
   2917.00    0.6064051525E+00
   2918.00    0.6104660359E+00
   2919.00    0.6145622044E+00
   2920.00    0.6186943738E+00
   2921.00    0.6228632871E+00
   2922.00    0.6270697156E+00
   2923.00    0.6313144609E+00
   2924.00    0.6355983561E+00
   2925.00    0.6399222680E+00
   2926.00    0.6442870986E+00
   2927.00    0.6486937870E+00
   2928.00    0.6531433121E+00
   2929.00    0.6576366944E+00
   2930.00    0.6621749982E+00
   2931.00    0.6667593349E+00
   2932.00    0.6713908653E+00
   2933.00    0.6760708024E+00
   2934.00    0.6808004152E+00
   2935.00    0.6855810316E+00
   2936.00    0.6904140419E+00
   2937.00    0.6953009035E+00
   2938.00    0.7002431442E+00
   2939.00    0.7052423674E+00
   2940.00    0.7103002567E+00
   2941.00    0.7154185809E+00
   2942.00    0.7205992003E+00
   2943.00    0.7258440719E+00
   2944.00    0.7311552567E+00
   2945.00    0.7365349263E+00
   2946.00    0.7419853710E+00
   2947.00    0.7475090073E+00
   2948.00    0.7531083875E+00
   2949.00    0.7587862092E+00
   2950.00    0.7645453255E+00
   2951.00    0.7703887564E+00
   2952.00    0.7763197014E+00
   2953.00    0.7823415526E+00
   2954.00    0.7884579089E+00
   2955.00    0.7946725926E+00
   2956.00    0.8009896656E+00
   2957.00    0.8074134488E+00
   2958.00    0.8139485425E+00
   2959.00    0.8205998480E+00
   2960.00    0.8273725928E+00
   2961.00    0.8342723568E+00
   2962.00    0.8413051013E+00
   2963.00    0.8484772015E+00
   2964.00    0.8557954811E+00
   2965.00    0.8632672510E+00
   2966.00    0.8709003519E+00
   2967.00    0.8787032005E+00
   2968.00    0.8866848415E+00
   2969.00    0.8948550040E+00
   2970.00    0.9032241644E+00
   2971.00    0.9118036157E+00
   2972.00    0.9206055447E+00
   2973.00    0.9296431173E+00
   2974.00    0.9389305733E+00
   2975.00    0.9484833317E+00
   2976.00    0.9583181089E+00
   2977.00    0.9684530496E+00
   2978.00    0.9789078735E+00
   2979.00    0.9897040398E+00
   2980.00    0.1000864931E+01
   2981.00    0.1012416062E+01
   2982.00    0.1024385309E+01
   2983.00    0.1036803177E+01
   2984.00    0.1049703092E+01
   2985.00    0.1063121742E+01
   2986.00    0.1077099455E+01
   2987.00    0.1091680631E+01
   2988.00    0.1106914240E+01
   2989.00    0.1122854383E+01
   2990.00    0.1139560938E+01
   2991.00    0.1157100298E+01
   2992.00    0.1175546227E+01
   2993.00    0.1194980840E+01
   2994.00    0.1215495738E+01
   2995.00    0.1237193329E+01
   2996.00    0.1260188357E+01
   2997.00    0.1284609698E+01
   2998.00    0.1310602449E+01
   2999.00    0.1338330394E+01
   3000.00    0.1367978906E+01
   3001.00    0.1399758383E+01
   3002.00    0.1433908331E+01
   3003.00    0.1470702234E+01
   3004.00    0.1510453391E+01
   3005.00    0.1553521939E+01
   3006.00    0.1600323352E+01
   3007.00    0.1651338766E+01
   3008.00    0.1707127593E+01
   3009.00    0.1768343031E+01
   3010.00    0.1835751227E+01
   3011.00    0.1910255110E+01
   3012.00    0.1992924239E+01
   3013.00    0.2085032443E+01
   3014.00    0.2188105630E+01
   3015.00    0.2303983041E+01
   3016.00    0.2434896362E+01
   3017.00    0.2583572885E+01
   3018.00    0.2753371345E+01
   3019.00    0.2948462689E+01
   3020.00    0.3174073439E+01
   3021.00    0.3436817358E+01
   3022.00    0.3745153533E+01
   3023.00    0.4110028189E+01
   3024.00    0.4545787891E+01
   3025.00    0.5071500482E+01
   3026.00    0.5712899410E+01
   3027.00    0.6505297863E+01
   3028.00    0.7498035854E+01
   3029.00    0.8761378598E+01
   3030.00    0.1039733875E+02
   3031.00    0.1255662414E+02
   3032.00    0.1546424976E+02
   3033.00    0.1945322808E+02
   3034.00    0.2498615483E+02
   3035.00    0.3256448303E+02
   3036.00    0.4221532114E+02
   3037.00    0.5228535481E+02
   3038.00    0.5938171359E+02
   3039.00    0.6213754622E+02
   3040.00    0.6272543314E+02
   3041.00    0.6354597532E+02
   3042.00    0.6561780189E+02
   3043.00    0.6861313917E+02
   3044.00    0.7049465377E+02
   3045.00    0.6780745264E+02
   3046.00    0.5944639464E+02
   3047.00    0.4879483948E+02
   3048.00    0.3923777013E+02
   3049.00    0.3178811020E+02
   3050.00    0.2621965053E+02
   3051.00    0.2206263205E+02
   3052.00    0.1891709797E+02
   3053.00    0.1649420697E+02
   3054.00    0.1459399790E+02
   3055.00    0.1307847811E+02
   3056.00    0.1185134531E+02
   3057.00    0.1084428273E+02
   3058.00    0.1000795950E+02
   3059.00    0.9306126441E+01
   3060.00    0.8711702796E+01
   3061.00    0.8204143977E+01
   3062.00    0.7767641929E+01
   3063.00    0.7389874269E+01
   3064.00    0.7061120854E+01
   3065.00    0.6773630293E+01
   3066.00    0.6521159146E+01
   3067.00    0.6298632233E+01
   3068.00    0.6101889076E+01
   3069.00    0.5927492429E+01
   3070.00    0.5772582126E+01
   3071.00    0.5634762382E+01
   3072.00    0.5512014091E+01
   3073.00    0.5402625957E+01
   3074.00    0.5305139984E+01
   3075.00    0.5218308007E+01
   3076.00    0.5141056766E+01
   3077.00    0.5072459683E+01
   3078.00    0.5011713905E+01
   3079.00    0.4958121542E+01
   3080.00    0.4911074252E+01
   3081.00    0.4870040557E+01
   3082.00    0.4834555346E+01
   3083.00    0.4804211227E+01
   3084.00    0.4778651370E+01
   3085.00    0.4757563631E+01
   3086.00    0.4740675696E+01
   3087.00    0.4727750994E+01
   3088.00    0.4718584884E+01
   3089.00    0.4713000110E+01
   3090.00    0.4710839012E+01
   3091.00    0.4711946099E+01
   3092.00    0.4716124281E+01
   3093.00    0.4723021310E+01
   3094.00    0.4731839838E+01
   3095.00    0.4740671881E+01
   3096.00    0.4745510565E+01
   3097.00    0.4741324369E+01
   3098.00    0.4730262306E+01
   3099.00    0.4725109895E+01
   3100.00    0.4732742776E+01
   3101.00    0.4750218380E+01
   3102.00    0.4775067186E+01
   3103.00    0.4810498798E+01
   3104.00    0.4867236287E+01
   3105.00    0.4957247339E+01
   3106.00    0.5068211749E+01
   3107.00    0.5163390739E+01
   3108.00    0.5229770431E+01
   3109.00    0.5279198553E+01
   3110.00    0.5323338932E+01
   3111.00    0.5367906367E+01
   3112.00    0.5415108774E+01
   3113.00    0.5465682086E+01
   3114.00    0.5519817274E+01
   3115.00    0.5577525172E+01
   3116.00    0.5638772893E+01
   3117.00    0.5703532590E+01
   3118.00    0.5771797170E+01
   3119.00    0.5843583854E+01
   3120.00    0.5918933574E+01
   3121.00    0.5997909246E+01
   3122.00    0.6080594030E+01
   3123.00    0.6167089949E+01
   3124.00    0.6257516954E+01
   3125.00    0.6352012396E+01
   3126.00    0.6450730893E+01
   3127.00    0.6553844513E+01
   3128.00    0.6661543266E+01
   3129.00    0.6774035854E+01
   3130.00    0.6891550686E+01
   3131.00    0.7014337135E+01
   3132.00    0.7142667047E+01
   3133.00    0.7276836520E+01
   3134.00    0.7417167948E+01
   3135.00    0.7564012377E+01
   3136.00    0.7717752193E+01
   3137.00    0.7878804179E+01
   3138.00    0.8047622989E+01
   3139.00    0.8224705100E+01
   3140.00    0.8410593296E+01
   3141.00    0.8605881774E+01
   3142.00    0.8811221950E+01
   3143.00    0.9027329084E+01
   3144.00    0.9254989838E+01
   3145.00    0.9495070927E+01
   3146.00    0.9748529021E+01
   3147.00    0.1001642210E+02
   3148.00    0.1029992253E+02
   3149.00    0.1060033204E+02
   3150.00    0.1091909906E+02
   3151.00    0.1125783862E+02
   3152.00    0.1161835538E+02
   3153.00    0.1200267010E+02
   3154.00    0.1241305023E+02
   3155.00    0.1285204512E+02
   3156.00    0.1332252675E+02
   3157.00    0.1382773682E+02
   3158.00    0.1437134221E+02
   3159.00    0.1495750239E+02
   3160.00    0.1559095744E+02
   3161.00    0.1627715885E+02
   3162.00    0.1702250084E+02
   3163.00    0.1783480771E+02
   3164.00    0.1872450326E+02
   3165.00    0.1970763886E+02
   3166.00    0.2081396164E+02
   3167.00    0.2210761387E+02
   3168.00    0.2373032057E+02
   3169.00    0.2593127698E+02
   3170.00    0.2887974687E+02
   3171.00    0.3229641592E+02
   3172.00    0.3580925899E+02
   3173.00    0.3950253354E+02
   3174.00    0.4370003550E+02
   3175.00    0.4874033808E+02
   3176.00    0.5498136623E+02
   3177.00    0.6285461510E+02
   3178.00    0.7288331975E+02
   3179.00    0.8556057882E+02
   3180.00    0.1007695861E+03
   3181.00    0.1161567376E+03
   3182.00    0.1253284695E+03
   3183.00    0.1219706255E+03
   3184.00    0.1085763770E+03
   3185.00    0.9264597145E+02
   3186.00    0.7850573460E+02
   3187.00    0.6710685887E+02
   3188.00    0.5813421190E+02
   3189.00    0.5104810879E+02
   3190.00    0.4538000937E+02
   3191.00    0.4077600999E+02
   3192.00    0.3697872072E+02
   3193.00    0.3380176433E+02
   3194.00    0.3110903847E+02
   3195.00    0.2879980899E+02
   3196.00    0.2679838345E+02
   3197.00    0.2504700655E+02
   3198.00    0.2350094465E+02
   3199.00    0.2212504674E+02
   3200.00    0.2089130488E+02
   3201.00    0.1977709806E+02
   3202.00    0.1876390813E+02
   3203.00    0.1783636588E+02
   3204.00    0.1698153033E+02
   3205.00    0.1618833439E+02
   3206.00    0.1544715000E+02
   3207.00    0.1474944002E+02
   3208.00    0.1408747429E+02
   3209.00    0.1345409628E+02
   3210.00    0.1284253647E+02
   3211.00    0.1224628397E+02
   3212.00    0.1165905636E+02
   3213.00    0.1107496881E+02
   3214.00    0.1048913972E+02
   3215.00    0.9899285707E+01
   3216.00    0.9309601317E+01
   3217.00    0.8739938657E+01
   3218.00    0.8246864981E+01
   3219.00    0.7967504822E+01
   3220.00    0.8185769456E+01
   3221.00    0.9345662068E+01
   3222.00    0.1185194906E+02
   3223.00    0.1563518451E+02
   3224.00    0.1963744601E+02
   3225.00    0.2216420612E+02
   3226.00    0.2268990665E+02
   3227.00    0.2205363756E+02
   3228.00    0.2107706098E+02
   3229.00    0.2013391636E+02
   3230.00    0.1933867961E+02
   3231.00    0.1871190125E+02
   3232.00    0.1825494687E+02
   3233.00    0.1798362544E+02
   3234.00    0.1793583145E+02
   3235.00    0.1811216331E+02
   3236.00    0.1839656976E+02
   3237.00    0.1868456785E+02
   3238.00    0.1899956576E+02
   3239.00    0.1940745054E+02
   3240.00    0.1996114829E+02
   3241.00    0.2070514691E+02
   3242.00    0.2168828640E+02
   3243.00    0.2297244817E+02
   3244.00    0.2463666843E+02
   3245.00    0.2677068632E+02
   3246.00    0.2943273572E+02
   3247.00    0.3249815339E+02
   3248.00    0.3527339200E+02
   3249.00    0.3608942260E+02
   3250.00    0.3335889213E+02
   3251.00    0.2795628034E+02
   3252.00    0.2220784137E+02
   3253.00    0.1738314733E+02
   3254.00    0.1365459843E+02
   3255.00    0.1082309897E+02
   3256.00    0.8657562585E+01
   3257.00    0.6976349745E+01
   3258.00    0.5649583427E+01
   3259.00    0.4586404618E+01
   3260.00    0.3723093767E+01
   3261.00    0.3014532724E+01
   3262.00    0.2428525261E+01
   3263.00    0.1942173723E+01
   3264.00    0.1539732403E+01
   3265.00    0.1211624978E+01
   3266.00    0.9544278799E+00
   3267.00    0.7710224872E+00
   3268.00    0.6675724916E+00
   3269.00    0.6427739520E+00
   3270.00    0.6786969133E+00
   3271.00    0.7497502369E+00
   3272.00    0.8360945143E+00
   3273.00    0.9263136003E+00
   3274.00    0.1014659707E+01
   3275.00    0.1098456100E+01
   3276.00    0.1176592317E+01
   3277.00    0.1248747414E+01
   3278.00    0.1314995663E+01
   3279.00    0.1375603796E+01
   3280.00    0.1430924895E+01
   3281.00    0.1481342199E+01
   3282.00    0.1527239398E+01
   3283.00    0.1568985275E+01
   3284.00    0.1606926277E+01
   3285.00    0.1641383482E+01
   3286.00    0.1672652005E+01
   3287.00    0.1701001728E+01
   3288.00    0.1726678706E+01
   3289.00    0.1749906890E+01
   3290.00    0.1770889944E+01
   3291.00    0.1789813049E+01
   3292.00    0.1806844610E+01
   3293.00    0.1822137856E+01
   3294.00    0.1835832306E+01
   3295.00    0.1848055104E+01
   3296.00    0.1858922224E+01
   3297.00    0.1868539555E+01
   3298.00    0.1877003884E+01
   3299.00    0.1884403766E+01
   3300.00    0.1890820312E+01
   3301.00    0.1896327895E+01
   3302.00    0.1900994777E+01
   3303.00    0.1904883681E+01
   3304.00    0.1908052293E+01
   3305.00    0.1910553722E+01
   3306.00    0.1912436911E+01
   3307.00    0.1913747002E+01
   3308.00    0.1914525674E+01
   3309.00    0.1914811438E+01
   3310.00    0.1914639911E+01
   3311.00    0.1914044060E+01
   3312.00    0.1913054423E+01
   3313.00    0.1911699309E+01
   3314.00    0.1910004984E+01
   3315.00    0.1907995829E+01
   3316.00    0.1905694499E+01
   3317.00    0.1903122053E+01
   3318.00    0.1900298080E+01
   3319.00    0.1897240818E+01
   3320.00    0.1893967248E+01
   3321.00    0.1890493198E+01
   3322.00    0.1886833426E+01
   3323.00    0.1883001697E+01
   3324.00    0.1879010860E+01
   3325.00    0.1874872914E+01
   3326.00    0.1870599068E+01
   3327.00    0.1866199797E+01
   3328.00    0.1861684896E+01
   3329.00    0.1857063528E+01
   3330.00    0.1852344264E+01
   3331.00    0.1847535128E+01
   3332.00    0.1842643635E+01
   3333.00    0.1837676820E+01
   3334.00    0.1832641276E+01
   3335.00    0.1827543182E+01
   3336.00    0.1822388329E+01
   3337.00    0.1817182146E+01
   3338.00    0.1811929724E+01
   3339.00    0.1806635839E+01
   3340.00    0.1801304970E+01
   3341.00    0.1795941320E+01
   3342.00    0.1790548832E+01
   3343.00    0.1785131207E+01
   3344.00    0.1779691916E+01
   3345.00    0.1774234219E+01
   3346.00    0.1768761175E+01
   3347.00    0.1763275654E+01
   3348.00    0.1757780349E+01
   3349.00    0.1752277788E+01
   3350.00    0.1746770345E+01
   3351.00    0.1741260244E+01
   3352.00    0.1735749574E+01
   3353.00    0.1730240293E+01
   3354.00    0.1724734237E+01
   3355.00    0.1719233129E+01
   3356.00    0.1713738583E+01
   3357.00    0.1708252110E+01
   3358.00    0.1702775127E+01
   3359.00    0.1697308961E+01
   3360.00    0.1691854852E+01
   3361.00    0.1686413963E+01
   3362.00    0.1680987378E+01
   3363.00    0.1675576112E+01
   3364.00    0.1670181112E+01
   3365.00    0.1664803263E+01
   3366.00    0.1659443387E+01
   3367.00    0.1654102253E+01
   3368.00    0.1648780574E+01
   3369.00    0.1643479016E+01
   3370.00    0.1638198194E+01
   3371.00    0.1632938680E+01
   3372.00    0.1627701003E+01
   3373.00    0.1622485653E+01
   3374.00    0.1617293083E+01
   3375.00    0.1612123707E+01
   3376.00    0.1606977908E+01
   3377.00    0.1601856036E+01
   3378.00    0.1596758413E+01
   3379.00    0.1591685331E+01
   3380.00    0.1586637053E+01
   3381.00    0.1581613822E+01
   3382.00    0.1576615852E+01
   3383.00    0.1571643338E+01
   3384.00    0.1566696450E+01
   3385.00    0.1561775342E+01
   3386.00    0.1556880145E+01
   3387.00    0.1552010976E+01
   3388.00    0.1547167931E+01
   3389.00    0.1542351093E+01
   3390.00    0.1537560529E+01
   3391.00    0.1532796290E+01
   3392.00    0.1528058417E+01
   3393.00    0.1523346934E+01
   3394.00    0.1518661857E+01
   3395.00    0.1514003188E+01
   3396.00    0.1509370920E+01
   3397.00    0.1504765035E+01
   3398.00    0.1500185506E+01
   3399.00    0.1495632297E+01
   3400.00    0.1491105363E+01
   3401.00    0.1486604652E+01
   3402.00    0.1482130104E+01
   3403.00    0.1477681653E+01
   3404.00    0.1473259224E+01
   3405.00    0.1468862740E+01
   3406.00    0.1464492115E+01
   3407.00    0.1460147257E+01
   3408.00    0.1455828073E+01
   3409.00    0.1451534460E+01
   3410.00    0.1447266315E+01
   3411.00    0.1443023528E+01
   3412.00    0.1438805987E+01
   3413.00    0.1434613575E+01
   3414.00    0.1430446173E+01
   3415.00    0.1426303658E+01
   3416.00    0.1422185905E+01
   3417.00    0.1418092784E+01
   3418.00    0.1414024166E+01
   3419.00    0.1409979917E+01
   3420.00    0.1405959902E+01
   3421.00    0.1401963984E+01
   3422.00    0.1397992024E+01
   3423.00    0.1394043882E+01
   3424.00    0.1390119417E+01
   3425.00    0.1386218484E+01
   3426.00    0.1382340940E+01
   3427.00    0.1378486640E+01
   3428.00    0.1374655436E+01
   3429.00    0.1370847183E+01
   3430.00    0.1367061731E+01
   3431.00    0.1363298934E+01
   3432.00    0.1359558642E+01
   3433.00    0.1355840705E+01
   3434.00    0.1352144974E+01
   3435.00    0.1348471300E+01
   3436.00    0.1344819531E+01
   3437.00    0.1341189519E+01
   3438.00    0.1337581112E+01
   3439.00    0.1333994160E+01
   3440.00    0.1330428514E+01
   3441.00    0.1326884024E+01
   3442.00    0.1323360540E+01
   3443.00    0.1319857912E+01
   3444.00    0.1316375991E+01
   3445.00    0.1312914629E+01
   3446.00    0.1309473677E+01
   3447.00    0.1306052987E+01
   3448.00    0.1302652412E+01
   3449.00    0.1299271805E+01
   3450.00    0.1295911019E+01
   3451.00    0.1292569909E+01
   3452.00    0.1289248329E+01
   3453.00    0.1285946135E+01
   3454.00    0.1282663183E+01
   3455.00    0.1279399330E+01
   3456.00    0.1276154433E+01
   3457.00    0.1272928351E+01
   3458.00    0.1269720942E+01
   3459.00    0.1266532067E+01
   3460.00    0.1263361585E+01
   3461.00    0.1260209359E+01
   3462.00    0.1257075250E+01
   3463.00    0.1253959121E+01
   3464.00    0.1250860837E+01
   3465.00    0.1247780262E+01
   3466.00    0.1244717261E+01
   3467.00    0.1241671701E+01
   3468.00    0.1238643450E+01
   3469.00    0.1235632376E+01
   3470.00    0.1232638347E+01
   3471.00    0.1229661234E+01
   3472.00    0.1226700908E+01
   3473.00    0.1223757241E+01
   3474.00    0.1220830105E+01
   3475.00    0.1217919374E+01
   3476.00    0.1215024924E+01
   3477.00    0.1212146629E+01
   3478.00    0.1209284366E+01
   3479.00    0.1206438012E+01
   3480.00    0.1203607446E+01
   3481.00    0.1200792548E+01
   3482.00    0.1197993197E+01
   3483.00    0.1195209274E+01
   3484.00    0.1192440662E+01
   3485.00    0.1189687244E+01
   3486.00    0.1186948904E+01
   3487.00    0.1184225526E+01
   3488.00    0.1181516997E+01
   3489.00    0.1178823203E+01
   3490.00    0.1176144031E+01
   3491.00    0.1173479372E+01
   3492.00    0.1170829113E+01
   3493.00    0.1168193146E+01
   3494.00    0.1165571361E+01
   3495.00    0.1162963651E+01
   3496.00    0.1160369910E+01
   3497.00    0.1157790030E+01
   3498.00    0.1155223908E+01
   3499.00    0.1152671438E+01
   3500.00    0.1150132517E+01
   3501.00    0.1147607044E+01
   3502.00    0.1145094916E+01
   3503.00    0.1142596032E+01
   3504.00    0.1140110294E+01
   3505.00    0.1137637601E+01
   3506.00    0.1135177855E+01
   3507.00    0.1132730960E+01
   3508.00    0.1130296819E+01
   3509.00    0.1127875336E+01
   3510.00    0.1125466417E+01
   3511.00    0.1123069967E+01
   3512.00    0.1120685893E+01
   3513.00    0.1118314103E+01
   3514.00    0.1115954505E+01
   3515.00    0.1113607008E+01
   3516.00    0.1111271523E+01
   3517.00    0.1108947961E+01
   3518.00    0.1106636232E+01
   3519.00    0.1104336249E+01
   3520.00    0.1102047926E+01
   3521.00    0.1099771176E+01
   3522.00    0.1097505914E+01
   3523.00    0.1095252055E+01
   3524.00    0.1093009516E+01
   3525.00    0.1090778213E+01
   3526.00    0.1088558064E+01
   3527.00    0.1086348987E+01
   3528.00    0.1084150901E+01
   3529.00    0.1081963726E+01
   3530.00    0.1079787382E+01
   3531.00    0.1077621791E+01
   3532.00    0.1075466875E+01
   3533.00    0.1073322555E+01
   3534.00    0.1071188756E+01
   3535.00    0.1069065400E+01
   3536.00    0.1066952414E+01
   3537.00    0.1064849721E+01
   3538.00    0.1062757247E+01
   3539.00    0.1060674920E+01
   3540.00    0.1058602667E+01
   3541.00    0.1056540414E+01
   3542.00    0.1054488091E+01
   3543.00    0.1052445627E+01
   3544.00    0.1050412952E+01
   3545.00    0.1048389995E+01
   3546.00    0.1046376688E+01
   3547.00    0.1044372962E+01
   3548.00    0.1042378750E+01
   3549.00    0.1040393983E+01
   3550.00    0.1038418596E+01
   3551.00    0.1036452523E+01
   3552.00    0.1034495697E+01
   3553.00    0.1032548054E+01
   3554.00    0.1030609529E+01
   3555.00    0.1028680059E+01
   3556.00    0.1026759581E+01
   3557.00    0.1024848031E+01
   3558.00    0.1022945347E+01
   3559.00    0.1021051469E+01
   3560.00    0.1019166334E+01
   3561.00    0.1017289882E+01
   3562.00    0.1015422053E+01
   3563.00    0.1013562788E+01
   3564.00    0.1011712028E+01
   3565.00    0.1009869714E+01
   3566.00    0.1008035788E+01
   3567.00    0.1006210192E+01
   3568.00    0.1004392870E+01
   3569.00    0.1002583766E+01
   3570.00    0.1000782822E+01
   3571.00    0.9989899845E+00
   3572.00    0.9972051971E+00
   3573.00    0.9954284057E+00
   3574.00    0.9936595562E+00
   3575.00    0.9918985948E+00
   3576.00    0.9901454685E+00
   3577.00    0.9884001244E+00
   3578.00    0.9866625103E+00
   3579.00    0.9849325742E+00
   3580.00    0.9832102649E+00
   3581.00    0.9814955314E+00
   3582.00    0.9797883230E+00
   3583.00    0.9780885898E+00
   3584.00    0.9763962820E+00
   3585.00    0.9747113503E+00
   3586.00    0.9730337460E+00
   3587.00    0.9713634205E+00
   3588.00    0.9697003259E+00
   3589.00    0.9680444145E+00
   3590.00    0.9663956392E+00
   3591.00    0.9647539530E+00
   3592.00    0.9631193096E+00
   3593.00    0.9614916630E+00
   3594.00    0.9598709674E+00
   3595.00    0.9582571775E+00
   3596.00    0.9566502486E+00
   3597.00    0.9550501360E+00
   3598.00    0.9534567957E+00
   3599.00    0.9518701837E+00
   3600.00    0.9502902568E+00
   3601.00    0.9487169717E+00
   3602.00    0.9471502860E+00
   3603.00    0.9455901570E+00
   3604.00    0.9440365430E+00
   3605.00    0.9424894021E+00
   3606.00    0.9409486932E+00
   3607.00    0.9394143751E+00
   3608.00    0.9378864074E+00
   3609.00    0.9363647495E+00
   3610.00    0.9348493617E+00
   3611.00    0.9333402042E+00
   3612.00    0.9318372377E+00
   3613.00    0.9303404232E+00
   3614.00    0.9288497220E+00
   3615.00    0.9273650957E+00
   3616.00    0.9258865063E+00
   3617.00    0.9244139160E+00
   3618.00    0.9229472874E+00
   3619.00    0.9214865833E+00
   3620.00    0.9200317668E+00
   3621.00    0.9185828014E+00
   3622.00    0.9171396509E+00
   3623.00    0.9157022792E+00
   3624.00    0.9142706508E+00
   3625.00    0.9128447301E+00
   3626.00    0.9114244822E+00
   3627.00    0.9100098721E+00
   3628.00    0.9086008653E+00
   3629.00    0.9071974275E+00
   3630.00    0.9057995248E+00
   3631.00    0.9044071234E+00
   3632.00    0.9030201897E+00
   3633.00    0.9016386907E+00
   3634.00    0.9002625934E+00
   3635.00    0.8988918651E+00
   3636.00    0.8975264733E+00
   3637.00    0.8961663859E+00
   3638.00    0.8948115710E+00
   3639.00    0.8934619969E+00
   3640.00    0.8921176322E+00
   3641.00    0.8907784457E+00
   3642.00    0.8894444065E+00
   3643.00    0.8881154839E+00
   3644.00    0.8867916475E+00
   3645.00    0.8854728669E+00
   3646.00    0.8841591123E+00
   3647.00    0.8828503540E+00
   3648.00    0.8815465622E+00
   3649.00    0.8802477079E+00
   3650.00    0.8789537619E+00
   3651.00    0.8776646954E+00
   3652.00    0.8763804797E+00
   3653.00    0.8751010865E+00
   3654.00    0.8738264876E+00
   3655.00    0.8725566550E+00
   3656.00    0.8712915609E+00
   3657.00    0.8700311779E+00
   3658.00    0.8687754785E+00
   3659.00    0.8675244357E+00
   3660.00    0.8662780225E+00
   3661.00    0.8650362122E+00
   3662.00    0.8637989783E+00
   3663.00    0.8625662946E+00
   3664.00    0.8613381348E+00
   3665.00    0.8601144730E+00
   3666.00    0.8588952836E+00
   3667.00    0.8576805410E+00
   3668.00    0.8564702198E+00
   3669.00    0.8552642950E+00
   3670.00    0.8540627415E+00
   3671.00    0.8528655345E+00
   3672.00    0.8516726496E+00
   3673.00    0.8504840622E+00
   3674.00    0.8492997482E+00
   3675.00    0.8481196835E+00
   3676.00    0.8469438442E+00
   3677.00    0.8457722066E+00
   3678.00    0.8446047472E+00
   3679.00    0.8434414427E+00
   3680.00    0.8422822699E+00
   3681.00    0.8411272058E+00
   3682.00    0.8399762276E+00
   3683.00    0.8388293125E+00
   3684.00    0.8376864381E+00
   3685.00    0.8365475821E+00
   3686.00    0.8354127222E+00
   3687.00    0.8342818364E+00
   3688.00    0.8331549030E+00
   3689.00    0.8320319002E+00
   3690.00    0.8309128064E+00
   3691.00    0.8297976003E+00
   3692.00    0.8286862607E+00
   3693.00    0.8275787664E+00
   3694.00    0.8264750966E+00
   3695.00    0.8253752305E+00
   3696.00    0.8242791474E+00
   3697.00    0.8231868268E+00
   3698.00    0.8220982485E+00
   3699.00    0.8210133923E+00
   3700.00    0.8199322380E+00
   3701.00    0.8188547659E+00
   3702.00    0.8177809561E+00
   3703.00    0.8167107890E+00
   3704.00    0.8156442452E+00
   3705.00    0.8145813053E+00
   3706.00    0.8135219501E+00
   3707.00    0.8124661606E+00
   3708.00    0.8114139177E+00
   3709.00    0.8103652027E+00
   3710.00    0.8093199969E+00
   3711.00    0.8082782818E+00
   3712.00    0.8072400390E+00
   3713.00    0.8062052502E+00
   3714.00    0.8051738972E+00
   3715.00    0.8041459619E+00
   3716.00    0.8031214266E+00
   3717.00    0.8021002734E+00
   3718.00    0.8010824847E+00
   3719.00    0.8000680429E+00
   3720.00    0.7990569306E+00
   3721.00    0.7980491305E+00
   3722.00    0.7970446255E+00
   3723.00    0.7960433984E+00
   3724.00    0.7950454324E+00
   3725.00    0.7940507106E+00
   3726.00    0.7930592164E+00
   3727.00    0.7920709330E+00
   3728.00    0.7910858441E+00
   3729.00    0.7901039332E+00
   3730.00    0.7891251841E+00
   3731.00    0.7881495807E+00
   3732.00    0.7871771069E+00
   3733.00    0.7862077468E+00
   3734.00    0.7852414845E+00
   3735.00    0.7842783043E+00
   3736.00    0.7833181906E+00
   3737.00    0.7823611278E+00
   3738.00    0.7814071007E+00
   3739.00    0.7804560938E+00
   3740.00    0.7795080919E+00
   3741.00    0.7785630799E+00
   3742.00    0.7776210428E+00
   3743.00    0.7766819657E+00
   3744.00    0.7757458336E+00
   3745.00    0.7748126319E+00
   3746.00    0.7738823459E+00
   3747.00    0.7729549609E+00
   3748.00    0.7720304625E+00
   3749.00    0.7711088362E+00
   3750.00    0.7701900676E+00
   3751.00    0.7692741423E+00
   3752.00    0.7683610464E+00
   3753.00    0.7674507658E+00
   3754.00    0.7665432877E+00
   3755.00    0.7656386009E+00
   3756.00    0.7647366989E+00
   3757.00    0.7638375838E+00
   3758.00    0.7629412594E+00
   3759.00    0.7620476985E+00
   3760.00    0.7611568372E+00
   3761.00    0.7602686408E+00
   3762.00    0.7593831119E+00
   3763.00    0.7585002540E+00
   3764.00    0.7576200626E+00
   3765.00    0.7567425279E+00
   3766.00    0.7558676380E+00
   3767.00    0.7549953804E+00
   3768.00    0.7541257423E+00
   3769.00    0.7532587110E+00
   3770.00    0.7523942739E+00
   3771.00    0.7515324184E+00
   3772.00    0.7506731321E+00
   3773.00    0.7498164026E+00
   3774.00    0.7489622176E+00
   3775.00    0.7481105651E+00
   3776.00    0.7472614329E+00
   3777.00    0.7464148091E+00
   3778.00    0.7455706817E+00
   3779.00    0.7447290390E+00
   3780.00    0.7438898693E+00
   3781.00    0.7430531609E+00
   3782.00    0.7422189021E+00
   3783.00    0.7413870816E+00
   3784.00    0.7405576878E+00
   3785.00    0.7397307094E+00
   3786.00    0.7389061352E+00
   3787.00    0.7380839539E+00
   3788.00    0.7372641544E+00
   3789.00    0.7364467256E+00
   3790.00    0.7356316565E+00
   3791.00    0.7348189362E+00
   3792.00    0.7340085538E+00
   3793.00    0.7332004986E+00
   3794.00    0.7323947597E+00
   3795.00    0.7315913266E+00
   3796.00    0.7307901887E+00
   3797.00    0.7299913353E+00
   3798.00    0.7291947561E+00
   3799.00    0.7284004407E+00
   3800.00    0.7276083786E+00
   3801.00    0.7268185598E+00
   3802.00    0.7260309738E+00
   3803.00    0.7252456106E+00
   3804.00    0.7244624602E+00
   3805.00    0.7236815124E+00
   3806.00    0.7229027573E+00
   3807.00    0.7221261850E+00
   3808.00    0.7213517857E+00
   3809.00    0.7205795496E+00
   3810.00    0.7198094669E+00
   3811.00    0.7190415280E+00
   3812.00    0.7182757233E+00
   3813.00    0.7175120433E+00
   3814.00    0.7167504784E+00
   3815.00    0.7159910192E+00
   3816.00    0.7152336563E+00
   3817.00    0.7144783805E+00
   3818.00    0.7137251824E+00
   3819.00    0.7129740528E+00
   3820.00    0.7122249826E+00
   3821.00    0.7114779627E+00
   3822.00    0.7107329840E+00
   3823.00    0.7099900375E+00
   3824.00    0.7092491143E+00
   3825.00    0.7085102056E+00
   3826.00    0.7077733023E+00
   3827.00    0.7070383959E+00
   3828.00    0.7063054775E+00
   3829.00    0.7055745385E+00
   3830.00    0.7048455703E+00
   3831.00    0.7041185642E+00
   3832.00    0.7033935117E+00
   3833.00    0.7026704044E+00
   3834.00    0.7019492338E+00
   3835.00    0.7012299915E+00
   3836.00    0.7005126693E+00
   3837.00    0.6997972587E+00
   3838.00    0.6990837517E+00
   3839.00    0.6983721400E+00
   3840.00    0.6976624155E+00
   3841.00    0.6969545700E+00
   3842.00    0.6962485955E+00
   3843.00    0.6955444841E+00
   3844.00    0.6948422277E+00
   3845.00    0.6941418186E+00
   3846.00    0.6934432487E+00
   3847.00    0.6927465103E+00
   3848.00    0.6920515956E+00
   3849.00    0.6913584969E+00
   3850.00    0.6906672065E+00
   3851.00    0.6899777167E+00
   3852.00    0.6892900200E+00
   3853.00    0.6886041089E+00
   3854.00    0.6879199757E+00
   3855.00    0.6872376130E+00
   3856.00    0.6865570135E+00
   3857.00    0.6858781696E+00
   3858.00    0.6852010741E+00
   3859.00    0.6845257198E+00
   3860.00    0.6838520992E+00
   3861.00    0.6831802052E+00
   3862.00    0.6825100306E+00
   3863.00    0.6818415683E+00
   3864.00    0.6811748112E+00
   3865.00    0.6805097522E+00
   3866.00    0.6798463843E+00
   3867.00    0.6791847006E+00
   3868.00    0.6785246940E+00
   3869.00    0.6778663577E+00
   3870.00    0.6772096848E+00
   3871.00    0.6765546684E+00
   3872.00    0.6759013019E+00
   3873.00    0.6752495784E+00
   3874.00    0.6745994913E+00
   3875.00    0.6739510338E+00
   3876.00    0.6733041993E+00
   3877.00    0.6726589813E+00
   3878.00    0.6720153731E+00
   3879.00    0.6713733682E+00
   3880.00    0.6707329601E+00
   3881.00    0.6700941424E+00
   3882.00    0.6694569086E+00
   3883.00    0.6688212524E+00
   3884.00    0.6681871673E+00
   3885.00    0.6675546471E+00
   3886.00    0.6669236856E+00
   3887.00    0.6662942763E+00
   3888.00    0.6656664132E+00
   3889.00    0.6650400900E+00
   3890.00    0.6644153006E+00
   3891.00    0.6637920388E+00
   3892.00    0.6631702986E+00
   3893.00    0.6625500740E+00
   3894.00    0.6619313589E+00
   3895.00    0.6613141473E+00
   3896.00    0.6606984332E+00
   3897.00    0.6600842108E+00
   3898.00    0.6594714742E+00
   3899.00    0.6588602175E+00
   3900.00    0.6582504348E+00
   3901.00    0.6576421204E+00
   3902.00    0.6570352685E+00
   3903.00    0.6564298734E+00
   3904.00    0.6558259293E+00
   3905.00    0.6552234307E+00
   3906.00    0.6546223718E+00
   3907.00    0.6540227470E+00
   3908.00    0.6534245507E+00
   3909.00    0.6528277775E+00
   3910.00    0.6522324217E+00
   3911.00    0.6516384779E+00
   3912.00    0.6510459405E+00
   3913.00    0.6504548043E+00
   3914.00    0.6498650636E+00
   3915.00    0.6492767133E+00
   3916.00    0.6486897478E+00
   3917.00    0.6481041619E+00
   3918.00    0.6475199503E+00
   3919.00    0.6469371077E+00
   3920.00    0.6463556289E+00
   3921.00    0.6457755086E+00
   3922.00    0.6451967417E+00
   3923.00    0.6446193229E+00
   3924.00    0.6440432472E+00
   3925.00    0.6434685095E+00
   3926.00    0.6428951047E+00
   3927.00    0.6423230276E+00
   3928.00    0.6417522733E+00
   3929.00    0.6411828368E+00
   3930.00    0.6406147131E+00
   3931.00    0.6400478972E+00
   3932.00    0.6394823842E+00
   3933.00    0.6389181692E+00
   3934.00    0.6383552474E+00
   3935.00    0.6377936138E+00
   3936.00    0.6372332636E+00
   3937.00    0.6366741921E+00
   3938.00    0.6361163945E+00
   3939.00    0.6355598659E+00
   3940.00    0.6350046018E+00
   3941.00    0.6344505972E+00
   3942.00    0.6338978477E+00
   3943.00    0.6333463485E+00
   3944.00    0.6327960950E+00
   3945.00    0.6322470825E+00
   3946.00    0.6316993065E+00
   3947.00    0.6311527624E+00
   3948.00    0.6306074457E+00
   3949.00    0.6300633518E+00
   3950.00    0.6295204763E+00
   3951.00    0.6289788147E+00
   3952.00    0.6284383624E+00
   3953.00    0.6278991152E+00
   3954.00    0.6273610685E+00
   3955.00    0.6268242180E+00
   3956.00    0.6262885594E+00
   3957.00    0.6257540882E+00
   3958.00    0.6252208001E+00
   3959.00    0.6246886909E+00
   3960.00    0.6241577563E+00
   3961.00    0.6236279920E+00
   3962.00    0.6230993938E+00
   3963.00    0.6225719575E+00
   3964.00    0.6220456788E+00
   3965.00    0.6215205536E+00
   3966.00    0.6209965777E+00
   3967.00    0.6204737470E+00
   3968.00    0.6199520574E+00
   3969.00    0.6194315048E+00
   3970.00    0.6189120851E+00
   3971.00    0.6183937942E+00
   3972.00    0.6178766282E+00
   3973.00    0.6173605830E+00
   3974.00    0.6168456546E+00
   3975.00    0.6163318391E+00
   3976.00    0.6158191324E+00
   3977.00    0.6153075307E+00
   3978.00    0.6147970299E+00
   3979.00    0.6142876264E+00
   3980.00    0.6137793160E+00
   3981.00    0.6132720950E+00
   3982.00    0.6127659596E+00
   3983.00    0.6122609059E+00
   3984.00    0.6117569301E+00
   3985.00    0.6112540284E+00
   3986.00    0.6107521970E+00
   3987.00    0.6102514323E+00
   3988.00    0.6097517304E+00
   3989.00    0.6092530876E+00
   3990.00    0.6087555003E+00
   3991.00    0.6082589647E+00
   3992.00    0.6077634773E+00
   3993.00    0.6072690342E+00
   3994.00    0.6067756320E+00
   3995.00    0.6062832671E+00
   3996.00    0.6057919357E+00
   3997.00    0.6053016344E+00
   3998.00    0.6048123595E+00
   3999.00    0.6043241076E+00
   4000.00    0.6038368751E+00
