Frequencies(cm-1)    polar_2nd_yyx        
   1000.00    0.5121629563E-04
   1001.00    0.5918540109E-04
   1002.00    0.6447411773E-04
   1003.00    0.6925878884E-04
   1004.00    0.7432311287E-04
   1005.00    0.7953403994E-04
   1006.00    0.8469772314E-04
   1007.00    0.8971519783E-04
   1008.00    0.9454909909E-04
   1009.00    0.9919053959E-04
   1010.00    0.1036425913E-03
   1011.00    0.1079130194E-03
   1012.00    0.1120111366E-03
   1013.00    0.1159464226E-03
   1014.00    0.1197279069E-03
   1015.00    0.1233638931E-03
   1016.00    0.1268618403E-03
   1017.00    0.1302283173E-03
   1018.00    0.1334689895E-03
   1019.00    0.1365886206E-03
   1020.00    0.1395910777E-03
   1021.00    0.1424793342E-03
   1022.00    0.1452554685E-03
   1023.00    0.1479206556E-03
   1024.00    0.1504751510E-03
   1025.00    0.1529182655E-03
   1026.00    0.1552483285E-03
   1027.00    0.1574626336E-03
   1028.00    0.1595573546E-03
   1029.00    0.1615273966E-03
   1030.00    0.1633661018E-03
   1031.00    0.1650646110E-03
   1032.00    0.1666103883E-03
   1033.00    0.1679836782E-03
   1034.00    0.1691487550E-03
   1035.00    0.1700318567E-03
   1036.00    0.1704651359E-03
   1037.00    0.1700486381E-03
   1038.00    0.1678584601E-03
   1039.00    0.1621458466E-03
   1040.00    0.1513724609E-03
   1041.00    0.1380340079E-03
   1042.00    0.1285730670E-03
   1043.00    0.1273972559E-03
   1044.00    0.1382891150E-03
   1045.00    0.1671817017E-03
   1046.00    0.2156610570E-03
   1047.00    0.2699462262E-03
   1048.00    0.3069385835E-03
   1049.00    0.3198040519E-03
   1050.00    0.3182135547E-03
   1051.00    0.3114270472E-03
   1052.00    0.3037769158E-03
   1053.00    0.2967148395E-03
   1054.00    0.2905303102E-03
   1055.00    0.2850738170E-03
   1056.00    0.2799396563E-03
   1057.00    0.2743213996E-03
   1058.00    0.2665317369E-03
   1059.00    0.2534420155E-03
   1060.00    0.2320305312E-03
   1061.00    0.2055570126E-03
   1062.00    0.1831256017E-03
   1063.00    0.1677964936E-03
   1064.00    0.1564485464E-03
   1065.00    0.1463432835E-03
   1066.00    0.1369775143E-03
   1067.00    0.1300706559E-03
   1068.00    0.1298956491E-03
   1069.00    0.1430298879E-03
   1070.00    0.1759281193E-03
   1071.00    0.2329934313E-03
   1072.00    0.3185118479E-03
   1073.00    0.4397216146E-03
   1074.00    0.6090737149E-03
   1075.00    0.8463978365E-03
   1076.00    0.1180547784E-02
   1077.00    0.1644597098E-02
   1078.00    0.2241640512E-02
   1079.00    0.2836633412E-02
   1080.00    0.3065255131E-02
   1081.00    0.2715442820E-02
   1082.00    0.2148714978E-02
   1083.00    0.1741878434E-02
   1084.00    0.1537147272E-02
   1085.00    0.1451408777E-02
   1086.00    0.1422060542E-02
   1087.00    0.1420017309E-02
   1088.00    0.1433811684E-02
   1089.00    0.1459374311E-02
   1090.00    0.1495715313E-02
   1091.00    0.1543318600E-02
   1092.00    0.1603615584E-02
   1093.00    0.1678903447E-02
   1094.00    0.1772481772E-02
   1095.00    0.1888924379E-02
   1096.00    0.2034409949E-02
   1097.00    0.2216864538E-02
   1098.00    0.2445016885E-02
   1099.00    0.2723405125E-02
   1100.00    0.3035238929E-02
   1101.00    0.3301604701E-02
   1102.00    0.3351303811E-02
   1103.00    0.3055387936E-02
   1104.00    0.2533078258E-02
   1105.00    0.1999229978E-02
   1106.00    0.1555137095E-02
   1107.00    0.1209866532E-02
   1108.00    0.9444968902E-03
   1109.00    0.7389298152E-03
   1110.00    0.5779544932E-03
   1111.00    0.4513672998E-03
   1112.00    0.3531625768E-03
   1113.00    0.2809673457E-03
   1114.00    0.2353480847E-03
   1115.00    0.2173048510E-03
   1116.00    0.2238920154E-03
   1117.00    0.2477565592E-03
   1118.00    0.2816081526E-03
   1119.00    0.3208050007E-03
   1120.00    0.3630092957E-03
   1121.00    0.4072627795E-03
   1122.00    0.4533732233E-03
   1123.00    0.5016031888E-03
   1124.00    0.5525352107E-03
   1125.00    0.6070326086E-03
   1126.00    0.6662520287E-03
   1127.00    0.7316725322E-03
   1128.00    0.8050736482E-03
   1129.00    0.8882645988E-03
   1130.00    0.9819633168E-03
   1131.00    0.1082153319E-02
   1132.00    0.1170612614E-02
   1133.00    0.1201346646E-02
   1134.00    0.1118953835E-02
   1135.00    0.9413468754E-03
   1136.00    0.7642213724E-03
   1137.00    0.6572942782E-03
   1138.00    0.6324581304E-03
   1139.00    0.6702427443E-03
   1140.00    0.7475926643E-03
   1141.00    0.8480453743E-03
   1142.00    0.9546900388E-03
   1143.00    0.1033756616E-02
   1144.00    0.1027703263E-02
   1145.00    0.9067097950E-03
   1146.00    0.7279401166E-03
   1147.00    0.5716149759E-03
   1148.00    0.4756004177E-03
   1149.00    0.4424448710E-03
   1150.00    0.4566688743E-03
   1151.00    0.4995152454E-03
   1152.00    0.5582193140E-03
   1153.00    0.6261289999E-03
   1154.00    0.6990514821E-03
   1155.00    0.7702730462E-03
   1156.00    0.8230211176E-03
   1157.00    0.8260895138E-03
   1158.00    0.7611587734E-03
   1159.00    0.6694507848E-03
   1160.00    0.6125098361E-03
   1161.00    0.6065410797E-03
   1162.00    0.6352373870E-03
   1163.00    0.6813139284E-03
   1164.00    0.7351756079E-03
   1165.00    0.7926127636E-03
   1166.00    0.8520566389E-03
   1167.00    0.9131143772E-03
   1168.00    0.9759133151E-03
   1169.00    0.1040823138E-02
   1170.00    0.1108343279E-02
   1171.00    0.1179063248E-02
   1172.00    0.1253657057E-02
   1173.00    0.1332895779E-02
   1174.00    0.1417672377E-02
   1175.00    0.1509037788E-02
   1176.00    0.1608250083E-02
   1177.00    0.1716840817E-02
   1178.00    0.1836705134E-02
   1179.00    0.1970225236E-02
   1180.00    0.2120440619E-02
   1181.00    0.2291282212E-02
   1182.00    0.2487887710E-02
   1183.00    0.2716998800E-02
   1184.00    0.2987364267E-02
   1185.00    0.3309795373E-02
   1186.00    0.3695599732E-02
   1187.00    0.4149300306E-02
   1188.00    0.4644481669E-02
   1189.00    0.5065482669E-02
   1190.00    0.5154860774E-02
   1191.00    0.4693513811E-02
   1192.00    0.3852572097E-02
   1193.00    0.3011290884E-02
   1194.00    0.2389372390E-02
   1195.00    0.2050752150E-02
   1196.00    0.1988129352E-02
   1197.00    0.2149191107E-02
   1198.00    0.2471686733E-02
   1199.00    0.2918436759E-02
   1200.00    0.3483411643E-02
   1201.00    0.4186671804E-02
   1202.00    0.5073824895E-02
   1203.00    0.6220839015E-02
   1204.00    0.7715716984E-02
   1205.00    0.9501726122E-02
   1206.00    0.1109326688E-01
   1207.00    0.1184170182E-01
   1208.00    0.1164018020E-01
   1209.00    0.1073905801E-01
   1210.00    0.9491422670E-02
   1211.00    0.8253137711E-02
   1212.00    0.7190773717E-02
   1213.00    0.6324308437E-02
   1214.00    0.5623344927E-02
   1215.00    0.5051261912E-02
   1216.00    0.4577379195E-02
   1217.00    0.4178417988E-02
   1218.00    0.3837514949E-02
   1219.00    0.3543422051E-02
   1220.00    0.3291048694E-02
   1221.00    0.3084692427E-02
   1222.00    0.2945370449E-02
   1223.00    0.2916124074E-02
   1224.00    0.3027478340E-02
   1225.00    0.3200231892E-02
   1226.00    0.3281579405E-02
   1227.00    0.3237268444E-02
   1228.00    0.3128801453E-02
   1229.00    0.3006378372E-02
   1230.00    0.2891310620E-02
   1231.00    0.2789935841E-02
   1232.00    0.2703079575E-02
   1233.00    0.2629948633E-02
   1234.00    0.2569509324E-02
   1235.00    0.2520937962E-02
   1236.00    0.2483757197E-02
   1237.00    0.2457878866E-02
   1238.00    0.2443631810E-02
   1239.00    0.2441801749E-02
   1240.00    0.2453687609E-02
   1241.00    0.2481154857E-02
   1242.00    0.2526609164E-02
   1243.00    0.2592647310E-02
   1244.00    0.2680658010E-02
   1245.00    0.2786322480E-02
   1246.00    0.2887150058E-02
   1247.00    0.2916964686E-02
   1248.00    0.2754788827E-02
   1249.00    0.2332900851E-02
   1250.00    0.1788154137E-02
   1251.00    0.1322441878E-02
   1252.00    0.1021668746E-02
   1253.00    0.8792181346E-03
   1254.00    0.8512179311E-03
   1255.00    0.8899689587E-03
   1256.00    0.9639888246E-03
   1257.00    0.1059025462E-02
   1258.00    0.1171538250E-02
   1259.00    0.1303989629E-02
   1260.00    0.1462908607E-02
   1261.00    0.1658714035E-02
   1262.00    0.1906608657E-02
   1263.00    0.2228039276E-02
   1264.00    0.2651338273E-02
   1265.00    0.3206099904E-02
   1266.00    0.3893877834E-02
   1267.00    0.4606218041E-02
   1268.00    0.5054039087E-02
   1269.00    0.4999586375E-02
   1270.00    0.4594425996E-02
   1271.00    0.4144863144E-02
   1272.00    0.3795657669E-02
   1273.00    0.3560887099E-02
   1274.00    0.3422089645E-02
   1275.00    0.3362090042E-02
   1276.00    0.3369745906E-02
   1277.00    0.3439335238E-02
   1278.00    0.3569715847E-02
   1279.00    0.3763968879E-02
   1280.00    0.4029599546E-02
   1281.00    0.4379357880E-02
   1282.00    0.4832846455E-02
   1283.00    0.5419240691E-02
   1284.00    0.6181658599E-02
   1285.00    0.7183915668E-02
   1286.00    0.8520172204E-02
   1287.00    0.1032546367E-01
   1288.00    0.1277312330E-01
   1289.00    0.1600170334E-01
   1290.00    0.1981604284E-01
   1291.00    0.2309469547E-01
   1292.00    0.2391305723E-01
   1293.00    0.2137020233E-01
   1294.00    0.1644476938E-01
   1295.00    0.1115875285E-01
   1296.00    0.7084688577E-02
   1297.00    0.4497611742E-02
   1298.00    0.3036452605E-02
   1299.00    0.2301703013E-02
   1300.00    0.1981610543E-02
   1301.00    0.1859974049E-02
   1302.00    0.1816635420E-02
   1303.00    0.1798310050E-02
   1304.00    0.1784853987E-02
   1305.00    0.1769747745E-02
   1306.00    0.1751553439E-02
   1307.00    0.1730553168E-02
   1308.00    0.1707489476E-02
   1309.00    0.1683120052E-02
   1310.00    0.1658081561E-02
   1311.00    0.1632867001E-02
   1312.00    0.1607841095E-02
   1313.00    0.1583265106E-02
   1314.00    0.1559320870E-02
   1315.00    0.1536131003E-02
   1316.00    0.1513774888E-02
   1317.00    0.1492300983E-02
   1318.00    0.1471736194E-02
   1319.00    0.1452092988E-02
   1320.00    0.1433374861E-02
   1321.00    0.1415580605E-02
   1322.00    0.1398707781E-02
   1323.00    0.1382755675E-02
   1324.00    0.1367727988E-02
   1325.00    0.1353635471E-02
   1326.00    0.1340498638E-02
   1327.00    0.1328350614E-02
   1328.00    0.1317239915E-02
   1329.00    0.1307232371E-02
   1330.00    0.1298409786E-02
   1331.00    0.1290858877E-02
   1332.00    0.1284633231E-02
   1333.00    0.1279642668E-02
   1334.00    0.1275351091E-02
   1335.00    0.1269997501E-02
   1336.00    0.1258861309E-02
   1337.00    0.1232104721E-02
   1338.00    0.1179374839E-02
   1339.00    0.1110830042E-02
   1340.00    0.1057370256E-02
   1341.00    0.1030420270E-02
   1342.00    0.1020212695E-02
   1343.00    0.1016863170E-02
   1344.00    0.1015519135E-02
   1345.00    0.1014346053E-02
   1346.00    0.1012787946E-02
   1347.00    0.1010770423E-02
   1348.00    0.1008388279E-02
   1349.00    0.1005790938E-02
   1350.00    0.1003144380E-02
   1351.00    0.1000622655E-02
   1352.00    0.9984113530E-03
   1353.00    0.9967166967E-03
   1354.00    0.9957784523E-03
   1355.00    0.9958868560E-03
   1356.00    0.9974049235E-03
   1357.00    0.1000798522E-02
   1358.00    0.1006677797E-02
   1359.00    0.1015855131E-02
   1360.00    0.1029426701E-02
   1361.00    0.1048885915E-02
   1362.00    0.1076273270E-02
   1363.00    0.1114342745E-02
   1364.00    0.1166624971E-02
   1365.00    0.1236915210E-02
   1366.00    0.1326643973E-02
   1367.00    0.1426467999E-02
   1368.00    0.1501167072E-02
   1369.00    0.1498315742E-02
   1370.00    0.1421222007E-02
   1371.00    0.1346175149E-02
   1372.00    0.1332342026E-02
   1373.00    0.1394348438E-02
   1374.00    0.1530809092E-02
   1375.00    0.1743483598E-02
   1376.00    0.2043157883E-02
   1377.00    0.2451382249E-02
   1378.00    0.3001142474E-02
   1379.00    0.3732565456E-02
   1380.00    0.4666484230E-02
   1381.00    0.5717029203E-02
   1382.00    0.6561229129E-02
   1383.00    0.6790600034E-02
   1384.00    0.6419356832E-02
   1385.00    0.5807067480E-02
   1386.00    0.5209625778E-02
   1387.00    0.4709380469E-02
   1388.00    0.4310307489E-02
   1389.00    0.3995547488E-02
   1390.00    0.3746913958E-02
   1391.00    0.3549574964E-02
   1392.00    0.3392357069E-02
   1393.00    0.3267046364E-02
   1394.00    0.3167608705E-02
   1395.00    0.3089490801E-02
   1396.00    0.3028896625E-02
   1397.00    0.2981762690E-02
   1398.00    0.2942193098E-02
   1399.00    0.2901693270E-02
   1400.00    0.2853294191E-02
   1401.00    0.2791953919E-02
   1402.00    0.2699850363E-02
   1403.00    0.2569596208E-02
   1404.00    0.2450531990E-02
   1405.00    0.2390502973E-02
   1406.00    0.2381627753E-02
   1407.00    0.2399643401E-02
   1408.00    0.2429954323E-02
   1409.00    0.2466633949E-02
   1410.00    0.2507904364E-02
   1411.00    0.2553698803E-02
   1412.00    0.2604650409E-02
   1413.00    0.2661674894E-02
   1414.00    0.2725694813E-02
   1415.00    0.2797153682E-02
   1416.00    0.2874726675E-02
   1417.00    0.2951957496E-02
   1418.00    0.3010310299E-02
   1419.00    0.3015045345E-02
   1420.00    0.2948420366E-02
   1421.00    0.2873660799E-02
   1422.00    0.2874464436E-02
   1423.00    0.2958986044E-02
   1424.00    0.3100302605E-02
   1425.00    0.3281127522E-02
   1426.00    0.3497246459E-02
   1427.00    0.3751187226E-02
   1428.00    0.4045651619E-02
   1429.00    0.4371990794E-02
   1430.00    0.4681926235E-02
   1431.00    0.4834994580E-02
   1432.00    0.4599477601E-02
   1433.00    0.3901953315E-02
   1434.00    0.3033816433E-02
   1435.00    0.2326233628E-02
   1436.00    0.1904735963E-02
   1437.00    0.1750639646E-02
   1438.00    0.1783252317E-02
   1439.00    0.1921115030E-02
   1440.00    0.2113298245E-02
   1441.00    0.2336106429E-02
   1442.00    0.2581355875E-02
   1443.00    0.2848727885E-02
   1444.00    0.3142195897E-02
   1445.00    0.3468698706E-02
   1446.00    0.3837977639E-02
   1447.00    0.4263135042E-02
   1448.00    0.4761826958E-02
   1449.00    0.5358222974E-02
   1450.00    0.6086050665E-02
   1451.00    0.6993212861E-02
   1452.00    0.8148479316E-02
   1453.00    0.9649871077E-02
   1454.00    0.1162959854E-01
   1455.00    0.1423116489E-01
   1456.00    0.1747181068E-01
   1457.00    0.2079391651E-01
   1458.00    0.2240708343E-01
   1459.00    0.2021821375E-01
   1460.00    0.1501163521E-01
   1461.00    0.9911443475E-02
   1462.00    0.6584583401E-02
   1463.00    0.4837242823E-02
   1464.00    0.3993409240E-02
   1465.00    0.3560762909E-02
   1466.00    0.3297939238E-02
   1467.00    0.3108099244E-02
   1468.00    0.2955279956E-02
   1469.00    0.2826162225E-02
   1470.00    0.2715582671E-02
   1471.00    0.2621356150E-02
   1472.00    0.2542454572E-02
   1473.00    0.2478377998E-02
   1474.00    0.2428952848E-02
   1475.00    0.2394286734E-02
   1476.00    0.2374785234E-02
   1477.00    0.2371200025E-02
   1478.00    0.2384702833E-02
   1479.00    0.2416992127E-02
   1480.00    0.2470451179E-02
   1481.00    0.2548396910E-02
   1482.00    0.2655508476E-02
   1483.00    0.2798656235E-02
   1484.00    0.2988724236E-02
   1485.00    0.3245096104E-02
   1486.00    0.3607405338E-02
   1487.00    0.4164835652E-02
   1488.00    0.5107880060E-02
   1489.00    0.6719921758E-02
   1490.00    0.9120051928E-02
   1491.00    0.1206764365E-01
   1492.00    0.1520645877E-01
   1493.00    0.1809182170E-01
   1494.00    0.2051940203E-01
   1495.00    0.2268726508E-01
   1496.00    0.2380160182E-01
   1497.00    0.2244927193E-01
   1498.00    0.1868053691E-01
   1499.00    0.1417165784E-01
   1500.00    0.1040749647E-01
   1501.00    0.7741572441E-02
   1502.00    0.5963078574E-02
   1503.00    0.4801612498E-02
   1504.00    0.4062031028E-02
   1505.00    0.3622815701E-02
   1506.00    0.3411062423E-02
   1507.00    0.3376748430E-02
   1508.00    0.3464398629E-02
   1509.00    0.3602496931E-02
   1510.00    0.3789446801E-02
   1511.00    0.4182298508E-02
   1512.00    0.4909835562E-02
   1513.00    0.5845186154E-02
   1514.00    0.6589757261E-02
   1515.00    0.6839923934E-02
   1516.00    0.6737920449E-02
   1517.00    0.6565955670E-02
   1518.00    0.6456705090E-02
   1519.00    0.6409620383E-02
   1520.00    0.6418453224E-02
   1521.00    0.6601514204E-02
   1522.00    0.6943259369E-02
   1523.00    0.7136049741E-02
   1524.00    0.7252632883E-02
   1525.00    0.7840801176E-02
   1526.00    0.9257703921E-02
   1527.00    0.1122631832E-01
   1528.00    0.1287506227E-01
   1529.00    0.1361573384E-01
   1530.00    0.1372924233E-01
   1531.00    0.1372122405E-01
   1532.00    0.1388296575E-01
   1533.00    0.1435115353E-01
   1534.00    0.1523272807E-01
   1535.00    0.1669654994E-01
   1536.00    0.1903830337E-01
   1537.00    0.2248436435E-01
   1538.00    0.2614895975E-01
   1539.00    0.2751447471E-01
   1540.00    0.2540088653E-01
   1541.00    0.2151388534E-01
   1542.00    0.1767970226E-01
   1543.00    0.1452385285E-01
   1544.00    0.1201550456E-01
   1545.00    0.9985385080E-02
   1546.00    0.8364637606E-02
   1547.00    0.7158523406E-02
   1548.00    0.6287834779E-02
   1549.00    0.5633608047E-02
   1550.00    0.5115964590E-02
   1551.00    0.4692104898E-02
   1552.00    0.4338254926E-02
   1553.00    0.4039636796E-02
   1554.00    0.3786145273E-02
   1555.00    0.3570456766E-02
   1556.00    0.3387109403E-02
   1557.00    0.3231998592E-02
   1558.00    0.3102075075E-02
   1559.00    0.2995158155E-02
   1560.00    0.2909825698E-02
   1561.00    0.2845364164E-02
   1562.00    0.2801773729E-02
   1563.00    0.2779832315E-02
   1564.00    0.2781231205E-02
   1565.00    0.2808805794E-02
   1566.00    0.2866899309E-02
   1567.00    0.2961914094E-02
   1568.00    0.3103114544E-02
   1569.00    0.3303703291E-02
   1570.00    0.3581927736E-02
   1571.00    0.3960887062E-02
   1572.00    0.4461919512E-02
   1573.00    0.5076054047E-02
   1574.00    0.5687957722E-02
   1575.00    0.6007034620E-02
   1576.00    0.5785985820E-02
   1577.00    0.5175900083E-02
   1578.00    0.4485780658E-02
   1579.00    0.3833055329E-02
   1580.00    0.3161036411E-02
   1581.00    0.2410313206E-02
   1582.00    0.1678240016E-02
   1583.00    0.1114504945E-02
   1584.00    0.7536346177E-03
   1585.00    0.5543596704E-03
   1586.00    0.4661691983E-03
   1587.00    0.4461134405E-03
   1588.00    0.4634900697E-03
   1589.00    0.5012084214E-03
   1590.00    0.5501027102E-03
   1591.00    0.5998902936E-03
   1592.00    0.6285974379E-03
   1593.00    0.6026301987E-03
   1594.00    0.5130071440E-03
   1595.00    0.3983277239E-03
   1596.00    0.2987561189E-03
   1597.00    0.2293343603E-03
   1598.00    0.1910280276E-03
   1599.00    0.1791249757E-03
   1600.00    0.1854125667E-03
   1601.00    0.2018024325E-03
   1602.00    0.2230376456E-03
   1603.00    0.2464357254E-03
   1604.00    0.2707873162E-03
   1605.00    0.2956000030E-03
   1606.00    0.3207137925E-03
   1607.00    0.3461212500E-03
   1608.00    0.3718847602E-03
   1609.00    0.3980985304E-03
   1610.00    0.4248713611E-03
   1611.00    0.4523192340E-03
   1612.00    0.4805626320E-03
   1613.00    0.5097261869E-03
   1614.00    0.5399395045E-03
   1615.00    0.5713386179E-03
   1616.00    0.6040678210E-03
   1617.00    0.6382817814E-03
   1618.00    0.6741479174E-03
   1619.00    0.7118490668E-03
   1620.00    0.7515865103E-03
   1621.00    0.7935834337E-03
   1622.00    0.8380889414E-03
   1623.00    0.8853827597E-03
   1624.00    0.9357808070E-03
   1625.00    0.9896418505E-03
   1626.00    0.1047375532E-02
   1627.00    0.1109452121E-02
   1628.00    0.1176414471E-02
   1629.00    0.1248892781E-02
   1630.00    0.1327622976E-02
   1631.00    0.1413469788E-02
   1632.00    0.1507455994E-02
   1633.00    0.1610799784E-02
   1634.00    0.1724963007E-02
   1635.00    0.1851714103E-02
   1636.00    0.1993211098E-02
   1637.00    0.2152112382E-02
   1638.00    0.2331726415E-02
   1639.00    0.2536216792E-02
   1640.00    0.2770887081E-02
   1641.00    0.3042582287E-02
   1642.00    0.3360262975E-02
   1643.00    0.3735837669E-02
   1644.00    0.4185383162E-02
   1645.00    0.4730941660E-02
   1646.00    0.5403139295E-02
   1647.00    0.6244818688E-02
   1648.00    0.7315292731E-02
   1649.00    0.8692125797E-02
   1650.00    0.1045727298E-01
   1651.00    0.1262428305E-01
   1652.00    0.1492017402E-01
   1653.00    0.1651185615E-01
   1654.00    0.1649287217E-01
   1655.00    0.1508323808E-01
   1656.00    0.1323746153E-01
   1657.00    0.1155155437E-01
   1658.00    0.1018271675E-01
   1659.00    0.9110834448E-02
   1660.00    0.8277490775E-02
   1661.00    0.7628604906E-02
   1662.00    0.7122575479E-02
   1663.00    0.6729244732E-02
   1664.00    0.6427302557E-02
   1665.00    0.6202029684E-02
   1666.00    0.6043685189E-02
   1667.00    0.5946468037E-02
   1668.00    0.5907938001E-02
   1669.00    0.5928815274E-02
   1670.00    0.6013121042E-02
   1671.00    0.6168648379E-02
   1672.00    0.6407726179E-02
   1673.00    0.6748034065E-02
   1674.00    0.7212428922E-02
   1675.00    0.7824048201E-02
   1676.00    0.8584885828E-02
   1677.00    0.9408840207E-02
   1678.00    0.9988921355E-02
   1679.00    0.9798367785E-02
   1680.00    0.8652506131E-02
   1681.00    0.7071400477E-02
   1682.00    0.5604193457E-02
   1683.00    0.4435112801E-02
   1684.00    0.3545750702E-02
   1685.00    0.2871621304E-02
   1686.00    0.2354578766E-02
   1687.00    0.1951508861E-02
   1688.00    0.1632024531E-02
   1689.00    0.1374847129E-02
   1690.00    0.1164932320E-02
   1691.00    0.9914782628E-03
   1692.00    0.8465961162E-03
   1693.00    0.7244268214E-03
   1694.00    0.6205495119E-03
   1695.00    0.5315799281E-03
   1696.00    0.4548937172E-03
   1697.00    0.3884330300E-03
   1698.00    0.3305697360E-03
   1699.00    0.2800080905E-03
   1700.00    0.2357159464E-03
   1701.00    0.1968780497E-03
   1702.00    0.1628686426E-03
   1703.00    0.1332445433E-03
   1704.00    0.1077649372E-03
   1705.00    0.8644904962E-04
   1706.00    0.6967218188E-04
   1707.00    0.5820495762E-04
   1708.00    0.5283544279E-04
   1709.00    0.5336302531E-04
   1710.00    0.5820271135E-04
   1711.00    0.6543067970E-04
   1712.00    0.7367267949E-04
   1713.00    0.8215259987E-04
   1714.00    0.9047165404E-04
   1715.00    0.9843539585E-04
   1716.00    0.1059564416E-03
   1717.00    0.1130037058E-03
   1718.00    0.1195759286E-03
   1719.00    0.1256875696E-03
   1720.00    0.1313611002E-03
   1721.00    0.1366227020E-03
   1722.00    0.1414998354E-03
   1723.00    0.1460198645E-03
   1724.00    0.1502092905E-03
   1725.00    0.1540933447E-03
   1726.00    0.1576957939E-03
   1727.00    0.1610388739E-03
   1728.00    0.1641432969E-03
   1729.00    0.1670283043E-03
   1730.00    0.1697117423E-03
   1731.00    0.1722101503E-03
   1732.00    0.1745388532E-03
   1733.00    0.1767120547E-03
   1734.00    0.1787429270E-03
   1735.00    0.1806436963E-03
   1736.00    0.1824257238E-03
   1737.00    0.1840995810E-03
   1738.00    0.1856751194E-03
   1739.00    0.1871615349E-03
   1740.00    0.1885674282E-03
   1741.00    0.1899008590E-03
   1742.00    0.1911693977E-03
   1743.00    0.1923801711E-03
   1744.00    0.1935399070E-03
   1745.00    0.1946549733E-03
   1746.00    0.1957314156E-03
   1747.00    0.1967749923E-03
   1748.00    0.1977912063E-03
   1749.00    0.1987853360E-03
   1750.00    0.1997624640E-03
   1751.00    0.2007275041E-03
   1752.00    0.2016852277E-03
   1753.00    0.2026402885E-03
   1754.00    0.2035972471E-03
   1755.00    0.2045605946E-03
   1756.00    0.2055347759E-03
   1757.00    0.2065242126E-03
   1758.00    0.2075333269E-03
   1759.00    0.2085665646E-03
   1760.00    0.2096284195E-03
   1761.00    0.2107234581E-03
   1762.00    0.2118563453E-03
   1763.00    0.2130318720E-03
   1764.00    0.2142549837E-03
   1765.00    0.2155308114E-03
   1766.00    0.2168647046E-03
   1767.00    0.2182622677E-03
   1768.00    0.2197293991E-03
   1769.00    0.2212723347E-03
   1770.00    0.2228976954E-03
   1771.00    0.2246125411E-03
   1772.00    0.2264244297E-03
   1773.00    0.2283414840E-03
   1774.00    0.2303724679E-03
   1775.00    0.2325268717E-03
   1776.00    0.2348150099E-03
   1777.00    0.2372481330E-03
   1778.00    0.2398385564E-03
   1779.00    0.2425998080E-03
   1780.00    0.2455468009E-03
   1781.00    0.2486960332E-03
   1782.00    0.2520658221E-03
   1783.00    0.2556765790E-03
   1784.00    0.2595511341E-03
   1785.00    0.2637151218E-03
   1786.00    0.2681974395E-03
   1787.00    0.2730307979E-03
   1788.00    0.2782523850E-03
   1789.00    0.2839046702E-03
   1790.00    0.2900363863E-03
   1791.00    0.2967037349E-03
   1792.00    0.3039718784E-03
   1793.00    0.3119167985E-03
   1794.00    0.3206276306E-03
   1795.00    0.3302096207E-03
   1796.00    0.3407879052E-03
   1797.00    0.3525123871E-03
   1798.00    0.3655640927E-03
   1799.00    0.3801635497E-03
   1800.00    0.3965819539E-03
   1801.00    0.4151562391E-03
   1802.00    0.4363096730E-03
   1803.00    0.4605803772E-03
   1804.00    0.4886613404E-03
   1805.00    0.5214572518E-03
   1806.00    0.5601660313E-03
   1807.00    0.6063963121E-03
   1808.00    0.6623353960E-03
   1809.00    0.7309805072E-03
   1810.00    0.8164205146E-03
   1811.00    0.9240373047E-03
   1812.00    0.1060055161E-02
   1813.00    0.1228433734E-02
   1814.00    0.1419674617E-02
   1815.00    0.1585902191E-02
   1816.00    0.1633489648E-02
   1817.00    0.1514361174E-02
   1818.00    0.1301378632E-02
   1819.00    0.1086133503E-02
   1820.00    0.9060575918E-03
   1821.00    0.7640682919E-03
   1822.00    0.6531575373E-03
   1823.00    0.5657507842E-03
   1824.00    0.4958438448E-03
   1825.00    0.4390422692E-03
   1826.00    0.3921886324E-03
   1827.00    0.3530064385E-03
   1828.00    0.3198346918E-03
   1829.00    0.2914432903E-03
   1830.00    0.2669069713E-03
   1831.00    0.2455191439E-03
   1832.00    0.2267324322E-03
   1833.00    0.2101171182E-03
   1834.00    0.1953316808E-03
   1835.00    0.1821016081E-03
   1836.00    0.1702039454E-03
   1837.00    0.1594558741E-03
   1838.00    0.1497061631E-03
   1839.00    0.1408286927E-03
   1840.00    0.1327174951E-03
   1841.00    0.1252829152E-03
   1842.00    0.1184486107E-03
   1843.00    0.1121491860E-03
   1844.00    0.1063283102E-03
   1845.00    0.1009372083E-03
   1846.00    0.9593344226E-04
   1847.00    0.9127991969E-04
   1848.00    0.8694408191E-04
   1849.00    0.8289723517E-04
   1850.00    0.7911399627E-04
   1851.00    0.7557183060E-04
   1852.00    0.7225066517E-04
   1853.00    0.6913256287E-04
   1854.00    0.6620144686E-04
   1855.00    0.6344286654E-04
   1856.00    0.6084379785E-04
   1857.00    0.5839247216E-04
   1858.00    0.5607822920E-04
   1859.00    0.5389139016E-04
   1860.00    0.5182314770E-04
   1861.00    0.4986547052E-04
   1862.00    0.4801102006E-04
   1863.00    0.4625307774E-04
   1864.00    0.4458548116E-04
   1865.00    0.4300256799E-04
   1866.00    0.4149912651E-04
   1867.00    0.4007035189E-04
   1868.00    0.3871180746E-04
   1869.00    0.3741939031E-04
   1870.00    0.3618930069E-04
   1871.00    0.3501801464E-04
   1872.00    0.3390225963E-04
   1873.00    0.3283899266E-04
   1874.00    0.3182538060E-04
   1875.00    0.3085878256E-04
   1876.00    0.2993673400E-04
   1877.00    0.2905693232E-04
   1878.00    0.2821722391E-04
   1879.00    0.2741559240E-04
   1880.00    0.2665014801E-04
   1881.00    0.2591911781E-04
   1882.00    0.2522083697E-04
   1883.00    0.2455374070E-04
   1884.00    0.2391635694E-04
   1885.00    0.2330729963E-04
   1886.00    0.2272526266E-04
   1887.00    0.2216901418E-04
   1888.00    0.2163739151E-04
   1889.00    0.2112929639E-04
   1890.00    0.2064369066E-04
   1891.00    0.2017959222E-04
   1892.00    0.1973607140E-04
   1893.00    0.1931224751E-04
   1894.00    0.1890728573E-04
   1895.00    0.1852039422E-04
   1896.00    0.1815082139E-04
   1897.00    0.1779785348E-04
   1898.00    0.1746081217E-04
   1899.00    0.1713905252E-04
   1900.00    0.1683196095E-04
   1901.00    0.1653895336E-04
   1902.00    0.1625947349E-04
   1903.00    0.1599299124E-04
   1904.00    0.1573900122E-04
   1905.00    0.1549702136E-04
   1906.00    0.1526659159E-04
   1907.00    0.1504727265E-04
   1908.00    0.1483864494E-04
   1909.00    0.1464030748E-04
   1910.00    0.1445187687E-04
   1911.00    0.1427298643E-04
   1912.00    0.1410328527E-04
   1913.00    0.1394243750E-04
   1914.00    0.1379012145E-04
   1915.00    0.1364602896E-04
   1916.00    0.1350986468E-04
   1917.00    0.1338134548E-04
   1918.00    0.1326019978E-04
   1919.00    0.1314616706E-04
   1920.00    0.1303899727E-04
   1921.00    0.1293845034E-04
   1922.00    0.1284429574E-04
   1923.00    0.1275631200E-04
   1924.00    0.1267428629E-04
   1925.00    0.1259801403E-04
   1926.00    0.1252729851E-04
   1927.00    0.1246195055E-04
   1928.00    0.1240178811E-04
   1929.00    0.1234663604E-04
   1930.00    0.1229632573E-04
   1931.00    0.1225069482E-04
   1932.00    0.1220958697E-04
   1933.00    0.1217285156E-04
   1934.00    0.1214034345E-04
   1935.00    0.1211192276E-04
   1936.00    0.1208745466E-04
   1937.00    0.1206680911E-04
   1938.00    0.1204986073E-04
   1939.00    0.1203648852E-04
   1940.00    0.1202657578E-04
   1941.00    0.1202000985E-04
   1942.00    0.1201668199E-04
   1943.00    0.1201648724E-04
   1944.00    0.1201932419E-04
   1945.00    0.1202509494E-04
   1946.00    0.1203370489E-04
   1947.00    0.1204506264E-04
   1948.00    0.1205907986E-04
   1949.00    0.1207567117E-04
   1950.00    0.1209475402E-04
   1951.00    0.1211624860E-04
   1952.00    0.1214007774E-04
   1953.00    0.1216616676E-04
   1954.00    0.1219444343E-04
   1955.00    0.1222483787E-04
   1956.00    0.1225728245E-04
   1957.00    0.1229171170E-04
   1958.00    0.1232806225E-04
   1959.00    0.1236627275E-04
   1960.00    0.1240628378E-04
   1961.00    0.1244803780E-04
   1962.00    0.1249147907E-04
   1963.00    0.1253655360E-04
   1964.00    0.1258320909E-04
   1965.00    0.1263139482E-04
   1966.00    0.1268106166E-04
   1967.00    0.1273216201E-04
   1968.00    0.1278464968E-04
   1969.00    0.1283847992E-04
   1970.00    0.1289360933E-04
   1971.00    0.1294999581E-04
   1972.00    0.1300759855E-04
   1973.00    0.1306637794E-04
   1974.00    0.1312629557E-04
   1975.00    0.1318731418E-04
   1976.00    0.1324939759E-04
   1977.00    0.1331251071E-04
   1978.00    0.1337661948E-04
   1979.00    0.1344169084E-04
   1980.00    0.1350769269E-04
   1981.00    0.1357459389E-04
   1982.00    0.1364236417E-04
   1983.00    0.1371097417E-04
   1984.00    0.1378039537E-04
   1985.00    0.1385060006E-04
   1986.00    0.1392156133E-04
   1987.00    0.1399325307E-04
   1988.00    0.1406564987E-04
   1989.00    0.1413872707E-04
   1990.00    0.1421246073E-04
   1991.00    0.1428682754E-04
   1992.00    0.1436180490E-04
   1993.00    0.1443737081E-04
   1994.00    0.1451350391E-04
   1995.00    0.1459018344E-04
   1996.00    0.1466738922E-04
   1997.00    0.1474510163E-04
   1998.00    0.1482330160E-04
   1999.00    0.1490197059E-04
   2000.00    0.1498109057E-04
   2001.00    0.1506064404E-04
   2002.00    0.1514061395E-04
   2003.00    0.1522098374E-04
   2004.00    0.1530173731E-04
   2005.00    0.1538285898E-04
   2006.00    0.1546433354E-04
   2007.00    0.1554614617E-04
   2008.00    0.1562828246E-04
   2009.00    0.1571072842E-04
   2010.00    0.1579347041E-04
   2011.00    0.1587649518E-04
   2012.00    0.1595978985E-04
   2013.00    0.1604334187E-04
   2014.00    0.1612713907E-04
   2015.00    0.1621116957E-04
   2016.00    0.1629542183E-04
   2017.00    0.1637988465E-04
   2018.00    0.1646454710E-04
   2019.00    0.1654939856E-04
   2020.00    0.1663442871E-04
   2021.00    0.1671962749E-04
   2022.00    0.1680498513E-04
   2023.00    0.1689049212E-04
   2024.00    0.1697613922E-04
   2025.00    0.1706191743E-04
   2026.00    0.1714781800E-04
   2027.00    0.1723383240E-04
   2028.00    0.1731995237E-04
   2029.00    0.1740616984E-04
   2030.00    0.1749247698E-04
   2031.00    0.1757886616E-04
   2032.00    0.1766532999E-04
   2033.00    0.1775186124E-04
   2034.00    0.1783845290E-04
   2035.00    0.1792509815E-04
   2036.00    0.1801179036E-04
   2037.00    0.1809852308E-04
   2038.00    0.1818529003E-04
   2039.00    0.1827208512E-04
   2040.00    0.1835890242E-04
   2041.00    0.1844573614E-04
   2042.00    0.1853258070E-04
   2043.00    0.1861943063E-04
   2044.00    0.1870628064E-04
   2045.00    0.1879312558E-04
   2046.00    0.1887996042E-04
   2047.00    0.1896678032E-04
   2048.00    0.1905358054E-04
   2049.00    0.1914035648E-04
   2050.00    0.1922710366E-04
   2051.00    0.1931381777E-04
   2052.00    0.1940049456E-04
   2053.00    0.1948712996E-04
   2054.00    0.1957371998E-04
   2055.00    0.1966026075E-04
   2056.00    0.1974674852E-04
   2057.00    0.1983317964E-04
   2058.00    0.1991955059E-04
   2059.00    0.2000585792E-04
   2060.00    0.2009209829E-04
   2061.00    0.2017826848E-04
   2062.00    0.2026436535E-04
   2063.00    0.2035038584E-04
   2064.00    0.2043632700E-04
   2065.00    0.2052218596E-04
   2066.00    0.2060795996E-04
   2067.00    0.2069364628E-04
   2068.00    0.2077924233E-04
   2069.00    0.2086474556E-04
   2070.00    0.2095015353E-04
   2071.00    0.2103546386E-04
   2072.00    0.2112067425E-04
   2073.00    0.2120578246E-04
   2074.00    0.2129078636E-04
   2075.00    0.2137568384E-04
   2076.00    0.2146047288E-04
   2077.00    0.2154515154E-04
   2078.00    0.2162971793E-04
   2079.00    0.2171417021E-04
   2080.00    0.2179850663E-04
   2081.00    0.2188272548E-04
   2082.00    0.2196682511E-04
   2083.00    0.2205080395E-04
   2084.00    0.2213466045E-04
   2085.00    0.2221839313E-04
   2086.00    0.2230200058E-04
   2087.00    0.2238548142E-04
   2088.00    0.2246883432E-04
   2089.00    0.2255205802E-04
   2090.00    0.2263515129E-04
   2091.00    0.2271811295E-04
   2092.00    0.2280094188E-04
   2093.00    0.2288363698E-04
   2094.00    0.2296619721E-04
   2095.00    0.2304862157E-04
   2096.00    0.2313090911E-04
   2097.00    0.2321305891E-04
   2098.00    0.2329507008E-04
   2099.00    0.2337694180E-04
   2100.00    0.2345867326E-04
   2101.00    0.2354026370E-04
   2102.00    0.2362171238E-04
   2103.00    0.2370301863E-04
   2104.00    0.2378418178E-04
   2105.00    0.2386520120E-04
   2106.00    0.2394607631E-04
   2107.00    0.2402680655E-04
   2108.00    0.2410739138E-04
   2109.00    0.2418783032E-04
   2110.00    0.2426812290E-04
   2111.00    0.2434826867E-04
   2112.00    0.2442826724E-04
   2113.00    0.2450811821E-04
   2114.00    0.2458782123E-04
   2115.00    0.2466737598E-04
   2116.00    0.2474678215E-04
   2117.00    0.2482603946E-04
   2118.00    0.2490514767E-04
   2119.00    0.2498410655E-04
   2120.00    0.2506291589E-04
   2121.00    0.2514157550E-04
   2122.00    0.2522008524E-04
   2123.00    0.2529844496E-04
   2124.00    0.2537665455E-04
   2125.00    0.2545471392E-04
   2126.00    0.2553262298E-04
   2127.00    0.2561038168E-04
   2128.00    0.2568798999E-04
   2129.00    0.2576544789E-04
   2130.00    0.2584275538E-04
   2131.00    0.2591991249E-04
   2132.00    0.2599691925E-04
   2133.00    0.2607377572E-04
   2134.00    0.2615048196E-04
   2135.00    0.2622703807E-04
   2136.00    0.2630344415E-04
   2137.00    0.2637970032E-04
   2138.00    0.2645580671E-04
   2139.00    0.2653176348E-04
   2140.00    0.2660757079E-04
   2141.00    0.2668322881E-04
   2142.00    0.2675873774E-04
   2143.00    0.2683409779E-04
   2144.00    0.2690930917E-04
   2145.00    0.2698437212E-04
   2146.00    0.2705928688E-04
   2147.00    0.2713405371E-04
   2148.00    0.2720867287E-04
   2149.00    0.2728314465E-04
   2150.00    0.2735746933E-04
   2151.00    0.2743164723E-04
   2152.00    0.2750567865E-04
   2153.00    0.2757956391E-04
   2154.00    0.2765330336E-04
   2155.00    0.2772689733E-04
   2156.00    0.2780034619E-04
   2157.00    0.2787365028E-04
   2158.00    0.2794680999E-04
   2159.00    0.2801982570E-04
   2160.00    0.2809269780E-04
   2161.00    0.2816542669E-04
   2162.00    0.2823801277E-04
   2163.00    0.2831045647E-04
   2164.00    0.2838275820E-04
   2165.00    0.2845491840E-04
   2166.00    0.2852693751E-04
   2167.00    0.2859881597E-04
   2168.00    0.2867055424E-04
   2169.00    0.2874215278E-04
   2170.00    0.2881361206E-04
   2171.00    0.2888493255E-04
   2172.00    0.2895611473E-04
   2173.00    0.2902715909E-04
   2174.00    0.2909806613E-04
   2175.00    0.2916883634E-04
   2176.00    0.2923947023E-04
   2177.00    0.2930996831E-04
   2178.00    0.2938033109E-04
   2179.00    0.2945055911E-04
   2180.00    0.2952065288E-04
   2181.00    0.2959061294E-04
   2182.00    0.2966043983E-04
   2183.00    0.2973013408E-04
   2184.00    0.2979969625E-04
   2185.00    0.2986912689E-04
   2186.00    0.2993842656E-04
   2187.00    0.3000759580E-04
   2188.00    0.3007663520E-04
   2189.00    0.3014554531E-04
   2190.00    0.3021432672E-04
   2191.00    0.3028297999E-04
   2192.00    0.3035150571E-04
   2193.00    0.3041990446E-04
   2194.00    0.3048817683E-04
   2195.00    0.3055632342E-04
   2196.00    0.3062434481E-04
   2197.00    0.3069224160E-04
   2198.00    0.3076001440E-04
   2199.00    0.3082766381E-04
   2200.00    0.3089519043E-04
   2201.00    0.3096259488E-04
   2202.00    0.3102987777E-04
   2203.00    0.3109703971E-04
   2204.00    0.3116408133E-04
   2205.00    0.3123100324E-04
   2206.00    0.3129780608E-04
   2207.00    0.3136449045E-04
   2208.00    0.3143105700E-04
   2209.00    0.3149750635E-04
   2210.00    0.3156383914E-04
   2211.00    0.3163005600E-04
   2212.00    0.3169615756E-04
   2213.00    0.3176214448E-04
   2214.00    0.3182801738E-04
   2215.00    0.3189377691E-04
   2216.00    0.3195942372E-04
   2217.00    0.3202495846E-04
   2218.00    0.3209038176E-04
   2219.00    0.3215569429E-04
   2220.00    0.3222089669E-04
   2221.00    0.3228598961E-04
   2222.00    0.3235097372E-04
   2223.00    0.3241584966E-04
   2224.00    0.3248061810E-04
   2225.00    0.3254527969E-04
   2226.00    0.3260983510E-04
   2227.00    0.3267428498E-04
   2228.00    0.3273863000E-04
   2229.00    0.3280287082E-04
   2230.00    0.3286700811E-04
   2231.00    0.3293104253E-04
   2232.00    0.3299497475E-04
   2233.00    0.3305880545E-04
   2234.00    0.3312253528E-04
   2235.00    0.3318616492E-04
   2236.00    0.3324969504E-04
   2237.00    0.3331312631E-04
   2238.00    0.3337645941E-04
   2239.00    0.3343969501E-04
   2240.00    0.3350283378E-04
   2241.00    0.3356587640E-04
   2242.00    0.3362882354E-04
   2243.00    0.3369167589E-04
   2244.00    0.3375443411E-04
   2245.00    0.3381709890E-04
   2246.00    0.3387967091E-04
   2247.00    0.3394215085E-04
   2248.00    0.3400453938E-04
   2249.00    0.3406683718E-04
   2250.00    0.3412904494E-04
   2251.00    0.3419116334E-04
   2252.00    0.3425319306E-04
   2253.00    0.3431513479E-04
   2254.00    0.3437698919E-04
   2255.00    0.3443875697E-04
   2256.00    0.3450043880E-04
   2257.00    0.3456203537E-04
   2258.00    0.3462354735E-04
   2259.00    0.3468497545E-04
   2260.00    0.3474632033E-04
   2261.00    0.3480758270E-04
   2262.00    0.3486876322E-04
   2263.00    0.3492986260E-04
   2264.00    0.3499088151E-04
   2265.00    0.3505182064E-04
   2266.00    0.3511268068E-04
   2267.00    0.3517346232E-04
   2268.00    0.3523416625E-04
   2269.00    0.3529479314E-04
   2270.00    0.3535534370E-04
   2271.00    0.3541581860E-04
   2272.00    0.3547621855E-04
   2273.00    0.3553654422E-04
   2274.00    0.3559679630E-04
   2275.00    0.3565697549E-04
   2276.00    0.3571708247E-04
   2277.00    0.3577711793E-04
   2278.00    0.3583708257E-04
   2279.00    0.3589697707E-04
   2280.00    0.3595680212E-04
   2281.00    0.3601655841E-04
   2282.00    0.3607624664E-04
   2283.00    0.3613586749E-04
   2284.00    0.3619542165E-04
   2285.00    0.3625490982E-04
   2286.00    0.3631433268E-04
   2287.00    0.3637369093E-04
   2288.00    0.3643298526E-04
   2289.00    0.3649221636E-04
   2290.00    0.3655138492E-04
   2291.00    0.3661049163E-04
   2292.00    0.3666953719E-04
   2293.00    0.3672852228E-04
   2294.00    0.3678744761E-04
   2295.00    0.3684631385E-04
   2296.00    0.3690512171E-04
   2297.00    0.3696387187E-04
   2298.00    0.3702256504E-04
   2299.00    0.3708120189E-04
   2300.00    0.3713978314E-04
   2301.00    0.3719830946E-04
   2302.00    0.3725678155E-04
   2303.00    0.3731520011E-04
   2304.00    0.3737356583E-04
   2305.00    0.3743187941E-04
   2306.00    0.3749014154E-04
   2307.00    0.3754835290E-04
   2308.00    0.3760651421E-04
   2309.00    0.3766462615E-04
   2310.00    0.3772268942E-04
   2311.00    0.3778070471E-04
   2312.00    0.3783867273E-04
   2313.00    0.3789659416E-04
   2314.00    0.3795446970E-04
   2315.00    0.3801230005E-04
   2316.00    0.3807008590E-04
   2317.00    0.3812782796E-04
   2318.00    0.3818552692E-04
   2319.00    0.3824318348E-04
   2320.00    0.3830079833E-04
   2321.00    0.3835837218E-04
   2322.00    0.3841590572E-04
   2323.00    0.3847339966E-04
   2324.00    0.3853085468E-04
   2325.00    0.3858827150E-04
   2326.00    0.3864565081E-04
   2327.00    0.3870299332E-04
   2328.00    0.3876029971E-04
   2329.00    0.3881757071E-04
   2330.00    0.3887480700E-04
   2331.00    0.3893200929E-04
   2332.00    0.3898917828E-04
   2333.00    0.3904631468E-04
   2334.00    0.3910341918E-04
   2335.00    0.3916049251E-04
   2336.00    0.3921753535E-04
   2337.00    0.3927454841E-04
   2338.00    0.3933153241E-04
   2339.00    0.3938848804E-04
   2340.00    0.3944541602E-04
   2341.00    0.3950231704E-04
   2342.00    0.3955919183E-04
   2343.00    0.3961604109E-04
   2344.00    0.3967286552E-04
   2345.00    0.3972966585E-04
   2346.00    0.3978644277E-04
   2347.00    0.3984319701E-04
   2348.00    0.3989992926E-04
   2349.00    0.3995664026E-04
   2350.00    0.4001333070E-04
   2351.00    0.4007000132E-04
   2352.00    0.4012665281E-04
   2353.00    0.4018328589E-04
   2354.00    0.4023990130E-04
   2355.00    0.4029649973E-04
   2356.00    0.4035308191E-04
   2357.00    0.4040964857E-04
   2358.00    0.4046620041E-04
   2359.00    0.4052273817E-04
   2360.00    0.4057926256E-04
   2361.00    0.4063577430E-04
   2362.00    0.4069227413E-04
   2363.00    0.4074876277E-04
   2364.00    0.4080524094E-04
   2365.00    0.4086170937E-04
   2366.00    0.4091816878E-04
   2367.00    0.4097461992E-04
   2368.00    0.4103106351E-04
   2369.00    0.4108750028E-04
   2370.00    0.4114393096E-04
   2371.00    0.4120035629E-04
   2372.00    0.4125677700E-04
   2373.00    0.4131319383E-04
   2374.00    0.4136960752E-04
   2375.00    0.4142601881E-04
   2376.00    0.4148242844E-04
   2377.00    0.4153883714E-04
   2378.00    0.4159524567E-04
   2379.00    0.4165165476E-04
   2380.00    0.4170806516E-04
   2381.00    0.4176447762E-04
   2382.00    0.4182089289E-04
   2383.00    0.4187731172E-04
   2384.00    0.4193373486E-04
   2385.00    0.4199016306E-04
   2386.00    0.4204659708E-04
   2387.00    0.4210303767E-04
   2388.00    0.4215948559E-04
   2389.00    0.4221594160E-04
   2390.00    0.4227240647E-04
   2391.00    0.4232888095E-04
   2392.00    0.4238536581E-04
   2393.00    0.4244186182E-04
   2394.00    0.4249836974E-04
   2395.00    0.4255489035E-04
   2396.00    0.4261142441E-04
   2397.00    0.4266797270E-04
   2398.00    0.4272453600E-04
   2399.00    0.4278111508E-04
   2400.00    0.4283771072E-04
   2401.00    0.4289432370E-04
   2402.00    0.4295095481E-04
   2403.00    0.4300760483E-04
   2404.00    0.4306427456E-04
   2405.00    0.4312096477E-04
   2406.00    0.4317767626E-04
   2407.00    0.4323440983E-04
   2408.00    0.4329116627E-04
   2409.00    0.4334794638E-04
   2410.00    0.4340475096E-04
   2411.00    0.4346158082E-04
   2412.00    0.4351843675E-04
   2413.00    0.4357531957E-04
   2414.00    0.4363223009E-04
   2415.00    0.4368916911E-04
   2416.00    0.4374613746E-04
   2417.00    0.4380313596E-04
   2418.00    0.4386016541E-04
   2419.00    0.4391722666E-04
   2420.00    0.4397432051E-04
   2421.00    0.4403144780E-04
   2422.00    0.4408860936E-04
   2423.00    0.4414580603E-04
   2424.00    0.4420303863E-04
   2425.00    0.4426030802E-04
   2426.00    0.4431761503E-04
   2427.00    0.4437496050E-04
   2428.00    0.4443234529E-04
   2429.00    0.4448977024E-04
   2430.00    0.4454723621E-04
   2431.00    0.4460474406E-04
   2432.00    0.4466229464E-04
   2433.00    0.4471988882E-04
   2434.00    0.4477752747E-04
   2435.00    0.4483521146E-04
   2436.00    0.4489294166E-04
   2437.00    0.4495071894E-04
   2438.00    0.4500854418E-04
   2439.00    0.4506641828E-04
   2440.00    0.4512434211E-04
   2441.00    0.4518231656E-04
   2442.00    0.4524034254E-04
   2443.00    0.4529842093E-04
   2444.00    0.4535655263E-04
   2445.00    0.4541473856E-04
   2446.00    0.4547297962E-04
   2447.00    0.4553127673E-04
   2448.00    0.4558963079E-04
   2449.00    0.4564804273E-04
   2450.00    0.4570651347E-04
   2451.00    0.4576504395E-04
   2452.00    0.4582363508E-04
   2453.00    0.4588228782E-04
   2454.00    0.4594100309E-04
   2455.00    0.4599978185E-04
   2456.00    0.4605862503E-04
   2457.00    0.4611753361E-04
   2458.00    0.4617650852E-04
   2459.00    0.4623555074E-04
   2460.00    0.4629466123E-04
   2461.00    0.4635384097E-04
   2462.00    0.4641309091E-04
   2463.00    0.4647241206E-04
   2464.00    0.4653180538E-04
   2465.00    0.4659127188E-04
   2466.00    0.4665081254E-04
   2467.00    0.4671042837E-04
   2468.00    0.4677012037E-04
   2469.00    0.4682988954E-04
   2470.00    0.4688973691E-04
   2471.00    0.4694966348E-04
   2472.00    0.4700967030E-04
   2473.00    0.4706975838E-04
   2474.00    0.4712992876E-04
   2475.00    0.4719018248E-04
   2476.00    0.4725052059E-04
   2477.00    0.4731094414E-04
   2478.00    0.4737145419E-04
   2479.00    0.4743205180E-04
   2480.00    0.4749273803E-04
   2481.00    0.4755351397E-04
   2482.00    0.4761438069E-04
   2483.00    0.4767533928E-04
   2484.00    0.4773639083E-04
   2485.00    0.4779753644E-04
   2486.00    0.4785877722E-04
   2487.00    0.4792011427E-04
   2488.00    0.4798154871E-04
   2489.00    0.4804308166E-04
   2490.00    0.4810471427E-04
   2491.00    0.4816644765E-04
   2492.00    0.4822828295E-04
   2493.00    0.4829022133E-04
   2494.00    0.4835226395E-04
   2495.00    0.4841441195E-04
   2496.00    0.4847666652E-04
   2497.00    0.4853902883E-04
   2498.00    0.4860150007E-04
   2499.00    0.4866408143E-04
   2500.00    0.4872677410E-04
   2501.00    0.4878957929E-04
   2502.00    0.4885249823E-04
   2503.00    0.4891553212E-04
   2504.00    0.4897868220E-04
   2505.00    0.4904194971E-04
   2506.00    0.4910533588E-04
   2507.00    0.4916884198E-04
   2508.00    0.4923246926E-04
   2509.00    0.4929621899E-04
   2510.00    0.4936009245E-04
   2511.00    0.4942409092E-04
   2512.00    0.4948821570E-04
   2513.00    0.4955246809E-04
   2514.00    0.4961684939E-04
   2515.00    0.4968136094E-04
   2516.00    0.4974600406E-04
   2517.00    0.4981078008E-04
   2518.00    0.4987569036E-04
   2519.00    0.4994073624E-04
   2520.00    0.5000591910E-04
   2521.00    0.5007124030E-04
   2522.00    0.5013670123E-04
   2523.00    0.5020230329E-04
   2524.00    0.5026804787E-04
   2525.00    0.5033393639E-04
   2526.00    0.5039997027E-04
   2527.00    0.5046615095E-04
   2528.00    0.5053247987E-04
   2529.00    0.5059895848E-04
   2530.00    0.5066558824E-04
   2531.00    0.5073237064E-04
   2532.00    0.5079930715E-04
   2533.00    0.5086639927E-04
   2534.00    0.5093364851E-04
   2535.00    0.5100105638E-04
   2536.00    0.5106862442E-04
   2537.00    0.5113635417E-04
   2538.00    0.5120424717E-04
   2539.00    0.5127230500E-04
   2540.00    0.5134052922E-04
   2541.00    0.5140892143E-04
   2542.00    0.5147748322E-04
   2543.00    0.5154621621E-04
   2544.00    0.5161512202E-04
   2545.00    0.5168420228E-04
   2546.00    0.5175345866E-04
   2547.00    0.5182289280E-04
   2548.00    0.5189250638E-04
   2549.00    0.5196230110E-04
   2550.00    0.5203227865E-04
   2551.00    0.5210244075E-04
   2552.00    0.5217278913E-04
   2553.00    0.5224332552E-04
   2554.00    0.5231405170E-04
   2555.00    0.5238496942E-04
   2556.00    0.5245608047E-04
   2557.00    0.5252738666E-04
   2558.00    0.5259888979E-04
   2559.00    0.5267059170E-04
   2560.00    0.5274249423E-04
   2561.00    0.5281459923E-04
   2562.00    0.5288690859E-04
   2563.00    0.5295942420E-04
   2564.00    0.5303214795E-04
   2565.00    0.5310508178E-04
   2566.00    0.5317822761E-04
   2567.00    0.5325158742E-04
   2568.00    0.5332516316E-04
   2569.00    0.5339895682E-04
   2570.00    0.5347297042E-04
   2571.00    0.5354720597E-04
   2572.00    0.5362166551E-04
   2573.00    0.5369635110E-04
   2574.00    0.5377126482E-04
   2575.00    0.5384640876E-04
   2576.00    0.5392178504E-04
   2577.00    0.5399739577E-04
   2578.00    0.5407324312E-04
   2579.00    0.5414932926E-04
   2580.00    0.5422565636E-04
   2581.00    0.5430222664E-04
   2582.00    0.5437904232E-04
   2583.00    0.5445610566E-04
   2584.00    0.5453341892E-04
   2585.00    0.5461098439E-04
   2586.00    0.5468880437E-04
   2587.00    0.5476688120E-04
   2588.00    0.5484521724E-04
   2589.00    0.5492381484E-04
   2590.00    0.5500267642E-04
   2591.00    0.5508180438E-04
   2592.00    0.5516120117E-04
   2593.00    0.5524086925E-04
   2594.00    0.5532081111E-04
   2595.00    0.5540102925E-04
   2596.00    0.5548152621E-04
   2597.00    0.5556230455E-04
   2598.00    0.5564336685E-04
   2599.00    0.5572471571E-04
   2600.00    0.5580635377E-04
   2601.00    0.5588828368E-04
   2602.00    0.5597050813E-04
   2603.00    0.5605302982E-04
   2604.00    0.5613585149E-04
   2605.00    0.5621897590E-04
   2606.00    0.5630240583E-04
   2607.00    0.5638614412E-04
   2608.00    0.5647019359E-04
   2609.00    0.5655455712E-04
   2610.00    0.5663923762E-04
   2611.00    0.5672423800E-04
   2612.00    0.5680956123E-04
   2613.00    0.5689521031E-04
   2614.00    0.5698118823E-04
   2615.00    0.5706749807E-04
   2616.00    0.5715414288E-04
   2617.00    0.5724112580E-04
   2618.00    0.5732844995E-04
   2619.00    0.5741611852E-04
   2620.00    0.5750413472E-04
   2621.00    0.5759250177E-04
   2622.00    0.5768122297E-04
   2623.00    0.5777030162E-04
   2624.00    0.5785974105E-04
   2625.00    0.5794954466E-04
   2626.00    0.5803971584E-04
   2627.00    0.5813025806E-04
   2628.00    0.5822117480E-04
   2629.00    0.5831246958E-04
   2630.00    0.5840414597E-04
   2631.00    0.5849620755E-04
   2632.00    0.5858865797E-04
   2633.00    0.5868150090E-04
   2634.00    0.5877474007E-04
   2635.00    0.5886837922E-04
   2636.00    0.5896242215E-04
   2637.00    0.5905687270E-04
   2638.00    0.5915173475E-04
   2639.00    0.5924701223E-04
   2640.00    0.5934270909E-04
   2641.00    0.5943882935E-04
   2642.00    0.5953537706E-04
   2643.00    0.5963235632E-04
   2644.00    0.5972977127E-04
   2645.00    0.5982762611E-04
   2646.00    0.5992592507E-04
   2647.00    0.6002467244E-04
   2648.00    0.6012387256E-04
   2649.00    0.6022352979E-04
   2650.00    0.6032364859E-04
   2651.00    0.6042423342E-04
   2652.00    0.6052528883E-04
   2653.00    0.6062681940E-04
   2654.00    0.6072882977E-04
   2655.00    0.6083132464E-04
   2656.00    0.6093430874E-04
   2657.00    0.6103778689E-04
   2658.00    0.6114176394E-04
   2659.00    0.6124624480E-04
   2660.00    0.6135123446E-04
   2661.00    0.6145673793E-04
   2662.00    0.6156276032E-04
   2663.00    0.6166930677E-04
   2664.00    0.6177638250E-04
   2665.00    0.6188399277E-04
   2666.00    0.6199214294E-04
   2667.00    0.6210083839E-04
   2668.00    0.6221008460E-04
   2669.00    0.6231988710E-04
   2670.00    0.6243025148E-04
   2671.00    0.6254118343E-04
   2672.00    0.6265268867E-04
   2673.00    0.6276477301E-04
   2674.00    0.6287744233E-04
   2675.00    0.6299070259E-04
   2676.00    0.6310455980E-04
   2677.00    0.6321902007E-04
   2678.00    0.6333408957E-04
   2679.00    0.6344977455E-04
   2680.00    0.6356608135E-04
   2681.00    0.6368301637E-04
   2682.00    0.6380058612E-04
   2683.00    0.6391879715E-04
   2684.00    0.6403765612E-04
   2685.00    0.6415716978E-04
   2686.00    0.6427734496E-04
   2687.00    0.6439818857E-04
   2688.00    0.6451970761E-04
   2689.00    0.6464190917E-04
   2690.00    0.6476480045E-04
   2691.00    0.6488838872E-04
   2692.00    0.6501268135E-04
   2693.00    0.6513768582E-04
   2694.00    0.6526340969E-04
   2695.00    0.6538986062E-04
   2696.00    0.6551704640E-04
   2697.00    0.6564497488E-04
   2698.00    0.6577365405E-04
   2699.00    0.6590309199E-04
   2700.00    0.6603329688E-04
   2701.00    0.6616427703E-04
   2702.00    0.6629604085E-04
   2703.00    0.6642859686E-04
   2704.00    0.6656195370E-04
   2705.00    0.6669612013E-04
   2706.00    0.6683110504E-04
   2707.00    0.6696691740E-04
   2708.00    0.6710356636E-04
   2709.00    0.6724106115E-04
   2710.00    0.6737941116E-04
   2711.00    0.6751862588E-04
   2712.00    0.6765871496E-04
   2713.00    0.6779968816E-04
   2714.00    0.6794155539E-04
   2715.00    0.6808432671E-04
   2716.00    0.6822801231E-04
   2717.00    0.6837262250E-04
   2718.00    0.6851816779E-04
   2719.00    0.6866465879E-04
   2720.00    0.6881210628E-04
   2721.00    0.6896052121E-04
   2722.00    0.6910991467E-04
   2723.00    0.6926029790E-04
   2724.00    0.6941168233E-04
   2725.00    0.6956407953E-04
   2726.00    0.6971750126E-04
   2727.00    0.6987195944E-04
   2728.00    0.7002746617E-04
   2729.00    0.7018403372E-04
   2730.00    0.7034167455E-04
   2731.00    0.7050040131E-04
   2732.00    0.7066022681E-04
   2733.00    0.7082116409E-04
   2734.00    0.7098322636E-04
   2735.00    0.7114642704E-04
   2736.00    0.7131077974E-04
   2737.00    0.7147629829E-04
   2738.00    0.7164299672E-04
   2739.00    0.7181088928E-04
   2740.00    0.7197999043E-04
   2741.00    0.7215031488E-04
   2742.00    0.7232187752E-04
   2743.00    0.7249469351E-04
   2744.00    0.7266877822E-04
   2745.00    0.7284414728E-04
   2746.00    0.7302081654E-04
   2747.00    0.7319880213E-04
   2748.00    0.7337812041E-04
   2749.00    0.7355878800E-04
   2750.00    0.7374082180E-04
   2751.00    0.7392423895E-04
   2752.00    0.7410905690E-04
   2753.00    0.7429529335E-04
   2754.00    0.7448296629E-04
   2755.00    0.7467209402E-04
   2756.00    0.7486269512E-04
   2757.00    0.7505478847E-04
   2758.00    0.7524839326E-04
   2759.00    0.7544352901E-04
   2760.00    0.7564021554E-04
   2761.00    0.7583847300E-04
   2762.00    0.7603832189E-04
   2763.00    0.7623978304E-04
   2764.00    0.7644287762E-04
   2765.00    0.7664762716E-04
   2766.00    0.7685405357E-04
   2767.00    0.7706217910E-04
   2768.00    0.7727202640E-04
   2769.00    0.7748361849E-04
   2770.00    0.7769697879E-04
   2771.00    0.7791213113E-04
   2772.00    0.7812909973E-04
   2773.00    0.7834790925E-04
   2774.00    0.7856858475E-04
   2775.00    0.7879115176E-04
   2776.00    0.7901563624E-04
   2777.00    0.7924206458E-04
   2778.00    0.7947046369E-04
   2779.00    0.7970086089E-04
   2780.00    0.7993328405E-04
   2781.00    0.8016776149E-04
   2782.00    0.8040432206E-04
   2783.00    0.8064299511E-04
   2784.00    0.8088381053E-04
   2785.00    0.8112679876E-04
   2786.00    0.8137199077E-04
   2787.00    0.8161941812E-04
   2788.00    0.8186911294E-04
   2789.00    0.8212110793E-04
   2790.00    0.8237543642E-04
   2791.00    0.8263213234E-04
   2792.00    0.8289123028E-04
   2793.00    0.8315276545E-04
   2794.00    0.8341677372E-04
   2795.00    0.8368329165E-04
   2796.00    0.8395235649E-04
   2797.00    0.8422400618E-04
   2798.00    0.8449827942E-04
   2799.00    0.8477521562E-04
   2800.00    0.8505485495E-04
   2801.00    0.8533723838E-04
   2802.00    0.8562240766E-04
   2803.00    0.8591040534E-04
   2804.00    0.8620127482E-04
   2805.00    0.8649506037E-04
   2806.00    0.8679180709E-04
   2807.00    0.8709156101E-04
   2808.00    0.8739436907E-04
   2809.00    0.8770027914E-04
   2810.00    0.8800934005E-04
   2811.00    0.8832160164E-04
   2812.00    0.8863711472E-04
   2813.00    0.8895593117E-04
   2814.00    0.8927810391E-04
   2815.00    0.8960368697E-04
   2816.00    0.8993273546E-04
   2817.00    0.9026530566E-04
   2818.00    0.9060145501E-04
   2819.00    0.9094124216E-04
   2820.00    0.9128472699E-04
   2821.00    0.9163197063E-04
   2822.00    0.9198303552E-04
   2823.00    0.9233798544E-04
   2824.00    0.9269688551E-04
   2825.00    0.9305980226E-04
   2826.00    0.9342680367E-04
   2827.00    0.9379795917E-04
   2828.00    0.9417333974E-04
   2829.00    0.9455301788E-04
   2830.00    0.9493706771E-04
   2831.00    0.9532556498E-04
   2832.00    0.9571858711E-04
   2833.00    0.9611621328E-04
   2834.00    0.9651852442E-04
   2835.00    0.9692560331E-04
   2836.00    0.9733753458E-04
   2837.00    0.9775440481E-04
   2838.00    0.9817630254E-04
   2839.00    0.9860331837E-04
   2840.00    0.9903554498E-04
   2841.00    0.9947307721E-04
   2842.00    0.9991601211E-04
   2843.00    0.1003644490E-03
   2844.00    0.1008184896E-03
   2845.00    0.1012782379E-03
   2846.00    0.1017438006E-03
   2847.00    0.1022152867E-03
   2848.00    0.1026928080E-03
   2849.00    0.1031764790E-03
   2850.00    0.1036664169E-03
   2851.00    0.1041627418E-03
   2852.00    0.1046655767E-03
   2853.00    0.1051750478E-03
   2854.00    0.1056912844E-03
   2855.00    0.1062144188E-03
   2856.00    0.1067445870E-03
   2857.00    0.1072819280E-03
   2858.00    0.1078265849E-03
   2859.00    0.1083787038E-03
   2860.00    0.1089384351E-03
   2861.00    0.1095059328E-03
   2862.00    0.1100813550E-03
   2863.00    0.1106648638E-03
   2864.00    0.1112566258E-03
   2865.00    0.1118568119E-03
   2866.00    0.1124655973E-03
   2867.00    0.1130831623E-03
   2868.00    0.1137096918E-03
   2869.00    0.1143453757E-03
   2870.00    0.1149904091E-03
   2871.00    0.1156449926E-03
   2872.00    0.1163093321E-03
   2873.00    0.1169836392E-03
   2874.00    0.1176681316E-03
   2875.00    0.1183630330E-03
   2876.00    0.1190685734E-03
   2877.00    0.1197849892E-03
   2878.00    0.1205125239E-03
   2879.00    0.1212514276E-03
   2880.00    0.1220019580E-03
   2881.00    0.1227643799E-03
   2882.00    0.1235389662E-03
   2883.00    0.1243259978E-03
   2884.00    0.1251257637E-03
   2885.00    0.1259385618E-03
   2886.00    0.1267646988E-03
   2887.00    0.1276044907E-03
   2888.00    0.1284582632E-03
   2889.00    0.1293263518E-03
   2890.00    0.1302091027E-03
   2891.00    0.1311068724E-03
   2892.00    0.1320200290E-03
   2893.00    0.1329489519E-03
   2894.00    0.1338940327E-03
   2895.00    0.1348556753E-03
   2896.00    0.1358342967E-03
   2897.00    0.1368303276E-03
   2898.00    0.1378442125E-03
   2899.00    0.1388764106E-03
   2900.00    0.1399273962E-03
   2901.00    0.1409976596E-03
   2902.00    0.1420877073E-03
   2903.00    0.1431980631E-03
   2904.00    0.1443292687E-03
   2905.00    0.1454818842E-03
   2906.00    0.1466564894E-03
   2907.00    0.1478536838E-03
   2908.00    0.1490740885E-03
   2909.00    0.1503183461E-03
   2910.00    0.1515871225E-03
   2911.00    0.1528811073E-03
   2912.00    0.1542010152E-03
   2913.00    0.1555475869E-03
   2914.00    0.1569215904E-03
   2915.00    0.1583238223E-03
   2916.00    0.1597551089E-03
   2917.00    0.1612163076E-03
   2918.00    0.1627083085E-03
   2919.00    0.1642320360E-03
   2920.00    0.1657884498E-03
   2921.00    0.1673785476E-03
   2922.00    0.1690033659E-03
   2923.00    0.1706639826E-03
   2924.00    0.1723615185E-03
   2925.00    0.1740971400E-03
   2926.00    0.1758720607E-03
   2927.00    0.1776875443E-03
   2928.00    0.1795449068E-03
   2929.00    0.1814455195E-03
   2930.00    0.1833908113E-03
   2931.00    0.1853822724E-03
   2932.00    0.1874214569E-03
   2933.00    0.1895099865E-03
   2934.00    0.1916495542E-03
   2935.00    0.1938419279E-03
   2936.00    0.1960889545E-03
   2937.00    0.1983925644E-03
   2938.00    0.2007547763E-03
   2939.00    0.2031777017E-03
   2940.00    0.2056635505E-03
   2941.00    0.2082146366E-03
   2942.00    0.2108333838E-03
   2943.00    0.2135223325E-03
   2944.00    0.2162841464E-03
   2945.00    0.2191216197E-03
   2946.00    0.2220376856E-03
   2947.00    0.2250354240E-03
   2948.00    0.2281180712E-03
   2949.00    0.2312890295E-03
   2950.00    0.2345518776E-03
   2951.00    0.2379103820E-03
   2952.00    0.2413685089E-03
   2953.00    0.2449304379E-03
   2954.00    0.2486005752E-03
   2955.00    0.2523835697E-03
   2956.00    0.2562843290E-03
   2957.00    0.2603080373E-03
   2958.00    0.2644601746E-03
   2959.00    0.2687465375E-03
   2960.00    0.2731732620E-03
   2961.00    0.2777468478E-03
   2962.00    0.2824741852E-03
   2963.00    0.2873625837E-03
   2964.00    0.2924198040E-03
   2965.00    0.2976540922E-03
   2966.00    0.3030742173E-03
   2967.00    0.3086895121E-03
   2968.00    0.3145099183E-03
   2969.00    0.3205460355E-03
   2970.00    0.3268091752E-03
   2971.00    0.3333114196E-03
   2972.00    0.3400656869E-03
   2973.00    0.3470858031E-03
   2974.00    0.3543865803E-03
   2975.00    0.3619839046E-03
   2976.00    0.3698948319E-03
   2977.00    0.3781376951E-03
   2978.00    0.3867322223E-03
   2979.00    0.3956996684E-03
   2980.00    0.4050629617E-03
   2981.00    0.4148468675E-03
   2982.00    0.4250781701E-03
   2983.00    0.4357858772E-03
   2984.00    0.4470014495E-03
   2985.00    0.4587590573E-03
   2986.00    0.4710958709E-03
   2987.00    0.4840523874E-03
   2988.00    0.4976728007E-03
   2989.00    0.5120054212E-03
   2990.00    0.5271031518E-03
   2991.00    0.5430240314E-03
   2992.00    0.5598318548E-03
   2993.00    0.5775968835E-03
   2994.00    0.5963966612E-03
   2995.00    0.6163169542E-03
   2996.00    0.6374528375E-03
   2997.00    0.6599099544E-03
   2998.00    0.6838059811E-03
   2999.00    0.7092723369E-03
   3000.00    0.7364561875E-03
   3001.00    0.7655228013E-03
   3002.00    0.7966583324E-03
   3003.00    0.8300731202E-03
   3004.00    0.8660056208E-03
   3005.00    0.9047271122E-03
   3006.00    0.9465473539E-03
   3007.00    0.9918214307E-03
   3008.00    0.1040958073E-02
   3009.00    0.1094429833E-02
   3010.00    0.1152785610E-02
   3011.00    0.1216666165E-02
   3012.00    0.1286823475E-02
   3013.00    0.1364145061E-02
   3014.00    0.1449684812E-02
   3015.00    0.1544702373E-02
   3016.00    0.1650713930E-02
   3017.00    0.1769558350E-02
   3018.00    0.1903484216E-02
   3019.00    0.2055265653E-02
   3020.00    0.2228358355E-02
   3021.00    0.2427112521E-02
   3022.00    0.2657067540E-02
   3023.00    0.2925365970E-02
   3024.00    0.3241344429E-02
   3025.00    0.3617391266E-02
   3026.00    0.4070213185E-02
   3027.00    0.4622738100E-02
   3028.00    0.5307018558E-02
   3029.00    0.6168710086E-02
   3030.00    0.7273973616E-02
   3031.00    0.8719801860E-02
   3032.00    0.1064779653E-01
   3033.00    0.1325504848E-01
   3034.00    0.1676788602E-01
   3035.00    0.2124835231E-01
   3036.00    0.2592309750E-01
   3037.00    0.2821503447E-01
   3038.00    0.2554317290E-01
   3039.00    0.2000434311E-01
   3040.00    0.1562394709E-01
   3041.00    0.1363131686E-01
   3042.00    0.1375207748E-01
   3043.00    0.1595816140E-01
   3044.00    0.2001838390E-01
   3045.00    0.2365089476E-01
   3046.00    0.2342841339E-01
   3047.00    0.1959725362E-01
   3048.00    0.1502158604E-01
   3049.00    0.1126015584E-01
   3050.00    0.8504457070E-02
   3051.00    0.6534383237E-02
   3052.00    0.5114399917E-02
   3053.00    0.4071488001E-02
   3054.00    0.3289196932E-02
   3055.00    0.2690359111E-02
   3056.00    0.2223378567E-02
   3057.00    0.1853142563E-02
   3058.00    0.1555267925E-02
   3059.00    0.1312476640E-02
   3060.00    0.1112288598E-02
   3061.00    0.9455282562E-03
   3062.00    0.8053399719E-03
   3063.00    0.6865265041E-03
   3064.00    0.5850966730E-03
   3065.00    0.4979510711E-03
   3066.00    0.4226608127E-03
   3067.00    0.3573105414E-03
   3068.00    0.3003873637E-03
   3069.00    0.2507045730E-03
   3070.00    0.2073547336E-03
   3071.00    0.1696924096E-03
   3072.00    0.1373538349E-03
   3073.00    0.1103276361E-03
   3074.00    0.8907744142E-04
   3075.00    0.7459407663E-04
   3076.00    0.6791139512E-04
   3077.00    0.6880822838E-04
   3078.00    0.7528651002E-04
   3079.00    0.8489981600E-04
   3080.00    0.9588915261E-04
   3081.00    0.1072483298E-03
   3082.00    0.1184438083E-03
   3083.00    0.1291937123E-03
   3084.00    0.1393423389E-03
   3085.00    0.1487935915E-03
   3086.00    0.1574759096E-03
   3087.00    0.1653256306E-03
   3088.00    0.1722867249E-03
   3089.00    0.1783375227E-03
   3090.00    0.1835800669E-03
   3091.00    0.1884882945E-03
   3092.00    0.1945536758E-03
   3093.00    0.2058074773E-03
   3094.00    0.2315249106E-03
   3095.00    0.2875207482E-03
   3096.00    0.3870495495E-03
   3097.00    0.5153032742E-03
   3098.00    0.6196210317E-03
   3099.00    0.6736404699E-03
   3100.00    0.7065674902E-03
   3101.00    0.7441060127E-03
   3102.00    0.7932159177E-03
   3103.00    0.8511513438E-03
   3104.00    0.9024023310E-03
   3105.00    0.9089276513E-03
   3106.00    0.8279972790E-03
   3107.00    0.6741544944E-03
   3108.00    0.5098921831E-03
   3109.00    0.3738797929E-03
   3110.00    0.2724261920E-03
   3111.00    0.2006661943E-03
   3112.00    0.1534253407E-03
   3113.00    0.1272213319E-03
   3114.00    0.1184477613E-03
   3115.00    0.1217620824E-03
   3116.00    0.1316719233E-03
   3117.00    0.1444631087E-03
   3118.00    0.1581946671E-03
   3119.00    0.1719808214E-03
   3120.00    0.1854598408E-03
   3121.00    0.1985151150E-03
   3122.00    0.2111418261E-03
   3123.00    0.2233844253E-03
   3124.00    0.2353073246E-03
   3125.00    0.2469812494E-03
   3126.00    0.2584770902E-03
   3127.00    0.2698633957E-03
   3128.00    0.2812056428E-03
   3129.00    0.2925663710E-03
   3130.00    0.3040057272E-03
   3131.00    0.3155821976E-03
   3132.00    0.3273534229E-03
   3133.00    0.3393770496E-03
   3134.00    0.3517116070E-03
   3135.00    0.3644174130E-03
   3136.00    0.3775575268E-03
   3137.00    0.3911987693E-03
   3138.00    0.4054128426E-03
   3139.00    0.4202775830E-03
   3140.00    0.4358783926E-03
   3141.00    0.4523099022E-03
   3142.00    0.4696779342E-03
   3143.00    0.4881018496E-03
   3144.00    0.5077173889E-03
   3145.00    0.5286801481E-03
   3146.00    0.5511698772E-03
   3147.00    0.5753958462E-03
   3148.00    0.6016036128E-03
   3149.00    0.6300836405E-03
   3150.00    0.6611823867E-03
   3151.00    0.6953167193E-03
   3152.00    0.7329928708E-03
   3153.00    0.7748316521E-03
   3154.00    0.8216024086E-03
   3155.00    0.8742693574E-03
   3156.00    0.9340556936E-03
   3157.00    0.1002533573E-02
   3158.00    0.1081752293E-02
   3159.00    0.1174423565E-02
   3160.00    0.1284192897E-02
   3161.00    0.1416041000E-02
   3162.00    0.1576878234E-02
   3163.00    0.1776408571E-02
   3164.00    0.2028298396E-02
   3165.00    0.2351394456E-02
   3166.00    0.2769482367E-02
   3167.00    0.3303618882E-02
   3168.00    0.3939263011E-02
   3169.00    0.4545011606E-02
   3170.00    0.4835237111E-02
   3171.00    0.4655747255E-02
   3172.00    0.4226351007E-02
   3173.00    0.3814064243E-02
   3174.00    0.3533095368E-02
   3175.00    0.3417363350E-02
   3176.00    0.3492909772E-02
   3177.00    0.3812114597E-02
   3178.00    0.4475137996E-02
   3179.00    0.5641616078E-02
   3180.00    0.7478440731E-02
   3181.00    0.9852560395E-02
   3182.00    0.1169786319E-01
   3183.00    0.1151063112E-01
   3184.00    0.9569746119E-02
   3185.00    0.7345141617E-02
   3186.00    0.5572791213E-02
   3187.00    0.4305610933E-02
   3188.00    0.3414858437E-02
   3189.00    0.2778783869E-02
   3190.00    0.2312576958E-02
   3191.00    0.1961185170E-02
   3192.00    0.1689135267E-02
   3193.00    0.1473238691E-02
   3194.00    0.1298000489E-02
   3195.00    0.1152814865E-02
   3196.00    0.1030247319E-02
   3197.00    0.9249663626E-03
   3198.00    0.8330662196E-03
   3199.00    0.7516289382E-03
   3200.00    0.6784366631E-03
   3201.00    0.6117812268E-03
   3202.00    0.5503403293E-03
   3203.00    0.4931042740E-03
   3204.00    0.4393493464E-03
   3205.00    0.3886680725E-03
   3206.00    0.3410891053E-03
   3207.00    0.2973586251E-03
   3208.00    0.2595041830E-03
   3209.00    0.2317292551E-03
   3210.00    0.2209381871E-03
   3211.00    0.2346375899E-03
   3212.00    0.2763929386E-03
   3213.00    0.3455500187E-03
   3214.00    0.4416929424E-03
   3215.00    0.5677171320E-03
   3216.00    0.7310040806E-03
   3217.00    0.9447129998E-03
   3218.00    0.1230232930E-02
   3219.00    0.1621053761E-02
   3220.00    0.2166497312E-02
   3221.00    0.2925312414E-02
   3222.00    0.3909639267E-02
   3223.00    0.4899811846E-02
   3224.00    0.5280066095E-02
   3225.00    0.4665142665E-02
   3226.00    0.3615449740E-02
   3227.00    0.2782024394E-02
   3228.00    0.2323562968E-02
   3229.00    0.2161960991E-02
   3230.00    0.2197352780E-02
   3231.00    0.2357118262E-02
   3232.00    0.2566961189E-02
   3233.00    0.2671270977E-02
   3234.00    0.2347604380E-02
   3235.00    0.1457972107E-02
   3236.00    0.1691473940E-02
   3237.00    0.3066129198E-02
   3238.00    0.4263928876E-02
   3239.00    0.5324884626E-02
   3240.00    0.6464054762E-02
   3241.00    0.7873006280E-02
   3242.00    0.9750163956E-02
   3243.00    0.1235870305E-01
   3244.00    0.1609702258E-01
   3245.00    0.2158946528E-01
   3246.00    0.2975926006E-01
   3247.00    0.4160727766E-01
   3248.00    0.5667398279E-01
   3249.00    0.6923182496E-01
   3250.00    0.6942358677E-01
   3251.00    0.5720872483E-01
   3252.00    0.4230851398E-01
   3253.00    0.3044306002E-01
   3254.00    0.2217306844E-01
   3255.00    0.1656158721E-01
   3256.00    0.1270826462E-01
   3257.00    0.9996916247E-02
   3258.00    0.8037207340E-02
   3259.00    0.6583965632E-02
   3260.00    0.5480895108E-02
   3261.00    0.4626067568E-02
   3262.00    0.3951353517E-02
   3263.00    0.3410104166E-02
   3264.00    0.2969648106E-02
   3265.00    0.2606621606E-02
   3266.00    0.2303996070E-02
   3267.00    0.2049143471E-02
   3268.00    0.1832550458E-02
   3269.00    0.1646946584E-02
   3270.00    0.1486702325E-02
   3271.00    0.1347406262E-02
   3272.00    0.1225563383E-02
   3273.00    0.1118376668E-02
   3274.00    0.1023586800E-02
   3275.00    0.9393530762E-03
   3276.00    0.8641638789E-03
   3277.00    0.7967686545E-03
   3278.00    0.7361257008E-03
   3279.00    0.6813617179E-03
   3280.00    0.6317401939E-03
   3281.00    0.5866364928E-03
   3282.00    0.5455180724E-03
   3283.00    0.5079286609E-03
   3284.00    0.4734755143E-03
   3285.00    0.4418190883E-03
   3286.00    0.4126646166E-03
   3287.00    0.3857552038E-03
   3288.00    0.3608661305E-03
   3289.00    0.3378001322E-03
   3290.00    0.3163834683E-03
   3291.00    0.2964626323E-03
   3292.00    0.2779015866E-03
   3293.00    0.2605794292E-03
   3294.00    0.2443884165E-03
   3295.00    0.2292322814E-03
   3296.00    0.2150247972E-03
   3297.00    0.2016885482E-03
   3298.00    0.1891538722E-03
   3299.00    0.1773579494E-03
   3300.00    0.1662440143E-03
   3301.00    0.1557606728E-03
   3302.00    0.1458613080E-03
   3303.00    0.1365035628E-03
   3304.00    0.1276488882E-03
   3305.00    0.1192621484E-03
   3306.00    0.1113112748E-03
   3307.00    0.1037669627E-03
   3308.00    0.9660240656E-04
   3309.00    0.8979306823E-04
   3310.00    0.8331647532E-04
   3311.00    0.7715204786E-04
   3312.00    0.7128095114E-04
   3313.00    0.6568597480E-04
   3314.00    0.6035143910E-04
   3315.00    0.5526313171E-04
   3316.00    0.5040828118E-04
   3317.00    0.4577557791E-04
   3318.00    0.4135526188E-04
   3319.00    0.3713930941E-04
   3320.00    0.3312177579E-04
   3321.00    0.2929939524E-04
   3322.00    0.2567262396E-04
   3323.00    0.2224747693E-04
   3324.00    0.1903883157E-04
   3325.00    0.1607648304E-04
   3326.00    0.1341619344E-04
   3327.00    0.1115824609E-04
   3328.00    0.9468707966E-05
   3329.00    0.8564057442E-05
   3330.00    0.8583316316E-05
   3331.00    0.9430822848E-05
   3332.00    0.1084457385E-04
   3333.00    0.1258081225E-04
   3334.00    0.1448108500E-04
   3335.00    0.1645436774E-04
   3336.00    0.1844954282E-04
   3337.00    0.2043756308E-04
   3338.00    0.2240164830E-04
   3339.00    0.2433203164E-04
   3340.00    0.2622309113E-04
   3341.00    0.2807173156E-04
   3342.00    0.2987643927E-04
   3343.00    0.3163671103E-04
   3344.00    0.3335269831E-04
   3345.00    0.3502497982E-04
   3346.00    0.3665441246E-04
   3347.00    0.3824203190E-04
   3348.00    0.3978898504E-04
   3349.00    0.4129648365E-04
   3350.00    0.4276577211E-04
   3351.00    0.4419810496E-04
   3352.00    0.4559473119E-04
   3353.00    0.4695688321E-04
   3354.00    0.4828576932E-04
   3355.00    0.4958256855E-04
   3356.00    0.5084842725E-04
   3357.00    0.5208445700E-04
   3358.00    0.5329173343E-04
   3359.00    0.5447129573E-04
   3360.00    0.5562414667E-04
   3361.00    0.5675125298E-04
   3362.00    0.5785354597E-04
   3363.00    0.5893192236E-04
   3364.00    0.5998724523E-04
   3365.00    0.6102034504E-04
   3366.00    0.6203202074E-04
   3367.00    0.6302304086E-04
   3368.00    0.6399414466E-04
   3369.00    0.6494604322E-04
   3370.00    0.6587942056E-04
   3371.00    0.6679493474E-04
   3372.00    0.6769321889E-04
   3373.00    0.6857488226E-04
   3374.00    0.6944051121E-04
   3375.00    0.7029067016E-04
   3376.00    0.7112590251E-04
   3377.00    0.7194673155E-04
   3378.00    0.7275366131E-04
   3379.00    0.7354717735E-04
   3380.00    0.7432774759E-04
   3381.00    0.7509582301E-04
   3382.00    0.7585183839E-04
   3383.00    0.7659621302E-04
   3384.00    0.7732935132E-04
   3385.00    0.7805164347E-04
   3386.00    0.7876346604E-04
   3387.00    0.7946518250E-04
   3388.00    0.8015714386E-04
   3389.00    0.8083968908E-04
   3390.00    0.8151314566E-04
   3391.00    0.8217783008E-04
   3392.00    0.8283404822E-04
   3393.00    0.8348209587E-04
   3394.00    0.8412225906E-04
   3395.00    0.8475481454E-04
   3396.00    0.8538003007E-04
   3397.00    0.8599816485E-04
   3398.00    0.8660946985E-04
   3399.00    0.8721418812E-04
   3400.00    0.8781255510E-04
   3401.00    0.8840479898E-04
   3402.00    0.8899114090E-04
   3403.00    0.8957179532E-04
   3404.00    0.9014697020E-04
   3405.00    0.9071686731E-04
   3406.00    0.9128168245E-04
   3407.00    0.9184160569E-04
   3408.00    0.9239682158E-04
   3409.00    0.9294750937E-04
   3410.00    0.9349384323E-04
   3411.00    0.9403599240E-04
   3412.00    0.9457412143E-04
   3413.00    0.9510839033E-04
   3414.00    0.9563895476E-04
   3415.00    0.9616596616E-04
   3416.00    0.9668957196E-04
   3417.00    0.9720991569E-04
   3418.00    0.9772713714E-04
   3419.00    0.9824137252E-04
   3420.00    0.9875275457E-04
   3421.00    0.9926141268E-04
   3422.00    0.9976747305E-04
   3423.00    0.1002710588E-03
   3424.00    0.1007722901E-03
   3425.00    0.1012712841E-03
   3426.00    0.1017681555E-03
   3427.00    0.1022630160E-03
   3428.00    0.1027559751E-03
   3429.00    0.1032471395E-03
   3430.00    0.1037366137E-03
   3431.00    0.1042245001E-03
   3432.00    0.1047108985E-03
   3433.00    0.1051959070E-03
   3434.00    0.1056796213E-03
   3435.00    0.1061621355E-03
   3436.00    0.1066435417E-03
   3437.00    0.1071239299E-03
   3438.00    0.1076033889E-03
   3439.00    0.1080820053E-03
   3440.00    0.1085598644E-03
   3441.00    0.1090370500E-03
   3442.00    0.1095136442E-03
   3443.00    0.1099897278E-03
   3444.00    0.1104653801E-03
   3445.00    0.1109406794E-03
   3446.00    0.1114157023E-03
   3447.00    0.1118905246E-03
   3448.00    0.1123652206E-03
   3449.00    0.1128398637E-03
   3450.00    0.1133145261E-03
   3451.00    0.1137892792E-03
   3452.00    0.1142641931E-03
   3453.00    0.1147393372E-03
   3454.00    0.1152147799E-03
   3455.00    0.1156905889E-03
   3456.00    0.1161668309E-03
   3457.00    0.1166435718E-03
   3458.00    0.1171208770E-03
   3459.00    0.1175988109E-03
   3460.00    0.1180774375E-03
   3461.00    0.1185568201E-03
   3462.00    0.1190370212E-03
   3463.00    0.1195181029E-03
   3464.00    0.1200001269E-03
   3465.00    0.1204831541E-03
   3466.00    0.1209672451E-03
   3467.00    0.1214524600E-03
   3468.00    0.1219388587E-03
   3469.00    0.1224265003E-03
   3470.00    0.1229154439E-03
   3471.00    0.1234057481E-03
   3472.00    0.1238974713E-03
   3473.00    0.1243906715E-03
   3474.00    0.1248854065E-03
   3475.00    0.1253817340E-03
   3476.00    0.1258797113E-03
   3477.00    0.1263793957E-03
   3478.00    0.1268808442E-03
   3479.00    0.1273841137E-03
   3480.00    0.1278892612E-03
   3481.00    0.1283963433E-03
   3482.00    0.1289054168E-03
   3483.00    0.1294165384E-03
   3484.00    0.1299297647E-03
   3485.00    0.1304451524E-03
   3486.00    0.1309627583E-03
   3487.00    0.1314826390E-03
   3488.00    0.1320048515E-03
   3489.00    0.1325294528E-03
   3490.00    0.1330564998E-03
   3491.00    0.1335860499E-03
   3492.00    0.1341181603E-03
   3493.00    0.1346528888E-03
   3494.00    0.1351902930E-03
   3495.00    0.1357304311E-03
   3496.00    0.1362733612E-03
   3497.00    0.1368191419E-03
   3498.00    0.1373678321E-03
   3499.00    0.1379194908E-03
   3500.00    0.1384741777E-03
   3501.00    0.1390319525E-03
   3502.00    0.1395928754E-03
   3503.00    0.1401570071E-03
   3504.00    0.1407244087E-03
   3505.00    0.1412951416E-03
   3506.00    0.1418692677E-03
   3507.00    0.1424468497E-03
   3508.00    0.1430279503E-03
   3509.00    0.1436126331E-03
   3510.00    0.1442009622E-03
   3511.00    0.1447930021E-03
   3512.00    0.1453888182E-03
   3513.00    0.1459884762E-03
   3514.00    0.1465920426E-03
   3515.00    0.1471995847E-03
   3516.00    0.1478111703E-03
   3517.00    0.1484268680E-03
   3518.00    0.1490467472E-03
   3519.00    0.1496708778E-03
   3520.00    0.1502993310E-03
   3521.00    0.1509321782E-03
   3522.00    0.1515694923E-03
   3523.00    0.1522113465E-03
   3524.00    0.1528578153E-03
   3525.00    0.1535089739E-03
   3526.00    0.1541648986E-03
   3527.00    0.1548256666E-03
   3528.00    0.1554913561E-03
   3529.00    0.1561620465E-03
   3530.00    0.1568378180E-03
   3531.00    0.1575187522E-03
   3532.00    0.1582049317E-03
   3533.00    0.1588964402E-03
   3534.00    0.1595933627E-03
   3535.00    0.1602957855E-03
   3536.00    0.1610037960E-03
   3537.00    0.1617174831E-03
   3538.00    0.1624369368E-03
   3539.00    0.1631622488E-03
   3540.00    0.1638935118E-03
   3541.00    0.1646308204E-03
   3542.00    0.1653742704E-03
   3543.00    0.1661239592E-03
   3544.00    0.1668799857E-03
   3545.00    0.1676424508E-03
   3546.00    0.1684114564E-03
   3547.00    0.1691871068E-03
   3548.00    0.1699695075E-03
   3549.00    0.1707587662E-03
   3550.00    0.1715549922E-03
   3551.00    0.1723582967E-03
   3552.00    0.1731687929E-03
   3553.00    0.1739865962E-03
   3554.00    0.1748118236E-03
   3555.00    0.1756445947E-03
   3556.00    0.1764850308E-03
   3557.00    0.1773332559E-03
   3558.00    0.1781893958E-03
   3559.00    0.1790535790E-03
   3560.00    0.1799259362E-03
   3561.00    0.1808066006E-03
   3562.00    0.1816957081E-03
   3563.00    0.1825933969E-03
   3564.00    0.1834998082E-03
   3565.00    0.1844150856E-03
   3566.00    0.1853393759E-03
   3567.00    0.1862728286E-03
   3568.00    0.1872155960E-03
   3569.00    0.1881678338E-03
   3570.00    0.1891297007E-03
   3571.00    0.1901013584E-03
   3572.00    0.1910829724E-03
   3573.00    0.1920747112E-03
   3574.00    0.1930767470E-03
   3575.00    0.1940892556E-03
   3576.00    0.1951124163E-03
   3577.00    0.1961464125E-03
   3578.00    0.1971914315E-03
   3579.00    0.1982476643E-03
   3580.00    0.1993153065E-03
   3581.00    0.2003945576E-03
   3582.00    0.2014856218E-03
   3583.00    0.2025887074E-03
   3584.00    0.2037040279E-03
   3585.00    0.2048318011E-03
   3586.00    0.2059722500E-03
   3587.00    0.2071256026E-03
   3588.00    0.2082920921E-03
   3589.00    0.2094719572E-03
   3590.00    0.2106654419E-03
   3591.00    0.2118727961E-03
   3592.00    0.2130942756E-03
   3593.00    0.2143301422E-03
   3594.00    0.2155806639E-03
   3595.00    0.2168461153E-03
   3596.00    0.2181267774E-03
   3597.00    0.2194229384E-03
   3598.00    0.2207348931E-03
   3599.00    0.2220629441E-03
   3600.00    0.2234074011E-03
   3601.00    0.2247685818E-03
   3602.00    0.2261468118E-03
   3603.00    0.2275424250E-03
   3604.00    0.2289557639E-03
   3605.00    0.2303871798E-03
   3606.00    0.2318370330E-03
   3607.00    0.2333056933E-03
   3608.00    0.2347935402E-03
   3609.00    0.2363009633E-03
   3610.00    0.2378283624E-03
   3611.00    0.2393761484E-03
   3612.00    0.2409447430E-03
   3613.00    0.2425345796E-03
   3614.00    0.2441461032E-03
   3615.00    0.2457797713E-03
   3616.00    0.2474360543E-03
   3617.00    0.2491154356E-03
   3618.00    0.2508184122E-03
   3619.00    0.2525454953E-03
   3620.00    0.2542972109E-03
   3621.00    0.2560741001E-03
   3622.00    0.2578767196E-03
   3623.00    0.2597056428E-03
   3624.00    0.2615614596E-03
   3625.00    0.2634447779E-03
   3626.00    0.2653562235E-03
   3627.00    0.2672964413E-03
   3628.00    0.2692660959E-03
   3629.00    0.2712658722E-03
   3630.00    0.2732964763E-03
   3631.00    0.2753586364E-03
   3632.00    0.2774531037E-03
   3633.00    0.2795806531E-03
   3634.00    0.2817420844E-03
   3635.00    0.2839382229E-03
   3636.00    0.2861699210E-03
   3637.00    0.2884380590E-03
   3638.00    0.2907435463E-03
   3639.00    0.2930873225E-03
   3640.00    0.2954703589E-03
   3641.00    0.2978936596E-03
   3642.00    0.3003582632E-03
   3643.00    0.3028652440E-03
   3644.00    0.3054157137E-03
   3645.00    0.3080108230E-03
   3646.00    0.3106517636E-03
   3647.00    0.3133397694E-03
   3648.00    0.3160761190E-03
   3649.00    0.3188621376E-03
   3650.00    0.3216991989E-03
   3651.00    0.3245887276E-03
   3652.00    0.3275322018E-03
   3653.00    0.3305311552E-03
   3654.00    0.3335871803E-03
   3655.00    0.3367019307E-03
   3656.00    0.3398771243E-03
   3657.00    0.3431145466E-03
   3658.00    0.3464160536E-03
   3659.00    0.3497835760E-03
   3660.00    0.3532191224E-03
   3661.00    0.3567247835E-03
   3662.00    0.3603027364E-03
   3663.00    0.3639552490E-03
   3664.00    0.3676846849E-03
   3665.00    0.3714935082E-03
   3666.00    0.3753842894E-03
   3667.00    0.3793597109E-03
   3668.00    0.3834225730E-03
   3669.00    0.3875758008E-03
   3670.00    0.3918224510E-03
   3671.00    0.3961657196E-03
   3672.00    0.4006089496E-03
   3673.00    0.4051556399E-03
   3674.00    0.4098094540E-03
   3675.00    0.4145742306E-03
   3676.00    0.4194539933E-03
   3677.00    0.4244529625E-03
   3678.00    0.4295755671E-03
   3679.00    0.4348264583E-03
   3680.00    0.4402105225E-03
   3681.00    0.4457328977E-03
   3682.00    0.4513989888E-03
   3683.00    0.4572144858E-03
   3684.00    0.4631853826E-03
   3685.00    0.4693179975E-03
   3686.00    0.4756189957E-03
   3687.00    0.4820954130E-03
   3688.00    0.4887546824E-03
   3689.00    0.4956046619E-03
   3690.00    0.5026536661E-03
   3691.00    0.5099104988E-03
   3692.00    0.5173844906E-03
   3693.00    0.5250855379E-03
   3694.00    0.5330241471E-03
   3695.00    0.5412114816E-03
   3696.00    0.5496594147E-03
   3697.00    0.5583805863E-03
   3698.00    0.5673884660E-03
   3699.00    0.5766974221E-03
   3700.00    0.5863227975E-03
   3701.00    0.5962809943E-03
   3702.00    0.6065895660E-03
   3703.00    0.6172673206E-03
   3704.00    0.6283344344E-03
   3705.00    0.6398125784E-03
   3706.00    0.6517250594E-03
   3707.00    0.6640969770E-03
   3708.00    0.6769553985E-03
   3709.00    0.6903295562E-03
   3710.00    0.7042510669E-03
   3711.00    0.7187541802E-03
   3712.00    0.7338760574E-03
   3713.00    0.7496570875E-03
   3714.00    0.7661412439E-03
   3715.00    0.7833764904E-03
   3716.00    0.8014152432E-03
   3717.00    0.8203148985E-03
   3718.00    0.8401384362E-03
   3719.00    0.8609551142E-03
   3720.00    0.8828412681E-03
   3721.00    0.9058812356E-03
   3722.00    0.9301684298E-03
   3723.00    0.9558065893E-03
   3724.00    0.9829112389E-03
   3725.00    0.1011611406E-02
   3726.00    0.1042051644E-02
   3727.00    0.1074394426E-02
   3728.00    0.1108823000E-02
   3729.00    0.1145544798E-02
   3730.00    0.1184795536E-02
   3731.00    0.1226844178E-02
   3732.00    0.1271998967E-02
   3733.00    0.1320614813E-02
   3734.00    0.1373102399E-02
   3735.00    0.1429939482E-02
   3736.00    0.1491685034E-02
   3737.00    0.1558997073E-02
   3738.00    0.1632655345E-02
   3739.00    0.1713590447E-02
   3740.00    0.1802921599E-02
   3741.00    0.1902006134E-02
   3742.00    0.2012505104E-02
   3743.00    0.2136471289E-02
   3744.00    0.2276468749E-02
   3745.00    0.2435737445E-02
   3746.00    0.2618422989E-02
   3747.00    0.2829901753E-02
   3748.00    0.3077246756E-02
   3749.00    0.3369902104E-02
   3750.00    0.3720662977E-02
   3751.00    0.4147084516E-02
   3752.00    0.4673415580E-02
   3753.00    0.5332872336E-02
   3754.00    0.6168805988E-02
   3755.00    0.7228657265E-02
   3756.00    0.8530071721E-02
   3757.00    0.9950477125E-02
   3758.00    0.1103625276E-01
   3759.00    0.1112589035E-01
   3760.00    0.1014918236E-01
   3761.00    0.8736038114E-02
   3762.00    0.7398953764E-02
   3763.00    0.6299047985E-02
   3764.00    0.5430024782E-02
   3765.00    0.4745371784E-02
   3766.00    0.4200196867E-02
   3767.00    0.3759618746E-02
   3768.00    0.3398086777E-02
   3769.00    0.3097110226E-02
   3770.00    0.2843236369E-02
   3771.00    0.2626558874E-02
   3772.00    0.2439676717E-02
   3773.00    0.2276977687E-02
   3774.00    0.2134144141E-02
   3775.00    0.2007808802E-02
   3776.00    0.1895312054E-02
   3777.00    0.1794528448E-02
   3778.00    0.1703740967E-02
   3779.00    0.1621548682E-02
   3780.00    0.1546798042E-02
   3781.00    0.1478531141E-02
   3782.00    0.1415946309E-02
   3783.00    0.1358367772E-02
   3784.00    0.1305222062E-02
   3785.00    0.1256019500E-02
   3786.00    0.1210339526E-02
   3787.00    0.1167818997E-02
   3788.00    0.1128142762E-02
   3789.00    0.1091036029E-02
   3790.00    0.1056258138E-02
   3791.00    0.1023597443E-02
   3792.00    0.9928670842E-03
   3793.00    0.9639014803E-03
   3794.00    0.9365533926E-03
   3795.00    0.9106914633E-03
   3796.00    0.8861981372E-03
   3797.00    0.8629679011E-03
   3798.00    0.8409057849E-03
   3799.00    0.8199260805E-03
   3800.00    0.7999512425E-03
   3801.00    0.7809109416E-03
   3802.00    0.7627412465E-03
   3803.00    0.7453839140E-03
   3804.00    0.7287857715E-03
   3805.00    0.7128981783E-03
   3806.00    0.6976765537E-03
   3807.00    0.6830799631E-03
   3808.00    0.6690707532E-03
   3809.00    0.6556142300E-03
   3810.00    0.6426783749E-03
   3811.00    0.6302335914E-03
   3812.00    0.6182524810E-03
   3813.00    0.6067096434E-03
   3814.00    0.5955814973E-03
   3815.00    0.5848461212E-03
   3816.00    0.5744831097E-03
   3817.00    0.5644734451E-03
   3818.00    0.5547993816E-03
   3819.00    0.5454443405E-03
   3820.00    0.5363928163E-03
   3821.00    0.5276302909E-03
   3822.00    0.5191431570E-03
   3823.00    0.5109186471E-03
   3824.00    0.5029447704E-03
   3825.00    0.4952102541E-03
   3826.00    0.4877044911E-03
   3827.00    0.4804174912E-03
   3828.00    0.4733398369E-03
   3829.00    0.4664626434E-03
   3830.00    0.4597775212E-03
   3831.00    0.4532765419E-03
   3832.00    0.4469522075E-03
   3833.00    0.4407974210E-03
   3834.00    0.4348054606E-03
   3835.00    0.4289699546E-03
   3836.00    0.4232848596E-03
   3837.00    0.4177444389E-03
   3838.00    0.4123432439E-03
   3839.00    0.4070760960E-03
   3840.00    0.4019380702E-03
   3841.00    0.3969244795E-03
   3842.00    0.3920308610E-03
   3843.00    0.3872529627E-03
   3844.00    0.3825867309E-03
   3845.00    0.3780282990E-03
   3846.00    0.3735739768E-03
   3847.00    0.3692202405E-03
   3848.00    0.3649637236E-03
   3849.00    0.3608012079E-03
   3850.00    0.3567296157E-03
   3851.00    0.3527460023E-03
   3852.00    0.3488475486E-03
   3853.00    0.3450315546E-03
   3854.00    0.3412954332E-03
   3855.00    0.3376367044E-03
   3856.00    0.3340529898E-03
   3857.00    0.3305420073E-03
   3858.00    0.3271015667E-03
   3859.00    0.3237295644E-03
   3860.00    0.3204239800E-03
   3861.00    0.3171828716E-03
   3862.00    0.3140043722E-03
   3863.00    0.3108866863E-03
   3864.00    0.3078280864E-03
   3865.00    0.3048269097E-03
   3866.00    0.3018815553E-03
   3867.00    0.2989904810E-03
   3868.00    0.2961522012E-03
   3869.00    0.2933652838E-03
   3870.00    0.2906283481E-03
   3871.00    0.2879400623E-03
   3872.00    0.2852991417E-03
   3873.00    0.2827043463E-03
   3874.00    0.2801544791E-03
   3875.00    0.2776483839E-03
   3876.00    0.2751849441E-03
   3877.00    0.2727630806E-03
   3878.00    0.2703817505E-03
   3879.00    0.2680399453E-03
   3880.00    0.2657366899E-03
   3881.00    0.2634710409E-03
   3882.00    0.2612420854E-03
   3883.00    0.2590489398E-03
   3884.00    0.2568907486E-03
   3885.00    0.2547666836E-03
   3886.00    0.2526759422E-03
   3887.00    0.2506177469E-03
   3888.00    0.2485913444E-03
   3889.00    0.2465960041E-03
   3890.00    0.2446310178E-03
   3891.00    0.2426956988E-03
   3892.00    0.2407893807E-03
   3893.00    0.2389114170E-03
   3894.00    0.2370611804E-03
   3895.00    0.2352380618E-03
   3896.00    0.2334414699E-03
   3897.00    0.2316708304E-03
   3898.00    0.2299255855E-03
   3899.00    0.2282051932E-03
   3900.00    0.2265091270E-03
   3901.00    0.2248368750E-03
   3902.00    0.2231879395E-03
   3903.00    0.2215618368E-03
   3904.00    0.2199580963E-03
   3905.00    0.2183762603E-03
   3906.00    0.2168158835E-03
   3907.00    0.2152765326E-03
   3908.00    0.2137577859E-03
   3909.00    0.2122592329E-03
   3910.00    0.2107804739E-03
   3911.00    0.2093211196E-03
   3912.00    0.2078807911E-03
   3913.00    0.2064591190E-03
   3914.00    0.2050557436E-03
   3915.00    0.2036703143E-03
   3916.00    0.2023024894E-03
   3917.00    0.2009519359E-03
   3918.00    0.1996183290E-03
   3919.00    0.1983013522E-03
   3920.00    0.1970006967E-03
   3921.00    0.1957160612E-03
   3922.00    0.1944471519E-03
   3923.00    0.1931936822E-03
   3924.00    0.1919553723E-03
   3925.00    0.1907319492E-03
   3926.00    0.1895231463E-03
   3927.00    0.1883287035E-03
   3928.00    0.1871483667E-03
   3929.00    0.1859818878E-03
   3930.00    0.1848290245E-03
   3931.00    0.1836895401E-03
   3932.00    0.1825632033E-03
   3933.00    0.1814497882E-03
   3934.00    0.1803490740E-03
   3935.00    0.1792608449E-03
   3936.00    0.1781848900E-03
   3937.00    0.1771210030E-03
   3938.00    0.1760689824E-03
   3939.00    0.1750286310E-03
   3940.00    0.1739997559E-03
   3941.00    0.1729821687E-03
   3942.00    0.1719756848E-03
   3943.00    0.1709801237E-03
   3944.00    0.1699953089E-03
   3945.00    0.1690210676E-03
   3946.00    0.1680572306E-03
   3947.00    0.1671036325E-03
   3948.00    0.1661601112E-03
   3949.00    0.1652265080E-03
   3950.00    0.1643026677E-03
   3951.00    0.1633884381E-03
   3952.00    0.1624836703E-03
   3953.00    0.1615882185E-03
   3954.00    0.1607019396E-03
   3955.00    0.1598246938E-03
   3956.00    0.1589563438E-03
   3957.00    0.1580967553E-03
   3958.00    0.1572457965E-03
   3959.00    0.1564033383E-03
   3960.00    0.1555692543E-03
   3961.00    0.1547434205E-03
   3962.00    0.1539257152E-03
   3963.00    0.1531160192E-03
   3964.00    0.1523142157E-03
   3965.00    0.1515201901E-03
   3966.00    0.1507338298E-03
   3967.00    0.1499550248E-03
   3968.00    0.1491836667E-03
   3969.00    0.1484196496E-03
   3970.00    0.1476628693E-03
   3971.00    0.1469132237E-03
   3972.00    0.1461706126E-03
   3973.00    0.1454349376E-03
   3974.00    0.1447061022E-03
   3975.00    0.1439840117E-03
   3976.00    0.1432685730E-03
   3977.00    0.1425596949E-03
   3978.00    0.1418572877E-03
   3979.00    0.1411612634E-03
   3980.00    0.1404715356E-03
   3981.00    0.1397880194E-03
   3982.00    0.1391106315E-03
   3983.00    0.1384392900E-03
   3984.00    0.1377739145E-03
   3985.00    0.1371144260E-03
   3986.00    0.1364607469E-03
   3987.00    0.1358128009E-03
   3988.00    0.1351705132E-03
   3989.00    0.1345338100E-03
   3990.00    0.1339026192E-03
   3991.00    0.1332768695E-03
   3992.00    0.1326564911E-03
   3993.00    0.1320414152E-03
   3994.00    0.1314315744E-03
   3995.00    0.1308269023E-03
   3996.00    0.1302273336E-03
   3997.00    0.1296328042E-03
   3998.00    0.1290432508E-03
   3999.00    0.1284586116E-03
   4000.00    0.1278788254E-03
