Frequencies(cm-1)    polar_2nd_zxy        
   1000.00    0.3944415497E-04
   1001.00    0.1654474694E-03
   1002.00    0.2864976442E-03
   1003.00    0.3407892451E-03
   1004.00    0.3577417375E-03
   1005.00    0.3595860250E-03
   1006.00    0.3565099981E-03
   1007.00    0.3523862411E-03
   1008.00    0.3485195113E-03
   1009.00    0.3452618333E-03
   1010.00    0.3426337635E-03
   1011.00    0.3405541259E-03
   1012.00    0.3389220970E-03
   1013.00    0.3376442779E-03
   1014.00    0.3366415949E-03
   1015.00    0.3358491572E-03
   1016.00    0.3352139890E-03
   1017.00    0.3346924119E-03
   1018.00    0.3342476607E-03
   1019.00    0.3338478566E-03
   1020.00    0.3334643107E-03
   1021.00    0.3330700767E-03
   1022.00    0.3326386654E-03
   1023.00    0.3321428390E-03
   1024.00    0.3315534095E-03
   1025.00    0.3308379739E-03
   1026.00    0.3299595346E-03
   1027.00    0.3288749811E-03
   1028.00    0.3275334920E-03
   1029.00    0.3258751072E-03
   1030.00    0.3238302008E-03
   1031.00    0.3213217647E-03
   1032.00    0.3182753340E-03
   1033.00    0.3146487409E-03
   1034.00    0.3105125929E-03
   1035.00    0.3062593015E-03
   1036.00    0.3031252972E-03
   1037.00    0.3043634166E-03
   1038.00    0.3170247390E-03
   1039.00    0.3508231873E-03
   1040.00    0.4051448177E-03
   1041.00    0.4564512133E-03
   1042.00    0.4835713042E-03
   1043.00    0.4899353191E-03
   1044.00    0.4868745932E-03
   1045.00    0.4812654047E-03
   1046.00    0.4758957689E-03
   1047.00    0.4716239572E-03
   1048.00    0.4684763946E-03
   1049.00    0.4662595218E-03
   1050.00    0.4648615518E-03
   1051.00    0.4642149756E-03
   1052.00    0.4642488467E-03
   1053.00    0.4648934665E-03
   1054.00    0.4660891870E-03
   1055.00    0.4677891097E-03
   1056.00    0.4699585206E-03
   1057.00    0.4725733494E-03
   1058.00    0.4756185805E-03
   1059.00    0.4790868935E-03
   1060.00    0.4829775703E-03
   1061.00    0.4872956281E-03
   1062.00    0.4920511146E-03
   1063.00    0.4972585035E-03
   1064.00    0.5029361444E-03
   1065.00    0.5091057641E-03
   1066.00    0.5157921304E-03
   1067.00    0.5230232925E-03
   1068.00    0.5308325895E-03
   1069.00    0.5392656227E-03
   1070.00    0.5484005931E-03
   1071.00    0.5584041591E-03
   1072.00    0.5696820139E-03
   1073.00    0.5832844837E-03
   1074.00    0.6019988424E-03
   1075.00    0.6332116919E-03
   1076.00    0.6955608078E-03
   1077.00    0.8290669943E-03
   1078.00    0.1089751419E-02
   1079.00    0.1475613824E-02
   1080.00    0.1789458988E-02
   1081.00    0.1756779860E-02
   1082.00    0.1431676631E-02
   1083.00    0.1057964486E-02
   1084.00    0.7561065640E-03
   1085.00    0.5396290443E-03
   1086.00    0.3932253840E-03
   1087.00    0.3023648508E-03
   1088.00    0.2569284201E-03
   1089.00    0.2466245166E-03
   1090.00    0.2591523997E-03
   1091.00    0.2841984498E-03
   1092.00    0.3158419557E-03
   1093.00    0.3515937428E-03
   1094.00    0.3909408640E-03
   1095.00    0.4344900003E-03
   1096.00    0.4835830590E-03
   1097.00    0.5400942428E-03
   1098.00    0.6060403904E-03
   1099.00    0.6821776513E-03
   1100.00    0.7635201783E-03
   1101.00    0.8290686488E-03
   1102.00    0.8351269673E-03
   1103.00    0.7510687005E-03
   1104.00    0.6104310661E-03
   1105.00    0.4692216321E-03
   1106.00    0.3530453705E-03
   1107.00    0.2638869463E-03
   1108.00    0.1969130018E-03
   1109.00    0.1473612278E-03
   1110.00    0.1121156273E-03
   1111.00    0.8960182390E-04
   1112.00    0.7872841383E-04
   1113.00    0.7724265702E-04
   1114.00    0.8160243854E-04
   1115.00    0.8861949331E-04
   1116.00    0.9631026996E-04
   1117.00    0.1036359817E-03
   1118.00    0.1100747532E-03
   1119.00    0.1153526901E-03
   1120.00    0.1193088788E-03
   1121.00    0.1218370779E-03
   1122.00    0.1228763124E-03
   1123.00    0.1224522494E-03
   1124.00    0.1208067145E-03
   1125.00    0.1187132036E-03
   1126.00    0.1181631481E-03
   1127.00    0.1235387422E-03
   1128.00    0.1425071500E-03
   1129.00    0.1848052319E-03
   1130.00    0.2601756874E-03
   1131.00    0.3783029671E-03
   1132.00    0.5447423987E-03
   1133.00    0.7420565001E-03
   1134.00    0.9116259262E-03
   1135.00    0.1000680927E-02
   1136.00    0.1022690319E-02
   1137.00    0.1019007489E-02
   1138.00    0.1015800494E-02
   1139.00    0.1023583046E-02
   1140.00    0.1045184363E-02
   1141.00    0.1078361634E-02
   1142.00    0.1111875933E-02
   1143.00    0.1115247523E-02
   1144.00    0.1038428347E-02
   1145.00    0.8632700401E-03
   1146.00    0.6499824823E-03
   1147.00    0.4677634644E-03
   1148.00    0.3405557773E-03
   1149.00    0.2657013012E-03
   1150.00    0.2326263505E-03
   1151.00    0.2273850650E-03
   1152.00    0.2368458126E-03
   1153.00    0.2524655671E-03
   1154.00    0.2699231152E-03
   1155.00    0.2872150576E-03
   1156.00    0.3032574942E-03
   1157.00    0.3173466107E-03
   1158.00    0.3297104132E-03
   1159.00    0.3416914305E-03
   1160.00    0.3540631490E-03
   1161.00    0.3666419504E-03
   1162.00    0.3791356665E-03
   1163.00    0.3914268542E-03
   1164.00    0.4035144892E-03
   1165.00    0.4154455684E-03
   1166.00    0.4272819025E-03
   1167.00    0.4390870403E-03
   1168.00    0.4509217553E-03
   1169.00    0.4628428552E-03
   1170.00    0.4749031873E-03
   1171.00    0.4871519909E-03
   1172.00    0.4996352499E-03
   1173.00    0.5123958924E-03
   1174.00    0.5254737486E-03
   1175.00    0.5389051996E-03
   1176.00    0.5527224416E-03
   1177.00    0.5669522915E-03
   1178.00    0.5816144809E-03
   1179.00    0.5967195041E-03
   1180.00    0.6122664496E-03
   1181.00    0.6282422685E-03
   1182.00    0.6446267010E-03
   1183.00    0.6614145081E-03
   1184.00    0.6786866549E-03
   1185.00    0.6968159121E-03
   1186.00    0.7170312729E-03
   1187.00    0.7428622565E-03
   1188.00    0.7831408265E-03
   1189.00    0.8543061231E-03
   1190.00    0.9678926425E-03
   1191.00    0.1100101704E-02
   1192.00    0.1210834658E-02
   1193.00    0.1294565331E-02
   1194.00    0.1367528442E-02
   1195.00    0.1443270826E-02
   1196.00    0.1529562711E-02
   1197.00    0.1631441164E-02
   1198.00    0.1753431112E-02
   1199.00    0.1900733117E-02
   1200.00    0.2079888514E-02
   1201.00    0.2298981293E-02
   1202.00    0.2566735317E-02
   1203.00    0.2889517329E-02
   1204.00    0.3272157875E-02
   1205.00    0.3753605264E-02
   1206.00    0.4433950587E-02
   1207.00    0.5228637711E-02
   1208.00    0.5678178454E-02
   1209.00    0.5455545959E-02
   1210.00    0.4783770134E-02
   1211.00    0.4039390307E-02
   1212.00    0.3399615002E-02
   1213.00    0.2892455030E-02
   1214.00    0.2497802294E-02
   1215.00    0.2189519636E-02
   1216.00    0.1946112888E-02
   1217.00    0.1751712438E-02
   1218.00    0.1594882791E-02
   1219.00    0.1467214071E-02
   1220.00    0.1361940786E-02
   1221.00    0.1272205425E-02
   1222.00    0.1188126747E-02
   1223.00    0.1092236091E-02
   1224.00    0.9595655400E-03
   1225.00    0.7838565706E-03
   1226.00    0.6113381995E-03
   1227.00    0.4934087894E-03
   1228.00    0.4307321891E-03
   1229.00    0.3989063075E-03
   1230.00    0.3796521300E-03
   1231.00    0.3645718182E-03
   1232.00    0.3505682667E-03
   1233.00    0.3366824288E-03
   1234.00    0.3227169648E-03
   1235.00    0.3087148465E-03
   1236.00    0.2947738580E-03
   1237.00    0.2809855434E-03
   1238.00    0.2674189407E-03
   1239.00    0.2541196441E-03
   1240.00    0.2411134134E-03
   1241.00    0.2284105124E-03
   1242.00    0.2160095501E-03
   1243.00    0.2039005492E-03
   1244.00    0.1920672952E-03
   1245.00    0.1804891149E-03
   1246.00    0.1691422546E-03
   1247.00    0.1580010322E-03
   1248.00    0.1470389544E-03
   1249.00    0.1362300470E-03
   1250.00    0.1255507726E-03
   1251.00    0.1149831706E-03
   1252.00    0.1045203858E-03
   1253.00    0.9417684118E-04
   1254.00    0.8400754932E-04
   1255.00    0.7414563604E-04
   1256.00    0.6487556484E-04
   1257.00    0.5676877450E-04
   1258.00    0.5088234483E-04
   1259.00    0.4882692332E-04
   1260.00    0.5218885153E-04
   1261.00    0.6152758646E-04
   1262.00    0.7649898833E-04
   1263.00    0.9696712978E-04
   1264.00    0.1239459038E-03
   1265.00    0.1608595529E-03
   1266.00    0.2161678732E-03
   1267.00    0.3043823408E-03
   1268.00    0.4294660192E-03
   1269.00    0.5511349533E-03
   1270.00    0.6049636605E-03
   1271.00    0.5781787306E-03
   1272.00    0.5122065005E-03
   1273.00    0.4428932404E-03
   1274.00    0.3832790374E-03
   1275.00    0.3348522305E-03
   1276.00    0.2958303933E-03
   1277.00    0.2640876309E-03
   1278.00    0.2378711151E-03
   1279.00    0.2158646232E-03
   1280.00    0.1971041739E-03
   1281.00    0.1808824708E-03
   1282.00    0.1666699331E-03
   1283.00    0.1540499893E-03
   1284.00    0.1426567504E-03
   1285.00    0.1320956382E-03
   1286.00    0.1218159971E-03
   1287.00    0.1108997520E-03
   1288.00    0.9784910264E-04
   1289.00    0.8156754902E-04
   1290.00    0.7153298603E-04
   1291.00    0.1055986200E-03
   1292.00    0.1830675830E-03
   1293.00    0.2605128797E-03
   1294.00    0.3024115126E-03
   1295.00    0.2994841064E-03
   1296.00    0.2707757739E-03
   1297.00    0.2368010248E-03
   1298.00    0.2063957740E-03
   1299.00    0.1812789984E-03
   1300.00    0.1608567387E-03
   1301.00    0.1441288608E-03
   1302.00    0.1302146660E-03
   1303.00    0.1184376656E-03
   1304.00    0.1082984411E-03
   1305.00    0.9943087580E-04
   1306.00    0.9156493630E-04
   1307.00    0.8449912979E-04
   1308.00    0.7808101590E-04
   1309.00    0.7219358927E-04
   1310.00    0.6674575582E-04
   1311.00    0.6166562882E-04
   1312.00    0.5689577271E-04
   1313.00    0.5238980967E-04
   1314.00    0.4811000292E-04
   1315.00    0.4402557029E-04
   1316.00    0.4011158810E-04
   1317.00    0.3634843960E-04
   1318.00    0.3272187071E-04
   1319.00    0.2922387763E-04
   1320.00    0.2585493837E-04
   1321.00    0.2262865759E-04
   1322.00    0.1958097720E-04
   1323.00    0.1678794611E-04
   1324.00    0.1439730966E-04
   1325.00    0.1266928038E-04
   1326.00    0.1196869993E-04
   1327.00    0.1259027921E-04
   1328.00    0.1452938427E-04
   1329.00    0.1756090919E-04
   1330.00    0.2148464775E-04
   1331.00    0.2622710251E-04
   1332.00    0.3183583397E-04
   1333.00    0.3845565131E-04
   1334.00    0.4629353998E-04
   1335.00    0.5550628146E-04
   1336.00    0.6581603593E-04
   1337.00    0.7550979388E-04
   1338.00    0.8031858536E-04
   1339.00    0.7596856543E-04
   1340.00    0.6425389572E-04
   1341.00    0.5087159629E-04
   1342.00    0.3930976634E-04
   1343.00    0.3054877192E-04
   1344.00    0.2473016132E-04
   1345.00    0.2187387068E-04
   1346.00    0.2174442893E-04
   1347.00    0.2367426787E-04
   1348.00    0.2689952088E-04
   1349.00    0.3089519900E-04
   1350.00    0.3539157446E-04
   1351.00    0.4028046285E-04
   1352.00    0.4554424117E-04
   1353.00    0.5121912072E-04
   1354.00    0.5737960750E-04
   1355.00    0.6413475853E-04
   1356.00    0.7163185021E-04
   1357.00    0.8006615106E-04
   1358.00    0.8969742515E-04
   1359.00    0.1008753910E-03
   1360.00    0.1140781125E-03
   1361.00    0.1299693285E-03
   1362.00    0.1494821512E-03
   1363.00    0.1739326357E-03
   1364.00    0.2051381790E-03
   1365.00    0.2453923156E-03
   1366.00    0.2967115017E-03
   1367.00    0.3576593177E-03
   1368.00    0.4158474867E-03
   1369.00    0.4454196700E-03
   1370.00    0.4325037093E-03
   1371.00    0.3948219523E-03
   1372.00    0.3552778131E-03
   1373.00    0.3241833354E-03
   1374.00    0.3036956944E-03
   1375.00    0.2935598150E-03
   1376.00    0.2934899646E-03
   1377.00    0.3038879670E-03
   1378.00    0.3259587372E-03
   1379.00    0.3612585196E-03
   1380.00    0.4096017472E-03
   1381.00    0.4630236155E-03
   1382.00    0.4983845972E-03
   1383.00    0.4910389448E-03
   1384.00    0.4478165223E-03
   1385.00    0.3953623526E-03
   1386.00    0.3496059267E-03
   1387.00    0.3141247979E-03
   1388.00    0.2877737203E-03
   1389.00    0.2685782528E-03
   1390.00    0.2548778510E-03
   1391.00    0.2455674882E-03
   1392.00    0.2402318499E-03
   1393.00    0.2395722884E-03
   1394.00    0.2465467133E-03
   1395.00    0.2681994603E-03
   1396.00    0.3142434040E-03
   1397.00    0.3823928656E-03
   1398.00    0.4420148453E-03
   1399.00    0.4541499017E-03
   1400.00    0.4027130379E-03
   1401.00    0.3101707124E-03
   1402.00    0.2216587078E-03
   1403.00    0.1693643105E-03
   1404.00    0.1573187219E-03
   1405.00    0.1656875827E-03
   1406.00    0.1799292523E-03
   1407.00    0.1958528682E-03
   1408.00    0.2126923096E-03
   1409.00    0.2304397044E-03
   1410.00    0.2492922575E-03
   1411.00    0.2695452737E-03
   1412.00    0.2915696363E-03
   1413.00    0.3158073051E-03
   1414.00    0.3427588604E-03
   1415.00    0.3729176749E-03
   1416.00    0.4065265647E-03
   1417.00    0.4428338876E-03
   1418.00    0.4782974484E-03
   1419.00    0.5045850679E-03
   1420.00    0.5144917577E-03
   1421.00    0.5196652700E-03
   1422.00    0.5433133016E-03
   1423.00    0.5935865466E-03
   1424.00    0.6677771502E-03
   1425.00    0.7645487690E-03
   1426.00    0.8868350864E-03
   1427.00    0.1041397219E-02
   1428.00    0.1238023521E-02
   1429.00    0.1486690587E-02
   1430.00    0.1786126163E-02
   1431.00    0.2092071937E-02
   1432.00    0.2283359613E-02
   1433.00    0.2243138300E-02
   1434.00    0.2018500092E-02
   1435.00    0.1744179373E-02
   1436.00    0.1497397994E-02
   1437.00    0.1296120993E-02
   1438.00    0.1135845328E-02
   1439.00    0.1007723740E-02
   1440.00    0.9038515782E-03
   1441.00    0.8181492911E-03
   1442.00    0.7461228406E-03
   1443.00    0.6844600150E-03
   1444.00    0.6306898739E-03
   1445.00    0.5829343608E-03
   1446.00    0.5397372954E-03
   1447.00    0.4999537198E-03
   1448.00    0.4626916441E-03
   1449.00    0.4273137402E-03
   1450.00    0.3935345079E-03
   1451.00    0.3617057262E-03
   1452.00    0.3334972687E-03
   1453.00    0.3133320512E-03
   1454.00    0.3106947442E-03
   1455.00    0.3414355330E-03
   1456.00    0.4240856097E-03
   1457.00    0.5733061337E-03
   1458.00    0.7892432849E-03
   1459.00    0.1023863746E-02
   1460.00    0.1178478164E-02
   1461.00    0.1210923461E-02
   1462.00    0.1168664987E-02
   1463.00    0.1104485663E-02
   1464.00    0.1042831312E-02
   1465.00    0.9907341709E-03
   1466.00    0.9487471899E-03
   1467.00    0.9156216833E-03
   1468.00    0.8898688744E-03
   1469.00    0.8701948816E-03
   1470.00    0.8555752467E-03
   1471.00    0.8452277461E-03
   1472.00    0.8385655400E-03
   1473.00    0.8351543743E-03
   1474.00    0.8346789556E-03
   1475.00    0.8369181423E-03
   1476.00    0.8417273436E-03
   1477.00    0.8490265319E-03
   1478.00    0.8587925677E-03
   1479.00    0.8710547395E-03
   1480.00    0.8858922810E-03
   1481.00    0.9034316680E-03
   1482.00    0.9238384443E-03
   1483.00    0.9472896720E-03
   1484.00    0.9738890922E-03
   1485.00    0.1003421564E-02
   1486.00    0.1034677372E-02
   1487.00    0.1063774382E-02
   1488.00    0.1081209798E-02
   1489.00    0.1072833351E-02
   1490.00    0.1041254315E-02
   1491.00    0.1028492204E-02
   1492.00    0.1076645497E-02
   1493.00    0.1182684082E-02
   1494.00    0.1302089768E-02
   1495.00    0.1417736185E-02
   1496.00    0.1601879141E-02
   1497.00    0.1902729762E-02
   1498.00    0.2230510717E-02
   1499.00    0.2522860412E-02
   1500.00    0.2803556484E-02
   1501.00    0.3115417300E-02
   1502.00    0.3494948901E-02
   1503.00    0.3977184397E-02
   1504.00    0.4603504650E-02
   1505.00    0.5425096754E-02
   1506.00    0.6492527062E-02
   1507.00    0.7798492591E-02
   1508.00    0.9111028058E-02
   1509.00    0.9805203292E-02
   1510.00    0.9372469802E-02
   1511.00    0.8216132151E-02
   1512.00    0.6913602300E-02
   1513.00    0.5558171717E-02
   1514.00    0.4124777890E-02
   1515.00    0.2833631495E-02
   1516.00    0.1939119621E-02
   1517.00    0.1441131056E-02
   1518.00    0.1192043664E-02
   1519.00    0.1062841439E-02
   1520.00    0.1008167350E-02
   1521.00    0.1062662628E-02
   1522.00    0.1231215438E-02
   1523.00    0.1401332266E-02
   1524.00    0.1477935378E-02
   1525.00    0.1476852106E-02
   1526.00    0.1450653723E-02
   1527.00    0.1432444796E-02
   1528.00    0.1426818675E-02
   1529.00    0.1421731794E-02
   1530.00    0.1414422742E-02
   1531.00    0.1411715217E-02
   1532.00    0.1419698323E-02
   1533.00    0.1441865455E-02
   1534.00    0.1479741064E-02
   1535.00    0.1531430106E-02
   1536.00    0.1585720999E-02
   1537.00    0.1611176975E-02
   1538.00    0.1553402013E-02
   1539.00    0.1369407809E-02
   1540.00    0.1092087896E-02
   1541.00    0.8181657244E-03
   1542.00    0.6118048544E-03
   1543.00    0.4838856652E-03
   1544.00    0.4165521515E-03
   1545.00    0.3729275230E-03
   1546.00    0.3177842902E-03
   1547.00    0.2490809569E-03
   1548.00    0.1862437549E-03
   1549.00    0.1413060961E-03
   1550.00    0.1159619426E-03
   1551.00    0.1064422667E-03
   1552.00    0.1065910378E-03
   1553.00    0.1110537633E-03
   1554.00    0.1166822905E-03
   1555.00    0.1220056655E-03
   1556.00    0.1264321499E-03
   1557.00    0.1297687168E-03
   1558.00    0.1319899572E-03
   1559.00    0.1331338683E-03
   1560.00    0.1332556715E-03
   1561.00    0.1324077124E-03
   1562.00    0.1306312968E-03
   1563.00    0.1279543598E-03
   1564.00    0.1243926933E-03
   1565.00    0.1199546947E-03
   1566.00    0.1146517363E-03
   1567.00    0.1085196122E-03
   1568.00    0.1016632576E-03
   1569.00    0.9435112004E-04
   1570.00    0.8721263213E-04
   1571.00    0.8162176062E-04
   1572.00    0.8026532979E-04
   1573.00    0.8740574261E-04
   1574.00    0.1080818417E-03
   1575.00    0.1470435472E-03
   1576.00    0.2078318227E-03
   1577.00    0.2932629387E-03
   1578.00    0.4078772281E-03
   1579.00    0.5530243933E-03
   1580.00    0.7091504369E-03
   1581.00    0.8234147987E-03
   1582.00    0.8553148976E-03
   1583.00    0.8260958313E-03
   1584.00    0.7770750611E-03
   1585.00    0.7309686612E-03
   1586.00    0.6949006770E-03
   1587.00    0.6697467249E-03
   1588.00    0.6545003934E-03
   1589.00    0.6472834714E-03
   1590.00    0.6443125418E-03
   1591.00    0.6365655850E-03
   1592.00    0.6052196528E-03
   1593.00    0.5284790938E-03
   1594.00    0.4139085888E-03
   1595.00    0.3034561653E-03
   1596.00    0.2269406281E-03
   1597.00    0.1867147276E-03
   1598.00    0.1717896600E-03
   1599.00    0.1699875685E-03
   1600.00    0.1734385469E-03
   1601.00    0.1783734484E-03
   1602.00    0.1832760078E-03
   1603.00    0.1876262814E-03
   1604.00    0.1913055228E-03
   1605.00    0.1943450516E-03
   1606.00    0.1968244170E-03
   1607.00    0.1988313549E-03
   1608.00    0.2004470844E-03
   1609.00    0.2017419116E-03
   1610.00    0.2027749017E-03
   1611.00    0.2035950152E-03
   1612.00    0.2042426351E-03
   1613.00    0.2047510609E-03
   1614.00    0.2051478228E-03
   1615.00    0.2054557845E-03
   1616.00    0.2056940471E-03
   1617.00    0.2058786827E-03
   1618.00    0.2060233280E-03
   1619.00    0.2061396644E-03
   1620.00    0.2062378083E-03
   1621.00    0.2063266312E-03
   1622.00    0.2064140244E-03
   1623.00    0.2065071208E-03
   1624.00    0.2066124849E-03
   1625.00    0.2067362780E-03
   1626.00    0.2068844072E-03
   1627.00    0.2070626624E-03
   1628.00    0.2072768494E-03
   1629.00    0.2075329226E-03
   1630.00    0.2078371233E-03
   1631.00    0.2081961309E-03
   1632.00    0.2086172324E-03
   1633.00    0.2091085202E-03
   1634.00    0.2096791279E-03
   1635.00    0.2103395187E-03
   1636.00    0.2111018438E-03
   1637.00    0.2119803941E-03
   1638.00    0.2129921763E-03
   1639.00    0.2141576514E-03
   1640.00    0.2155016840E-03
   1641.00    0.2170547528E-03
   1642.00    0.2188544604E-03
   1643.00    0.2209473111E-03
   1644.00    0.2233905092E-03
   1645.00    0.2262529062E-03
   1646.00    0.2296125022E-03
   1647.00    0.2335431677E-03
   1648.00    0.2380702566E-03
   1649.00    0.2430399514E-03
   1650.00    0.2477640133E-03
   1651.00    0.2501882031E-03
   1652.00    0.2457429567E-03
   1653.00    0.2290636974E-03
   1654.00    0.2033448692E-03
   1655.00    0.1821778943E-03
   1656.00    0.1726754131E-03
   1657.00    0.1717544800E-03
   1658.00    0.1748901857E-03
   1659.00    0.1795478644E-03
   1660.00    0.1846780147E-03
   1661.00    0.1899266278E-03
   1662.00    0.1952255088E-03
   1663.00    0.2006209701E-03
   1664.00    0.2062078717E-03
   1665.00    0.2121069191E-03
   1666.00    0.2184601056E-03
   1667.00    0.2254346884E-03
   1668.00    0.2332323798E-03
   1669.00    0.2421030666E-03
   1670.00    0.2523633923E-03
   1671.00    0.2644202546E-03
   1672.00    0.2787961775E-03
   1673.00    0.2961419468E-03
   1674.00    0.3171839528E-03
   1675.00    0.3424364622E-03
   1676.00    0.3711846387E-03
   1677.00    0.3986441328E-03
   1678.00    0.4110167849E-03
   1679.00    0.3876162572E-03
   1680.00    0.3253489934E-03
   1681.00    0.2495428980E-03
   1682.00    0.1830959269E-03
   1683.00    0.1324705644E-03
   1684.00    0.9622606245E-04
   1685.00    0.7174915188E-04
   1686.00    0.5711652586E-04
   1687.00    0.5067704080E-04
   1688.00    0.5015530633E-04
   1689.00    0.5297647935E-04
   1690.00    0.5723792044E-04
   1691.00    0.6190143527E-04
   1692.00    0.6648726324E-04
   1693.00    0.7079861866E-04
   1694.00    0.7477021323E-04
   1695.00    0.7839550822E-04
   1696.00    0.8169291565E-04
   1697.00    0.8469017079E-04
   1698.00    0.8741715834E-04
   1699.00    0.8990271832E-04
   1700.00    0.9217334439E-04
   1701.00    0.9425278131E-04
   1702.00    0.9616203991E-04
   1703.00    0.9791959378E-04
   1704.00    0.9954164190E-04
   1705.00    0.1010423818E-03
   1706.00    0.1024342676E-03
   1707.00    0.1037282428E-03
   1708.00    0.1049339453E-03
   1709.00    0.1060598843E-03
   1710.00    0.1071135941E-03
   1711.00    0.1081017637E-03
   1712.00    0.1090303499E-03
   1713.00    0.1099046722E-03
   1714.00    0.1107294947E-03
   1715.00    0.1115090967E-03
   1716.00    0.1122473325E-03
   1717.00    0.1129476833E-03
   1718.00    0.1136133020E-03
   1719.00    0.1142470516E-03
   1720.00    0.1148515392E-03
   1721.00    0.1154291446E-03
   1722.00    0.1159820460E-03
   1723.00    0.1165122426E-03
   1724.00    0.1170215732E-03
   1725.00    0.1175117345E-03
   1726.00    0.1179842951E-03
   1727.00    0.1184407098E-03
   1728.00    0.1188823312E-03
   1729.00    0.1193104198E-03
   1730.00    0.1197261544E-03
   1731.00    0.1201306396E-03
   1732.00    0.1205249141E-03
   1733.00    0.1209099571E-03
   1734.00    0.1212866949E-03
   1735.00    0.1216560061E-03
   1736.00    0.1220187272E-03
   1737.00    0.1223756569E-03
   1738.00    0.1227275606E-03
   1739.00    0.1230751744E-03
   1740.00    0.1234192091E-03
   1741.00    0.1237603529E-03
   1742.00    0.1240992757E-03
   1743.00    0.1244366313E-03
   1744.00    0.1247730609E-03
   1745.00    0.1251091958E-03
   1746.00    0.1254456600E-03
   1747.00    0.1257830732E-03
   1748.00    0.1261220530E-03
   1749.00    0.1264632181E-03
   1750.00    0.1268071902E-03
   1751.00    0.1271545975E-03
   1752.00    0.1275060765E-03
   1753.00    0.1278622757E-03
   1754.00    0.1282238576E-03
   1755.00    0.1285915023E-03
   1756.00    0.1289659106E-03
   1757.00    0.1293478069E-03
   1758.00    0.1297379432E-03
   1759.00    0.1301371029E-03
   1760.00    0.1305461046E-03
   1761.00    0.1309658066E-03
   1762.00    0.1313971121E-03
   1763.00    0.1318409742E-03
   1764.00    0.1322984016E-03
   1765.00    0.1327704653E-03
   1766.00    0.1332583056E-03
   1767.00    0.1337631398E-03
   1768.00    0.1342862712E-03
   1769.00    0.1348290989E-03
   1770.00    0.1353931287E-03
   1771.00    0.1359799856E-03
   1772.00    0.1365914278E-03
   1773.00    0.1372293626E-03
   1774.00    0.1378958643E-03
   1775.00    0.1385931952E-03
   1776.00    0.1393238284E-03
   1777.00    0.1400904758E-03
   1778.00    0.1408961183E-03
   1779.00    0.1417440426E-03
   1780.00    0.1426378823E-03
   1781.00    0.1435816673E-03
   1782.00    0.1445798802E-03
   1783.00    0.1456375235E-03
   1784.00    0.1467601983E-03
   1785.00    0.1479541981E-03
   1786.00    0.1492266202E-03
   1787.00    0.1505854991E-03
   1788.00    0.1520399667E-03
   1789.00    0.1536004474E-03
   1790.00    0.1552788937E-03
   1791.00    0.1570890771E-03
   1792.00    0.1590469452E-03
   1793.00    0.1611710661E-03
   1794.00    0.1634831847E-03
   1795.00    0.1660089244E-03
   1796.00    0.1687786802E-03
   1797.00    0.1718287655E-03
   1798.00    0.1752028980E-03
   1799.00    0.1789541462E-03
   1800.00    0.1831475038E-03
   1801.00    0.1878633330E-03
   1802.00    0.1932020205E-03
   1803.00    0.1992903415E-03
   1804.00    0.2062902430E-03
   1805.00    0.2144110589E-03
   1806.00    0.2239265396E-03
   1807.00    0.2351984010E-03
   1808.00    0.2487078548E-03
   1809.00    0.2650939521E-03
   1810.00    0.2851864980E-03
   1811.00    0.3099822053E-03
   1812.00    0.3403855024E-03
   1813.00    0.3761660285E-03
   1814.00    0.4128458180E-03
   1815.00    0.4359042083E-03
   1816.00    0.4220880142E-03
   1817.00    0.3655945074E-03
   1818.00    0.2914442028E-03
   1819.00    0.2237794206E-03
   1820.00    0.1700981773E-03
   1821.00    0.1292552026E-03
   1822.00    0.9831293067E-04
   1823.00    0.7474258884E-04
   1824.00    0.5677596846E-04
   1825.00    0.4332397672E-04
   1826.00    0.3385077747E-04
   1827.00    0.2818412236E-04
   1828.00    0.2607526444E-04
   1829.00    0.2673003722E-04
   1830.00    0.2902489117E-04
   1831.00    0.3206301389E-04
   1832.00    0.3532714796E-04
   1833.00    0.3856238964E-04
   1834.00    0.4165419096E-04
   1835.00    0.4455728635E-04
   1836.00    0.4725978506E-04
   1837.00    0.4976555408E-04
   1838.00    0.5208553714E-04
   1839.00    0.5423343853E-04
   1840.00    0.5622357755E-04
   1841.00    0.5806984449E-04
   1842.00    0.5978522410E-04
   1843.00    0.6138161327E-04
   1844.00    0.6286978989E-04
   1845.00    0.6425945684E-04
   1846.00    0.6555932056E-04
   1847.00    0.6677718232E-04
   1848.00    0.6792003091E-04
   1849.00    0.6899413088E-04
   1850.00    0.7000510377E-04
   1851.00    0.7095800134E-04
   1852.00    0.7185737087E-04
   1853.00    0.7270731286E-04
   1854.00    0.7351153187E-04
   1855.00    0.7427338114E-04
   1856.00    0.7499590175E-04
   1857.00    0.7568185694E-04
   1858.00    0.7633376223E-04
   1859.00    0.7695391193E-04
   1860.00    0.7754440232E-04
   1861.00    0.7810715220E-04
   1862.00    0.7864392091E-04
   1863.00    0.7915632431E-04
   1864.00    0.7964584888E-04
   1865.00    0.8011386425E-04
   1866.00    0.8056163434E-04
   1867.00    0.8099032719E-04
   1868.00    0.8140102386E-04
   1869.00    0.8179472626E-04
   1870.00    0.8217236418E-04
   1871.00    0.8253480166E-04
   1872.00    0.8288284262E-04
   1873.00    0.8321723598E-04
   1874.00    0.8353868024E-04
   1875.00    0.8384782763E-04
   1876.00    0.8414528786E-04
   1877.00    0.8443163150E-04
   1878.00    0.8470739306E-04
   1879.00    0.8497307378E-04
   1880.00    0.8522914418E-04
   1881.00    0.8547604634E-04
   1882.00    0.8571419603E-04
   1883.00    0.8594398461E-04
   1884.00    0.8616578081E-04
   1885.00    0.8637993232E-04
   1886.00    0.8658676727E-04
   1887.00    0.8678659559E-04
   1888.00    0.8697971023E-04
   1889.00    0.8716638833E-04
   1890.00    0.8734689223E-04
   1891.00    0.8752147048E-04
   1892.00    0.8769035871E-04
   1893.00    0.8785378048E-04
   1894.00    0.8801194801E-04
   1895.00    0.8816506289E-04
   1896.00    0.8831331676E-04
   1897.00    0.8845689191E-04
   1898.00    0.8859596182E-04
   1899.00    0.8873069168E-04
   1900.00    0.8886123894E-04
   1901.00    0.8898775367E-04
   1902.00    0.8911037904E-04
   1903.00    0.8922925171E-04
   1904.00    0.8934450217E-04
   1905.00    0.8945625510E-04
   1906.00    0.8956462968E-04
   1907.00    0.8966973991E-04
   1908.00    0.8977169485E-04
   1909.00    0.8987059893E-04
   1910.00    0.8996655214E-04
   1911.00    0.9005965030E-04
   1912.00    0.9014998529E-04
   1913.00    0.9023764519E-04
   1914.00    0.9032271452E-04
   1915.00    0.9040527441E-04
   1916.00    0.9048540275E-04
   1917.00    0.9056317439E-04
   1918.00    0.9063866123E-04
   1919.00    0.9071193240E-04
   1920.00    0.9078305440E-04
   1921.00    0.9085209118E-04
   1922.00    0.9091910431E-04
   1923.00    0.9098415305E-04
   1924.00    0.9104729449E-04
   1925.00    0.9110858362E-04
   1926.00    0.9116807344E-04
   1927.00    0.9122581505E-04
   1928.00    0.9128185772E-04
   1929.00    0.9133624898E-04
   1930.00    0.9138903472E-04
   1931.00    0.9144025919E-04
   1932.00    0.9148996516E-04
   1933.00    0.9153819393E-04
   1934.00    0.9158498538E-04
   1935.00    0.9163037807E-04
   1936.00    0.9167440927E-04
   1937.00    0.9171711501E-04
   1938.00    0.9175853017E-04
   1939.00    0.9179868845E-04
   1940.00    0.9183762249E-04
   1941.00    0.9187536388E-04
   1942.00    0.9191194321E-04
   1943.00    0.9194739009E-04
   1944.00    0.9198173322E-04
   1945.00    0.9201500039E-04
   1946.00    0.9204721855E-04
   1947.00    0.9207841382E-04
   1948.00    0.9210861153E-04
   1949.00    0.9213783623E-04
   1950.00    0.9216611174E-04
   1951.00    0.9219346119E-04
   1952.00    0.9221990701E-04
   1953.00    0.9224547097E-04
   1954.00    0.9227017422E-04
   1955.00    0.9229403728E-04
   1956.00    0.9231708009E-04
   1957.00    0.9233932203E-04
   1958.00    0.9236078192E-04
   1959.00    0.9238147805E-04
   1960.00    0.9240142820E-04
   1961.00    0.9242064966E-04
   1962.00    0.9243915924E-04
   1963.00    0.9245697329E-04
   1964.00    0.9247410771E-04
   1965.00    0.9249057799E-04
   1966.00    0.9250639916E-04
   1967.00    0.9252158591E-04
   1968.00    0.9253615248E-04
   1969.00    0.9255011276E-04
   1970.00    0.9256348030E-04
   1971.00    0.9257626825E-04
   1972.00    0.9258848945E-04
   1973.00    0.9260015641E-04
   1974.00    0.9261128130E-04
   1975.00    0.9262187600E-04
   1976.00    0.9263195208E-04
   1977.00    0.9264152082E-04
   1978.00    0.9265059322E-04
   1979.00    0.9265918002E-04
   1980.00    0.9266729166E-04
   1981.00    0.9267493835E-04
   1982.00    0.9268213006E-04
   1983.00    0.9268887649E-04
   1984.00    0.9269518713E-04
   1985.00    0.9270107122E-04
   1986.00    0.9270653781E-04
   1987.00    0.9271159570E-04
   1988.00    0.9271625351E-04
   1989.00    0.9272051964E-04
   1990.00    0.9272440230E-04
   1991.00    0.9272790953E-04
   1992.00    0.9273104914E-04
   1993.00    0.9273382880E-04
   1994.00    0.9273625599E-04
   1995.00    0.9273833802E-04
   1996.00    0.9274008204E-04
   1997.00    0.9274149502E-04
   1998.00    0.9274258381E-04
   1999.00    0.9274335508E-04
   2000.00    0.9274381535E-04
   2001.00    0.9274397102E-04
   2002.00    0.9274382833E-04
   2003.00    0.9274339340E-04
   2004.00    0.9274267219E-04
   2005.00    0.9274167056E-04
   2006.00    0.9274039424E-04
   2007.00    0.9273884882E-04
   2008.00    0.9273703979E-04
   2009.00    0.9273497251E-04
   2010.00    0.9273265225E-04
   2011.00    0.9273008414E-04
   2012.00    0.9272727322E-04
   2013.00    0.9272422443E-04
   2014.00    0.9272094260E-04
   2015.00    0.9271743245E-04
   2016.00    0.9271369863E-04
   2017.00    0.9270974568E-04
   2018.00    0.9270557805E-04
   2019.00    0.9270120009E-04
   2020.00    0.9269661609E-04
   2021.00    0.9269183024E-04
   2022.00    0.9268684662E-04
   2023.00    0.9268166928E-04
   2024.00    0.9267630216E-04
   2025.00    0.9267074913E-04
   2026.00    0.9266501397E-04
   2027.00    0.9265910042E-04
   2028.00    0.9265301211E-04
   2029.00    0.9264675263E-04
   2030.00    0.9264032548E-04
   2031.00    0.9263373412E-04
   2032.00    0.9262698192E-04
   2033.00    0.9262007219E-04
   2034.00    0.9261300820E-04
   2035.00    0.9260579312E-04
   2036.00    0.9259843009E-04
   2037.00    0.9259092220E-04
   2038.00    0.9258327245E-04
   2039.00    0.9257548382E-04
   2040.00    0.9256755920E-04
   2041.00    0.9255950147E-04
   2042.00    0.9255131342E-04
   2043.00    0.9254299782E-04
   2044.00    0.9253455735E-04
   2045.00    0.9252599470E-04
   2046.00    0.9251731245E-04
   2047.00    0.9250851319E-04
   2048.00    0.9249959943E-04
   2049.00    0.9249057364E-04
   2050.00    0.9248143826E-04
   2051.00    0.9247219569E-04
   2052.00    0.9246284826E-04
   2053.00    0.9245339829E-04
   2054.00    0.9244384804E-04
   2055.00    0.9243419976E-04
   2056.00    0.9242445563E-04
   2057.00    0.9241461781E-04
   2058.00    0.9240468842E-04
   2059.00    0.9239466955E-04
   2060.00    0.9238456324E-04
   2061.00    0.9237437152E-04
   2062.00    0.9236409637E-04
   2063.00    0.9235373973E-04
   2064.00    0.9234330353E-04
   2065.00    0.9233278966E-04
   2066.00    0.9232219997E-04
   2067.00    0.9231153630E-04
   2068.00    0.9230080043E-04
   2069.00    0.9228999415E-04
   2070.00    0.9227911918E-04
   2071.00    0.9226817726E-04
   2072.00    0.9225717006E-04
   2073.00    0.9224609925E-04
   2074.00    0.9223496645E-04
   2075.00    0.9222377330E-04
   2076.00    0.9221252135E-04
   2077.00    0.9220121219E-04
   2078.00    0.9218984734E-04
   2079.00    0.9217842833E-04
   2080.00    0.9216695663E-04
   2081.00    0.9215543372E-04
   2082.00    0.9214386105E-04
   2083.00    0.9213224004E-04
   2084.00    0.9212057210E-04
   2085.00    0.9210885861E-04
   2086.00    0.9209710092E-04
   2087.00    0.9208530040E-04
   2088.00    0.9207345835E-04
   2089.00    0.9206157609E-04
   2090.00    0.9204965489E-04
   2091.00    0.9203769603E-04
   2092.00    0.9202570076E-04
   2093.00    0.9201367031E-04
   2094.00    0.9200160589E-04
   2095.00    0.9198950870E-04
   2096.00    0.9197737991E-04
   2097.00    0.9196522071E-04
   2098.00    0.9195303222E-04
   2099.00    0.9194081559E-04
   2100.00    0.9192857193E-04
   2101.00    0.9191630235E-04
   2102.00    0.9190400793E-04
   2103.00    0.9189168973E-04
   2104.00    0.9187934883E-04
   2105.00    0.9186698627E-04
   2106.00    0.9185460306E-04
   2107.00    0.9184220024E-04
   2108.00    0.9182977881E-04
   2109.00    0.9181733975E-04
   2110.00    0.9180488404E-04
   2111.00    0.9179241264E-04
   2112.00    0.9177992652E-04
   2113.00    0.9176742661E-04
   2114.00    0.9175491383E-04
   2115.00    0.9174238911E-04
   2116.00    0.9172985335E-04
   2117.00    0.9171730744E-04
   2118.00    0.9170475227E-04
   2119.00    0.9169218871E-04
   2120.00    0.9167961762E-04
   2121.00    0.9166703986E-04
   2122.00    0.9165445626E-04
   2123.00    0.9164186765E-04
   2124.00    0.9162927486E-04
   2125.00    0.9161667869E-04
   2126.00    0.9160407996E-04
   2127.00    0.9159147944E-04
   2128.00    0.9157887793E-04
   2129.00    0.9156627619E-04
   2130.00    0.9155367500E-04
   2131.00    0.9154107511E-04
   2132.00    0.9152847727E-04
   2133.00    0.9151588221E-04
   2134.00    0.9150329067E-04
   2135.00    0.9149070338E-04
   2136.00    0.9147812104E-04
   2137.00    0.9146554437E-04
   2138.00    0.9145297407E-04
   2139.00    0.9144041082E-04
   2140.00    0.9142785531E-04
   2141.00    0.9141530823E-04
   2142.00    0.9140277023E-04
   2143.00    0.9139024199E-04
   2144.00    0.9137772417E-04
   2145.00    0.9136521740E-04
   2146.00    0.9135272234E-04
   2147.00    0.9134023961E-04
   2148.00    0.9132776986E-04
   2149.00    0.9131531371E-04
   2150.00    0.9130287177E-04
   2151.00    0.9129044465E-04
   2152.00    0.9127803297E-04
   2153.00    0.9126563731E-04
   2154.00    0.9125325829E-04
   2155.00    0.9124089647E-04
   2156.00    0.9122855246E-04
   2157.00    0.9121622682E-04
   2158.00    0.9120392012E-04
   2159.00    0.9119163294E-04
   2160.00    0.9117936584E-04
   2161.00    0.9116711937E-04
   2162.00    0.9115489409E-04
   2163.00    0.9114269054E-04
   2164.00    0.9113050926E-04
   2165.00    0.9111835080E-04
   2166.00    0.9110621568E-04
   2167.00    0.9109410443E-04
   2168.00    0.9108201758E-04
   2169.00    0.9106995565E-04
   2170.00    0.9105791914E-04
   2171.00    0.9104590859E-04
   2172.00    0.9103392448E-04
   2173.00    0.9102196732E-04
   2174.00    0.9101003762E-04
   2175.00    0.9099813586E-04
   2176.00    0.9098626254E-04
   2177.00    0.9097441814E-04
   2178.00    0.9096260315E-04
   2179.00    0.9095081806E-04
   2180.00    0.9093906332E-04
   2181.00    0.9092733943E-04
   2182.00    0.9091564684E-04
   2183.00    0.9090398602E-04
   2184.00    0.9089235744E-04
   2185.00    0.9088076156E-04
   2186.00    0.9086919883E-04
   2187.00    0.9085766970E-04
   2188.00    0.9084617463E-04
   2189.00    0.9083471407E-04
   2190.00    0.9082328845E-04
   2191.00    0.9081189822E-04
   2192.00    0.9080054382E-04
   2193.00    0.9078922568E-04
   2194.00    0.9077794423E-04
   2195.00    0.9076669992E-04
   2196.00    0.9075549316E-04
   2197.00    0.9074432438E-04
   2198.00    0.9073319400E-04
   2199.00    0.9072210245E-04
   2200.00    0.9071105014E-04
   2201.00    0.9070003749E-04
   2202.00    0.9068906491E-04
   2203.00    0.9067813281E-04
   2204.00    0.9066724160E-04
   2205.00    0.9065639168E-04
   2206.00    0.9064558347E-04
   2207.00    0.9063481737E-04
   2208.00    0.9062409377E-04
   2209.00    0.9061341307E-04
   2210.00    0.9060277568E-04
   2211.00    0.9059218198E-04
   2212.00    0.9058163237E-04
   2213.00    0.9057112724E-04
   2214.00    0.9056066698E-04
   2215.00    0.9055025197E-04
   2216.00    0.9053988261E-04
   2217.00    0.9052955928E-04
   2218.00    0.9051928235E-04
   2219.00    0.9050905222E-04
   2220.00    0.9049886926E-04
   2221.00    0.9048873384E-04
   2222.00    0.9047864636E-04
   2223.00    0.9046860717E-04
   2224.00    0.9045861666E-04
   2225.00    0.9044867520E-04
   2226.00    0.9043878316E-04
   2227.00    0.9042894091E-04
   2228.00    0.9041914881E-04
   2229.00    0.9040940725E-04
   2230.00    0.9039971657E-04
   2231.00    0.9039007716E-04
   2232.00    0.9038048937E-04
   2233.00    0.9037095357E-04
   2234.00    0.9036147011E-04
   2235.00    0.9035203937E-04
   2236.00    0.9034266169E-04
   2237.00    0.9033333745E-04
   2238.00    0.9032406700E-04
   2239.00    0.9031485069E-04
   2240.00    0.9030568889E-04
   2241.00    0.9029658194E-04
   2242.00    0.9028753021E-04
   2243.00    0.9027853405E-04
   2244.00    0.9026959382E-04
   2245.00    0.9026070986E-04
   2246.00    0.9025188254E-04
   2247.00    0.9024311219E-04
   2248.00    0.9023439918E-04
   2249.00    0.9022574385E-04
   2250.00    0.9021714656E-04
   2251.00    0.9020860765E-04
   2252.00    0.9020012747E-04
   2253.00    0.9019170638E-04
   2254.00    0.9018334472E-04
   2255.00    0.9017504284E-04
   2256.00    0.9016680108E-04
   2257.00    0.9015861981E-04
   2258.00    0.9015049935E-04
   2259.00    0.9014244006E-04
   2260.00    0.9013444229E-04
   2261.00    0.9012650637E-04
   2262.00    0.9011863267E-04
   2263.00    0.9011082152E-04
   2264.00    0.9010307327E-04
   2265.00    0.9009538826E-04
   2266.00    0.9008776685E-04
   2267.00    0.9008020937E-04
   2268.00    0.9007271617E-04
   2269.00    0.9006528760E-04
   2270.00    0.9005792400E-04
   2271.00    0.9005062572E-04
   2272.00    0.9004339310E-04
   2273.00    0.9003622650E-04
   2274.00    0.9002912624E-04
   2275.00    0.9002209269E-04
   2276.00    0.9001512618E-04
   2277.00    0.9000822707E-04
   2278.00    0.9000139569E-04
   2279.00    0.8999463240E-04
   2280.00    0.8998793754E-04
   2281.00    0.8998131145E-04
   2282.00    0.8997475449E-04
   2283.00    0.8996826701E-04
   2284.00    0.8996184934E-04
   2285.00    0.8995550185E-04
   2286.00    0.8994922487E-04
   2287.00    0.8994301875E-04
   2288.00    0.8993688385E-04
   2289.00    0.8993082052E-04
   2290.00    0.8992482910E-04
   2291.00    0.8991890994E-04
   2292.00    0.8991306340E-04
   2293.00    0.8990728983E-04
   2294.00    0.8990158959E-04
   2295.00    0.8989596301E-04
   2296.00    0.8989041046E-04
   2297.00    0.8988493229E-04
   2298.00    0.8987952885E-04
   2299.00    0.8987420051E-04
   2300.00    0.8986894761E-04
   2301.00    0.8986377051E-04
   2302.00    0.8985866957E-04
   2303.00    0.8985364515E-04
   2304.00    0.8984869760E-04
   2305.00    0.8984382729E-04
   2306.00    0.8983903458E-04
   2307.00    0.8983431982E-04
   2308.00    0.8982968338E-04
   2309.00    0.8982512562E-04
   2310.00    0.8982064691E-04
   2311.00    0.8981624761E-04
   2312.00    0.8981192808E-04
   2313.00    0.8980768869E-04
   2314.00    0.8980352982E-04
   2315.00    0.8979945182E-04
   2316.00    0.8979545506E-04
   2317.00    0.8979153993E-04
   2318.00    0.8978770678E-04
   2319.00    0.8978395599E-04
   2320.00    0.8978028794E-04
   2321.00    0.8977670300E-04
   2322.00    0.8977320154E-04
   2323.00    0.8976978394E-04
   2324.00    0.8976645059E-04
   2325.00    0.8976320185E-04
   2326.00    0.8976003811E-04
   2327.00    0.8975695976E-04
   2328.00    0.8975396717E-04
   2329.00    0.8975106073E-04
   2330.00    0.8974824082E-04
   2331.00    0.8974550784E-04
   2332.00    0.8974286216E-04
   2333.00    0.8974030418E-04
   2334.00    0.8973783430E-04
   2335.00    0.8973545289E-04
   2336.00    0.8973316037E-04
   2337.00    0.8973095711E-04
   2338.00    0.8972884353E-04
   2339.00    0.8972682001E-04
   2340.00    0.8972488695E-04
   2341.00    0.8972304476E-04
   2342.00    0.8972129385E-04
   2343.00    0.8971963461E-04
   2344.00    0.8971806745E-04
   2345.00    0.8971659277E-04
   2346.00    0.8971521100E-04
   2347.00    0.8971392253E-04
   2348.00    0.8971272778E-04
   2349.00    0.8971162717E-04
   2350.00    0.8971062111E-04
   2351.00    0.8970971002E-04
   2352.00    0.8970889432E-04
   2353.00    0.8970817442E-04
   2354.00    0.8970755076E-04
   2355.00    0.8970702376E-04
   2356.00    0.8970659384E-04
   2357.00    0.8970626143E-04
   2358.00    0.8970602697E-04
   2359.00    0.8970589088E-04
   2360.00    0.8970585361E-04
   2361.00    0.8970591558E-04
   2362.00    0.8970607723E-04
   2363.00    0.8970633902E-04
   2364.00    0.8970670137E-04
   2365.00    0.8970716473E-04
   2366.00    0.8970772956E-04
   2367.00    0.8970839629E-04
   2368.00    0.8970916538E-04
   2369.00    0.8971003729E-04
   2370.00    0.8971101246E-04
   2371.00    0.8971209136E-04
   2372.00    0.8971327444E-04
   2373.00    0.8971456217E-04
   2374.00    0.8971595501E-04
   2375.00    0.8971745343E-04
   2376.00    0.8971905790E-04
   2377.00    0.8972076888E-04
   2378.00    0.8972258686E-04
   2379.00    0.8972451231E-04
   2380.00    0.8972654570E-04
   2381.00    0.8972868752E-04
   2382.00    0.8973093825E-04
   2383.00    0.8973329838E-04
   2384.00    0.8973576839E-04
   2385.00    0.8973834878E-04
   2386.00    0.8974104004E-04
   2387.00    0.8974384267E-04
   2388.00    0.8974675716E-04
   2389.00    0.8974978403E-04
   2390.00    0.8975292376E-04
   2391.00    0.8975617687E-04
   2392.00    0.8975954387E-04
   2393.00    0.8976302528E-04
   2394.00    0.8976662160E-04
   2395.00    0.8977033335E-04
   2396.00    0.8977416106E-04
   2397.00    0.8977810526E-04
   2398.00    0.8978216646E-04
   2399.00    0.8978634520E-04
   2400.00    0.8979064200E-04
   2401.00    0.8979505742E-04
   2402.00    0.8979959198E-04
   2403.00    0.8980424623E-04
   2404.00    0.8980902071E-04
   2405.00    0.8981391598E-04
   2406.00    0.8981893257E-04
   2407.00    0.8982407106E-04
   2408.00    0.8982933199E-04
   2409.00    0.8983471593E-04
   2410.00    0.8984022344E-04
   2411.00    0.8984585508E-04
   2412.00    0.8985161144E-04
   2413.00    0.8985749309E-04
   2414.00    0.8986350059E-04
   2415.00    0.8986963454E-04
   2416.00    0.8987589553E-04
   2417.00    0.8988228413E-04
   2418.00    0.8988880094E-04
   2419.00    0.8989544655E-04
   2420.00    0.8990222157E-04
   2421.00    0.8990912660E-04
   2422.00    0.8991616224E-04
   2423.00    0.8992332911E-04
   2424.00    0.8993062782E-04
   2425.00    0.8993805899E-04
   2426.00    0.8994562323E-04
   2427.00    0.8995332118E-04
   2428.00    0.8996115346E-04
   2429.00    0.8996912071E-04
   2430.00    0.8997722357E-04
   2431.00    0.8998546267E-04
   2432.00    0.8999383867E-04
   2433.00    0.9000235220E-04
   2434.00    0.9001100394E-04
   2435.00    0.9001979452E-04
   2436.00    0.9002872463E-04
   2437.00    0.9003779491E-04
   2438.00    0.9004700605E-04
   2439.00    0.9005635872E-04
   2440.00    0.9006585359E-04
   2441.00    0.9007549136E-04
   2442.00    0.9008527271E-04
   2443.00    0.9009519833E-04
   2444.00    0.9010526892E-04
   2445.00    0.9011548519E-04
   2446.00    0.9012584783E-04
   2447.00    0.9013635757E-04
   2448.00    0.9014701511E-04
   2449.00    0.9015782118E-04
   2450.00    0.9016877650E-04
   2451.00    0.9017988181E-04
   2452.00    0.9019113783E-04
   2453.00    0.9020254532E-04
   2454.00    0.9021410501E-04
   2455.00    0.9022581765E-04
   2456.00    0.9023768401E-04
   2457.00    0.9024970484E-04
   2458.00    0.9026188091E-04
   2459.00    0.9027421298E-04
   2460.00    0.9028670184E-04
   2461.00    0.9029934827E-04
   2462.00    0.9031215304E-04
   2463.00    0.9032511697E-04
   2464.00    0.9033824084E-04
   2465.00    0.9035152546E-04
   2466.00    0.9036497163E-04
   2467.00    0.9037858017E-04
   2468.00    0.9039235191E-04
   2469.00    0.9040628767E-04
   2470.00    0.9042038827E-04
   2471.00    0.9043465457E-04
   2472.00    0.9044908739E-04
   2473.00    0.9046368760E-04
   2474.00    0.9047845604E-04
   2475.00    0.9049339359E-04
   2476.00    0.9050850110E-04
   2477.00    0.9052377946E-04
   2478.00    0.9053922953E-04
   2479.00    0.9055485222E-04
   2480.00    0.9057064841E-04
   2481.00    0.9058661900E-04
   2482.00    0.9060276490E-04
   2483.00    0.9061908703E-04
   2484.00    0.9063558629E-04
   2485.00    0.9065226362E-04
   2486.00    0.9066911995E-04
   2487.00    0.9068615622E-04
   2488.00    0.9070337338E-04
   2489.00    0.9072077238E-04
   2490.00    0.9073835418E-04
   2491.00    0.9075611975E-04
   2492.00    0.9077407006E-04
   2493.00    0.9079220610E-04
   2494.00    0.9081052885E-04
   2495.00    0.9082903932E-04
   2496.00    0.9084773850E-04
   2497.00    0.9086662742E-04
   2498.00    0.9088570708E-04
   2499.00    0.9090497851E-04
   2500.00    0.9092444276E-04
   2501.00    0.9094410086E-04
   2502.00    0.9096395386E-04
   2503.00    0.9098400282E-04
   2504.00    0.9100424882E-04
   2505.00    0.9102469291E-04
   2506.00    0.9104533620E-04
   2507.00    0.9106617976E-04
   2508.00    0.9108722470E-04
   2509.00    0.9110847213E-04
   2510.00    0.9112992316E-04
   2511.00    0.9115157891E-04
   2512.00    0.9117344053E-04
   2513.00    0.9119550916E-04
   2514.00    0.9121778594E-04
   2515.00    0.9124027204E-04
   2516.00    0.9126296863E-04
   2517.00    0.9128587689E-04
   2518.00    0.9130899800E-04
   2519.00    0.9133233316E-04
   2520.00    0.9135588359E-04
   2521.00    0.9137965049E-04
   2522.00    0.9140363509E-04
   2523.00    0.9142783864E-04
   2524.00    0.9145226237E-04
   2525.00    0.9147690754E-04
   2526.00    0.9150177541E-04
   2527.00    0.9152686727E-04
   2528.00    0.9155218440E-04
   2529.00    0.9157772810E-04
   2530.00    0.9160349966E-04
   2531.00    0.9162950042E-04
   2532.00    0.9165573170E-04
   2533.00    0.9168219483E-04
   2534.00    0.9170889118E-04
   2535.00    0.9173582209E-04
   2536.00    0.9176298894E-04
   2537.00    0.9179039312E-04
   2538.00    0.9181803601E-04
   2539.00    0.9184591903E-04
   2540.00    0.9187404360E-04
   2541.00    0.9190241113E-04
   2542.00    0.9193102308E-04
   2543.00    0.9195988090E-04
   2544.00    0.9198898605E-04
   2545.00    0.9201834000E-04
   2546.00    0.9204794426E-04
   2547.00    0.9207780032E-04
   2548.00    0.9210790970E-04
   2549.00    0.9213827392E-04
   2550.00    0.9216889453E-04
   2551.00    0.9219977307E-04
   2552.00    0.9223091113E-04
   2553.00    0.9226231026E-04
   2554.00    0.9229397208E-04
   2555.00    0.9232589818E-04
   2556.00    0.9235809019E-04
   2557.00    0.9239054974E-04
   2558.00    0.9242327847E-04
   2559.00    0.9245627807E-04
   2560.00    0.9248955019E-04
   2561.00    0.9252309653E-04
   2562.00    0.9255691879E-04
   2563.00    0.9259101871E-04
   2564.00    0.9262539801E-04
   2565.00    0.9266005844E-04
   2566.00    0.9269500178E-04
   2567.00    0.9273022980E-04
   2568.00    0.9276574430E-04
   2569.00    0.9280154709E-04
   2570.00    0.9283764000E-04
   2571.00    0.9287402488E-04
   2572.00    0.9291070359E-04
   2573.00    0.9294767801E-04
   2574.00    0.9298495003E-04
   2575.00    0.9302252156E-04
   2576.00    0.9306039453E-04
   2577.00    0.9309857089E-04
   2578.00    0.9313705261E-04
   2579.00    0.9317584165E-04
   2580.00    0.9321494002E-04
   2581.00    0.9325434974E-04
   2582.00    0.9329407284E-04
   2583.00    0.9333411138E-04
   2584.00    0.9337446743E-04
   2585.00    0.9341514307E-04
   2586.00    0.9345614043E-04
   2587.00    0.9349746162E-04
   2588.00    0.9353910879E-04
   2589.00    0.9358108413E-04
   2590.00    0.9362338980E-04
   2591.00    0.9366602803E-04
   2592.00    0.9370900104E-04
   2593.00    0.9375231108E-04
   2594.00    0.9379596042E-04
   2595.00    0.9383995136E-04
   2596.00    0.9388428620E-04
   2597.00    0.9392896729E-04
   2598.00    0.9397399697E-04
   2599.00    0.9401937763E-04
   2600.00    0.9406511167E-04
   2601.00    0.9411120151E-04
   2602.00    0.9415764961E-04
   2603.00    0.9420445842E-04
   2604.00    0.9425163044E-04
   2605.00    0.9429916820E-04
   2606.00    0.9434707422E-04
   2607.00    0.9439535109E-04
   2608.00    0.9444400138E-04
   2609.00    0.9449302772E-04
   2610.00    0.9454243274E-04
   2611.00    0.9459221911E-04
   2612.00    0.9464238952E-04
   2613.00    0.9469294669E-04
   2614.00    0.9474389336E-04
   2615.00    0.9479523231E-04
   2616.00    0.9484696634E-04
   2617.00    0.9489909826E-04
   2618.00    0.9495163093E-04
   2619.00    0.9500456724E-04
   2620.00    0.9505791009E-04
   2621.00    0.9511166243E-04
   2622.00    0.9516582722E-04
   2623.00    0.9522040745E-04
   2624.00    0.9527540616E-04
   2625.00    0.9533082641E-04
   2626.00    0.9538667128E-04
   2627.00    0.9544294388E-04
   2628.00    0.9549964738E-04
   2629.00    0.9555678496E-04
   2630.00    0.9561435982E-04
   2631.00    0.9567237522E-04
   2632.00    0.9573083444E-04
   2633.00    0.9578974078E-04
   2634.00    0.9584909760E-04
   2635.00    0.9590890829E-04
   2636.00    0.9596917625E-04
   2637.00    0.9602990493E-04
   2638.00    0.9609109784E-04
   2639.00    0.9615275848E-04
   2640.00    0.9621489042E-04
   2641.00    0.9627749725E-04
   2642.00    0.9634058262E-04
   2643.00    0.9640415018E-04
   2644.00    0.9646820366E-04
   2645.00    0.9653274681E-04
   2646.00    0.9659778340E-04
   2647.00    0.9666331728E-04
   2648.00    0.9672935231E-04
   2649.00    0.9679589241E-04
   2650.00    0.9686294151E-04
   2651.00    0.9693050363E-04
   2652.00    0.9699858280E-04
   2653.00    0.9706718309E-04
   2654.00    0.9713630864E-04
   2655.00    0.9720596360E-04
   2656.00    0.9727615220E-04
   2657.00    0.9734687870E-04
   2658.00    0.9741814740E-04
   2659.00    0.9748996265E-04
   2660.00    0.9756232886E-04
   2661.00    0.9763525047E-04
   2662.00    0.9770873197E-04
   2663.00    0.9778277793E-04
   2664.00    0.9785739293E-04
   2665.00    0.9793258162E-04
   2666.00    0.9800834870E-04
   2667.00    0.9808469892E-04
   2668.00    0.9816163709E-04
   2669.00    0.9823916806E-04
   2670.00    0.9831729675E-04
   2671.00    0.9839602813E-04
   2672.00    0.9847536722E-04
   2673.00    0.9855531910E-04
   2674.00    0.9863588891E-04
   2675.00    0.9871708185E-04
   2676.00    0.9879890316E-04
   2677.00    0.9888135818E-04
   2678.00    0.9896445227E-04
   2679.00    0.9904819088E-04
   2680.00    0.9913257950E-04
   2681.00    0.9921762370E-04
   2682.00    0.9930332912E-04
   2683.00    0.9938970144E-04
   2684.00    0.9947674643E-04
   2685.00    0.9956446991E-04
   2686.00    0.9965287779E-04
   2687.00    0.9974197602E-04
   2688.00    0.9983177066E-04
   2689.00    0.9992226779E-04
   2690.00    0.1000134736E-03
   2691.00    0.1001053944E-03
   2692.00    0.1001980364E-03
   2693.00    0.1002914061E-03
   2694.00    0.1003855099E-03
   2695.00    0.1004803545E-03
   2696.00    0.1005759464E-03
   2697.00    0.1006722924E-03
   2698.00    0.1007693992E-03
   2699.00    0.1008672738E-03
   2700.00    0.1009659232E-03
   2701.00    0.1010653542E-03
   2702.00    0.1011655742E-03
   2703.00    0.1012665903E-03
   2704.00    0.1013684099E-03
   2705.00    0.1014710403E-03
   2706.00    0.1015744891E-03
   2707.00    0.1016787638E-03
   2708.00    0.1017838722E-03
   2709.00    0.1018898219E-03
   2710.00    0.1019966210E-03
   2711.00    0.1021042773E-03
   2712.00    0.1022127990E-03
   2713.00    0.1023221942E-03
   2714.00    0.1024324712E-03
   2715.00    0.1025436385E-03
   2716.00    0.1026557045E-03
   2717.00    0.1027686778E-03
   2718.00    0.1028825672E-03
   2719.00    0.1029973814E-03
   2720.00    0.1031131295E-03
   2721.00    0.1032298205E-03
   2722.00    0.1033474636E-03
   2723.00    0.1034660680E-03
   2724.00    0.1035856433E-03
   2725.00    0.1037061989E-03
   2726.00    0.1038277445E-03
   2727.00    0.1039502900E-03
   2728.00    0.1040738453E-03
   2729.00    0.1041984204E-03
   2730.00    0.1043240256E-03
   2731.00    0.1044506711E-03
   2732.00    0.1045783675E-03
   2733.00    0.1047071254E-03
   2734.00    0.1048369555E-03
   2735.00    0.1049678688E-03
   2736.00    0.1050998763E-03
   2737.00    0.1052329892E-03
   2738.00    0.1053672189E-03
   2739.00    0.1055025769E-03
   2740.00    0.1056390749E-03
   2741.00    0.1057767248E-03
   2742.00    0.1059155384E-03
   2743.00    0.1060555282E-03
   2744.00    0.1061967062E-03
   2745.00    0.1063390852E-03
   2746.00    0.1064826778E-03
   2747.00    0.1066274968E-03
   2748.00    0.1067735553E-03
   2749.00    0.1069208666E-03
   2750.00    0.1070694441E-03
   2751.00    0.1072193015E-03
   2752.00    0.1073704525E-03
   2753.00    0.1075229112E-03
   2754.00    0.1076766918E-03
   2755.00    0.1078318087E-03
   2756.00    0.1079882767E-03
   2757.00    0.1081461105E-03
   2758.00    0.1083053253E-03
   2759.00    0.1084659363E-03
   2760.00    0.1086279591E-03
   2761.00    0.1087914094E-03
   2762.00    0.1089563033E-03
   2763.00    0.1091226569E-03
   2764.00    0.1092904868E-03
   2765.00    0.1094598097E-03
   2766.00    0.1096306426E-03
   2767.00    0.1098030027E-03
   2768.00    0.1099769075E-03
   2769.00    0.1101523748E-03
   2770.00    0.1103294226E-03
   2771.00    0.1105080694E-03
   2772.00    0.1106883336E-03
   2773.00    0.1108702342E-03
   2774.00    0.1110537904E-03
   2775.00    0.1112390216E-03
   2776.00    0.1114259478E-03
   2777.00    0.1116145889E-03
   2778.00    0.1118049655E-03
   2779.00    0.1119970982E-03
   2780.00    0.1121910083E-03
   2781.00    0.1123867170E-03
   2782.00    0.1125842463E-03
   2783.00    0.1127836182E-03
   2784.00    0.1129848551E-03
   2785.00    0.1131879801E-03
   2786.00    0.1133930162E-03
   2787.00    0.1135999871E-03
   2788.00    0.1138089168E-03
   2789.00    0.1140198297E-03
   2790.00    0.1142327506E-03
   2791.00    0.1144477048E-03
   2792.00    0.1146647177E-03
   2793.00    0.1148838156E-03
   2794.00    0.1151050249E-03
   2795.00    0.1153283726E-03
   2796.00    0.1155538862E-03
   2797.00    0.1157815934E-03
   2798.00    0.1160115227E-03
   2799.00    0.1162437029E-03
   2800.00    0.1164781634E-03
   2801.00    0.1167149341E-03
   2802.00    0.1169540453E-03
   2803.00    0.1171955280E-03
   2804.00    0.1174394136E-03
   2805.00    0.1176857343E-03
   2806.00    0.1179345224E-03
   2807.00    0.1181858114E-03
   2808.00    0.1184396348E-03
   2809.00    0.1186960272E-03
   2810.00    0.1189550235E-03
   2811.00    0.1192166593E-03
   2812.00    0.1194809710E-03
   2813.00    0.1197479955E-03
   2814.00    0.1200177704E-03
   2815.00    0.1202903342E-03
   2816.00    0.1205657257E-03
   2817.00    0.1208439848E-03
   2818.00    0.1211251521E-03
   2819.00    0.1214092688E-03
   2820.00    0.1216963769E-03
   2821.00    0.1219865194E-03
   2822.00    0.1222797400E-03
   2823.00    0.1225760831E-03
   2824.00    0.1228755941E-03
   2825.00    0.1231783194E-03
   2826.00    0.1234843061E-03
   2827.00    0.1237936022E-03
   2828.00    0.1241062568E-03
   2829.00    0.1244223199E-03
   2830.00    0.1247418425E-03
   2831.00    0.1250648767E-03
   2832.00    0.1253914754E-03
   2833.00    0.1257216928E-03
   2834.00    0.1260555841E-03
   2835.00    0.1263932057E-03
   2836.00    0.1267346150E-03
   2837.00    0.1270798708E-03
   2838.00    0.1274290329E-03
   2839.00    0.1277821624E-03
   2840.00    0.1281393218E-03
   2841.00    0.1285005748E-03
   2842.00    0.1288659864E-03
   2843.00    0.1292356232E-03
   2844.00    0.1296095528E-03
   2845.00    0.1299878447E-03
   2846.00    0.1303705696E-03
   2847.00    0.1307577999E-03
   2848.00    0.1311496095E-03
   2849.00    0.1315460739E-03
   2850.00    0.1319472703E-03
   2851.00    0.1323532776E-03
   2852.00    0.1327641764E-03
   2853.00    0.1331800492E-03
   2854.00    0.1336009802E-03
   2855.00    0.1340270557E-03
   2856.00    0.1344583638E-03
   2857.00    0.1348949948E-03
   2858.00    0.1353370408E-03
   2859.00    0.1357845963E-03
   2860.00    0.1362377578E-03
   2861.00    0.1366966242E-03
   2862.00    0.1371612966E-03
   2863.00    0.1376318786E-03
   2864.00    0.1381084762E-03
   2865.00    0.1385911980E-03
   2866.00    0.1390801550E-03
   2867.00    0.1395754613E-03
   2868.00    0.1400772334E-03
   2869.00    0.1405855908E-03
   2870.00    0.1411006559E-03
   2871.00    0.1416225542E-03
   2872.00    0.1421514144E-03
   2873.00    0.1426873683E-03
   2874.00    0.1432305510E-03
   2875.00    0.1437811011E-03
   2876.00    0.1443391608E-03
   2877.00    0.1449048759E-03
   2878.00    0.1454783960E-03
   2879.00    0.1460598746E-03
   2880.00    0.1466494692E-03
   2881.00    0.1472473414E-03
   2882.00    0.1478536574E-03
   2883.00    0.1484685874E-03
   2884.00    0.1490923066E-03
   2885.00    0.1497249946E-03
   2886.00    0.1503668363E-03
   2887.00    0.1510180212E-03
   2888.00    0.1516787444E-03
   2889.00    0.1523492064E-03
   2890.00    0.1530296132E-03
   2891.00    0.1537201767E-03
   2892.00    0.1544211148E-03
   2893.00    0.1551326518E-03
   2894.00    0.1558550181E-03
   2895.00    0.1565884513E-03
   2896.00    0.1573331955E-03
   2897.00    0.1580895022E-03
   2898.00    0.1588576305E-03
   2899.00    0.1596378470E-03
   2900.00    0.1604304264E-03
   2901.00    0.1612356520E-03
   2902.00    0.1620538155E-03
   2903.00    0.1628852176E-03
   2904.00    0.1637301684E-03
   2905.00    0.1645889878E-03
   2906.00    0.1654620057E-03
   2907.00    0.1663495625E-03
   2908.00    0.1672520096E-03
   2909.00    0.1681697096E-03
   2910.00    0.1691030370E-03
   2911.00    0.1700523787E-03
   2912.00    0.1710181342E-03
   2913.00    0.1720007164E-03
   2914.00    0.1730005523E-03
   2915.00    0.1740180831E-03
   2916.00    0.1750537653E-03
   2917.00    0.1761080711E-03
   2918.00    0.1771814890E-03
   2919.00    0.1782745250E-03
   2920.00    0.1793877027E-03
   2921.00    0.1805215645E-03
   2922.00    0.1816766725E-03
   2923.00    0.1828536090E-03
   2924.00    0.1840529780E-03
   2925.00    0.1852754054E-03
   2926.00    0.1865215411E-03
   2927.00    0.1877920590E-03
   2928.00    0.1890876590E-03
   2929.00    0.1904090678E-03
   2930.00    0.1917570402E-03
   2931.00    0.1931323609E-03
   2932.00    0.1945358453E-03
   2933.00    0.1959683416E-03
   2934.00    0.1974307323E-03
   2935.00    0.1989239357E-03
   2936.00    0.2004489080E-03
   2937.00    0.2020066452E-03
   2938.00    0.2035981852E-03
   2939.00    0.2052246101E-03
   2940.00    0.2068870482E-03
   2941.00    0.2085866771E-03
   2942.00    0.2103247256E-03
   2943.00    0.2121024776E-03
   2944.00    0.2139212740E-03
   2945.00    0.2157825169E-03
   2946.00    0.2176876724E-03
   2947.00    0.2196382748E-03
   2948.00    0.2216359304E-03
   2949.00    0.2236823215E-03
   2950.00    0.2257792114E-03
   2951.00    0.2279284491E-03
   2952.00    0.2301319744E-03
   2953.00    0.2323918239E-03
   2954.00    0.2347101366E-03
   2955.00    0.2370891609E-03
   2956.00    0.2395312614E-03
   2957.00    0.2420389264E-03
   2958.00    0.2446147763E-03
   2959.00    0.2472615723E-03
   2960.00    0.2499822260E-03
   2961.00    0.2527798096E-03
   2962.00    0.2556575674E-03
   2963.00    0.2586189278E-03
   2964.00    0.2616675162E-03
   2965.00    0.2648071699E-03
   2966.00    0.2680419535E-03
   2967.00    0.2713761754E-03
   2968.00    0.2748144073E-03
   2969.00    0.2783615035E-03
   2970.00    0.2820226238E-03
   2971.00    0.2858032572E-03
   2972.00    0.2897092489E-03
   2973.00    0.2937468293E-03
   2974.00    0.2979226462E-03
   2975.00    0.3022438000E-03
   2976.00    0.3067178829E-03
   2977.00    0.3113530221E-03
   2978.00    0.3161579271E-03
   2979.00    0.3211419428E-03
   2980.00    0.3263151084E-03
   2981.00    0.3316882221E-03
   2982.00    0.3372729144E-03
   2983.00    0.3430817291E-03
   2984.00    0.3491282140E-03
   2985.00    0.3554270231E-03
   2986.00    0.3619940310E-03
   2987.00    0.3688464614E-03
   2988.00    0.3760030329E-03
   2989.00    0.3834841237E-03
   2990.00    0.3913119577E-03
   2991.00    0.3995108172E-03
   2992.00    0.4081072843E-03
   2993.00    0.4171305183E-03
   2994.00    0.4266125719E-03
   2995.00    0.4365887570E-03
   2996.00    0.4470980648E-03
   2997.00    0.4581836540E-03
   2998.00    0.4698934163E-03
   2999.00    0.4822806369E-03
   3000.00    0.4954047675E-03
   3001.00    0.5093323338E-03
   3002.00    0.5241380078E-03
   3003.00    0.5399058778E-03
   3004.00    0.5567309613E-03
   3005.00    0.5747210157E-03
   3006.00    0.5939987161E-03
   3007.00    0.6147042901E-03
   3008.00    0.6369987222E-03
   3009.00    0.6610676775E-03
   3010.00    0.6871263348E-03
   3011.00    0.7154253824E-03
   3012.00    0.7462585117E-03
   3013.00    0.7799718541E-03
   3014.00    0.8169759668E-03
   3015.00    0.8577611909E-03
   3016.00    0.9029175191E-03
   3017.00    0.9531605608E-03
   3018.00    0.1009365849E-02
   3019.00    0.1072614705E-02
   3020.00    0.1144256334E-02
   3021.00    0.1225993039E-02
   3022.00    0.1319998883E-02
   3023.00    0.1429087512E-02
   3024.00    0.1556953484E-02
   3025.00    0.1708525411E-02
   3026.00    0.1890492158E-02
   3027.00    0.2112101213E-02
   3028.00    0.2386390353E-02
   3029.00    0.2732111589E-02
   3030.00    0.3176741905E-02
   3031.00    0.3761079331E-02
   3032.00    0.4545586646E-02
   3033.00    0.5616038593E-02
   3034.00    0.7074026378E-02
   3035.00    0.8954964939E-02
   3036.00    0.1092929006E-01
   3037.00    0.1183531947E-01
   3038.00    0.1040009506E-01
   3039.00    0.7391532204E-02
   3040.00    0.4592919080E-02
   3041.00    0.2642358592E-02
   3042.00    0.1373558933E-02
   3043.00    0.5121892249E-03
   3044.00    0.1493896030E-03
   3045.00    0.5809080002E-03
   3046.00    0.8191407775E-03
   3047.00    0.8930115056E-03
   3048.00    0.8845473373E-03
   3049.00    0.8471005137E-03
   3050.00    0.8031503685E-03
   3051.00    0.7605030718E-03
   3052.00    0.7213994159E-03
   3053.00    0.6861547953E-03
   3054.00    0.6544843293E-03
   3055.00    0.6259652421E-03
   3056.00    0.6001884316E-03
   3057.00    0.5768001616E-03
   3058.00    0.5555064842E-03
   3059.00    0.5360664480E-03
   3060.00    0.5182831903E-03
   3061.00    0.5019958300E-03
   3062.00    0.4870728730E-03
   3063.00    0.4734071036E-03
   3064.00    0.4609117335E-03
   3065.00    0.4495175689E-03
   3066.00    0.4391709903E-03
   3067.00    0.4298326002E-03
   3068.00    0.4214764345E-03
   3069.00    0.4140896827E-03
   3070.00    0.4076728918E-03
   3071.00    0.4022406715E-03
   3072.00    0.3978229464E-03
   3073.00    0.3944668479E-03
   3074.00    0.3922393849E-03
   3075.00    0.3912310989E-03
   3076.00    0.3915609967E-03
   3077.00    0.3933831808E-03
   3078.00    0.3968957752E-03
   3079.00    0.4023530058E-03
   3080.00    0.4100816865E-03
   3081.00    0.4205039499E-03
   3082.00    0.4341689720E-03
   3083.00    0.4517978565E-03
   3084.00    0.4743481022E-03
   3085.00    0.5031077232E-03
   3086.00    0.5398350610E-03
   3087.00    0.5869701884E-03
   3088.00    0.6479600649E-03
   3089.00    0.7277656751E-03
   3090.00    0.8336574180E-03
   3091.00    0.9764433245E-03
   3092.00    0.1172231168E-02
   3093.00    0.1444314289E-02
   3094.00    0.1822232827E-02
   3095.00    0.2325403069E-02
   3096.00    0.2895243556E-02
   3097.00    0.3260832002E-02
   3098.00    0.3036406027E-02
   3099.00    0.2325244897E-02
   3100.00    0.1660981046E-02
   3101.00    0.1368058366E-02
   3102.00    0.1552488144E-02
   3103.00    0.2245394580E-02
   3104.00    0.3441215271E-02
   3105.00    0.4830044090E-02
   3106.00    0.5566690378E-02
   3107.00    0.5217171979E-02
   3108.00    0.4329405666E-02
   3109.00    0.3456928583E-02
   3110.00    0.2770965797E-02
   3111.00    0.2263426200E-02
   3112.00    0.1889887444E-02
   3113.00    0.1611132325E-02
   3114.00    0.1399001101E-02
   3115.00    0.1234283549E-02
   3116.00    0.1103943326E-02
   3117.00    0.9990330854E-03
   3118.00    0.9133048231E-03
   3119.00    0.8423120946E-03
   3120.00    0.7828307159E-03
   3121.00    0.7324809335E-03
   3122.00    0.6894771290E-03
   3123.00    0.6524591211E-03
   3124.00    0.6203764632E-03
   3125.00    0.5924077319E-03
   3126.00    0.5679033131E-03
   3127.00    0.5463442274E-03
   3128.00    0.5273120825E-03
   3129.00    0.5104668567E-03
   3130.00    0.4955302783E-03
   3131.00    0.4822732543E-03
   3132.00    0.4705062682E-03
   3133.00    0.4600719829E-03
   3134.00    0.4508395000E-03
   3135.00    0.4426998773E-03
   3136.00    0.4355626164E-03
   3137.00    0.4293529050E-03
   3138.00    0.4240094577E-03
   3139.00    0.4194828364E-03
   3140.00    0.4157341659E-03
   3141.00    0.4127341808E-03
   3142.00    0.4104625614E-03
   3143.00    0.4089075292E-03
   3144.00    0.4080656879E-03
   3145.00    0.4079421086E-03
   3146.00    0.4085506697E-03
   3147.00    0.4099146779E-03
   3148.00    0.4120678120E-03
   3149.00    0.4150554550E-03
   3150.00    0.4189365046E-03
   3151.00    0.4237857925E-03
   3152.00    0.4296972948E-03
   3153.00    0.4367883878E-03
   3154.00    0.4452055123E-03
   3155.00    0.4551317648E-03
   3156.00    0.4667971656E-03
   3157.00    0.4804927122E-03
   3158.00    0.4965898764E-03
   3159.00    0.5155680995E-03
   3160.00    0.5380543305E-03
   3161.00    0.5648813064E-03
   3162.00    0.5971763522E-03
   3163.00    0.6365032409E-03
   3164.00    0.6851048885E-03
   3165.00    0.7463576326E-03
   3166.00    0.8256903296E-03
   3167.00    0.9323099643E-03
   3168.00    0.1079954361E-02
   3169.00    0.1270274781E-02
   3170.00    0.1429738003E-02
   3171.00    0.1420930208E-02
   3172.00    0.1246227024E-02
   3173.00    0.1027838246E-02
   3174.00    0.8415539230E-03
   3175.00    0.7071841625E-03
   3176.00    0.6301282145E-03
   3177.00    0.6258191397E-03
   3178.00    0.7292021049E-03
   3179.00    0.9908498573E-03
   3180.00    0.1462983589E-02
   3181.00    0.2133259596E-02
   3182.00    0.2747340692E-02
   3183.00    0.2872765808E-02
   3184.00    0.2495544822E-02
   3185.00    0.1975619541E-02
   3186.00    0.1531021053E-02
   3187.00    0.1199408141E-02
   3188.00    0.9592408078E-03
   3189.00    0.7838171777E-03
   3190.00    0.6529613647E-03
   3191.00    0.5529838555E-03
   3192.00    0.4747956924E-03
   3193.00    0.4123198254E-03
   3194.00    0.3614212579E-03
   3195.00    0.3192267913E-03
   3196.00    0.2836965323E-03
   3197.00    0.2533516449E-03
   3198.00    0.2270986198E-03
   3199.00    0.2041137500E-03
   3200.00    0.1837657768E-03
   3201.00    0.1655632268E-03
   3202.00    0.1491181186E-03
   3203.00    0.1341209034E-03
   3204.00    0.1203235927E-03
   3205.00    0.1075295718E-03
   3206.00    0.9559008935E-04
   3207.00    0.8440942286E-04
   3208.00    0.7396420431E-04
   3209.00    0.6434889859E-04
   3210.00    0.5586955496E-04
   3211.00    0.4920826622E-04
   3212.00    0.4559274304E-04
   3213.00    0.4660543539E-04
   3214.00    0.5333044272E-04
   3215.00    0.6589590504E-04
   3216.00    0.8423084019E-04
   3217.00    0.1088804071E-03
   3218.00    0.1413277709E-03
   3219.00    0.1841242131E-03
   3220.00    0.2407734754E-03
   3221.00    0.3142469213E-03
   3222.00    0.4004705767E-03
   3223.00    0.4720550118E-03
   3224.00    0.4742553068E-03
   3225.00    0.3935887701E-03
   3226.00    0.2963141657E-03
   3227.00    0.2303757024E-03
   3228.00    0.1936739754E-03
   3229.00    0.1721281127E-03
   3230.00    0.1566182162E-03
   3231.00    0.1418333809E-03
   3232.00    0.1226060331E-03
   3233.00    0.9175016424E-04
   3234.00    0.4922110010E-04
   3235.00    0.6543341452E-04
   3236.00    0.1147655309E-03
   3237.00    0.1329964389E-03
   3238.00    0.1281084755E-03
   3239.00    0.1163394635E-03
   3240.00    0.1071528067E-03
   3241.00    0.1066361648E-03
   3242.00    0.1202850364E-03
   3243.00    0.1529580099E-03
   3244.00    0.2099022921E-03
   3245.00    0.2997733341E-03
   3246.00    0.4365122540E-03
   3247.00    0.6348915647E-03
   3248.00    0.8843421631E-03
   3249.00    0.1089769833E-02
   3250.00    0.1092842822E-02
   3251.00    0.8937605214E-03
   3252.00    0.6503683279E-03
   3253.00    0.4561800077E-03
   3254.00    0.3207507696E-03
   3255.00    0.2289632695E-03
   3256.00    0.1661432736E-03
   3257.00    0.1222036878E-03
   3258.00    0.9074009979E-04
   3259.00    0.6773100628E-04
   3260.00    0.5062649962E-04
   3261.00    0.3779235983E-04
   3262.00    0.2818672476E-04
   3263.00    0.2117762649E-04
   3264.00    0.1642911024E-04
   3265.00    0.1375580673E-04
   3266.00    0.1286327400E-04
   3267.00    0.1319797049E-04
   3268.00    0.1416520783E-04
   3269.00    0.1536077835E-04
   3270.00    0.1657470965E-04
   3271.00    0.1771348568E-04
   3272.00    0.1874177267E-04
   3273.00    0.1965142768E-04
   3274.00    0.2044646992E-04
   3275.00    0.2113593444E-04
   3276.00    0.2173048637E-04
   3277.00    0.2224083885E-04
   3278.00    0.2267704782E-04
   3279.00    0.2304823678E-04
   3280.00    0.2336253154E-04
   3281.00    0.2362709431E-04
   3282.00    0.2384820127E-04
   3283.00    0.2403133514E-04
   3284.00    0.2418127883E-04
   3285.00    0.2430220341E-04
   3286.00    0.2439774767E-04
   3287.00    0.2447108865E-04
   3288.00    0.2452500320E-04
   3289.00    0.2456192140E-04
   3290.00    0.2458397271E-04
   3291.00    0.2459302569E-04
   3292.00    0.2459072219E-04
   3293.00    0.2457850676E-04
   3294.00    0.2455765200E-04
   3295.00    0.2452928035E-04
   3296.00    0.2449438293E-04
   3297.00    0.2445383584E-04
   3298.00    0.2440841419E-04
   3299.00    0.2435880436E-04
   3300.00    0.2430561460E-04
   3301.00    0.2424938423E-04
   3302.00    0.2419059173E-04
   3303.00    0.2412966176E-04
   3304.00    0.2406697130E-04
   3305.00    0.2400285503E-04
   3306.00    0.2393761010E-04
   3307.00    0.2387150028E-04
   3308.00    0.2380475962E-04
   3309.00    0.2373759568E-04
   3310.00    0.2367019241E-04
   3311.00    0.2360271268E-04
   3312.00    0.2353530049E-04
   3313.00    0.2346808301E-04
   3314.00    0.2340117233E-04
   3315.00    0.2333466701E-04
   3316.00    0.2326865352E-04
   3317.00    0.2320320746E-04
   3318.00    0.2313839473E-04
   3319.00    0.2307427244E-04
   3320.00    0.2301088991E-04
   3321.00    0.2294828938E-04
   3322.00    0.2288650677E-04
   3323.00    0.2282557235E-04
   3324.00    0.2276551126E-04
   3325.00    0.2270634407E-04
   3326.00    0.2264808726E-04
   3327.00    0.2259075358E-04
   3328.00    0.2253435251E-04
   3329.00    0.2247889054E-04
   3330.00    0.2242437153E-04
   3331.00    0.2237079693E-04
   3332.00    0.2231816608E-04
   3333.00    0.2226647643E-04
   3334.00    0.2221572372E-04
   3335.00    0.2216590221E-04
   3336.00    0.2211700478E-04
   3337.00    0.2206902317E-04
   3338.00    0.2202194804E-04
   3339.00    0.2197576914E-04
   3340.00    0.2193047541E-04
   3341.00    0.2188605507E-04
   3342.00    0.2184249574E-04
   3343.00    0.2179978450E-04
   3344.00    0.2175790796E-04
   3345.00    0.2171685236E-04
   3346.00    0.2167660361E-04
   3347.00    0.2163714734E-04
   3348.00    0.2159846898E-04
   3349.00    0.2156055375E-04
   3350.00    0.2152338677E-04
   3351.00    0.2148695306E-04
   3352.00    0.2145123755E-04
   3353.00    0.2141622517E-04
   3354.00    0.2138190083E-04
   3355.00    0.2134824946E-04
   3356.00    0.2131525603E-04
   3357.00    0.2128290556E-04
   3358.00    0.2125118318E-04
   3359.00    0.2122007407E-04
   3360.00    0.2118956355E-04
   3361.00    0.2115963704E-04
   3362.00    0.2113028009E-04
   3363.00    0.2110147841E-04
   3364.00    0.2107321782E-04
   3365.00    0.2104548433E-04
   3366.00    0.2101826410E-04
   3367.00    0.2099154343E-04
   3368.00    0.2096530883E-04
   3369.00    0.2093954695E-04
   3370.00    0.2091424463E-04
   3371.00    0.2088938890E-04
   3372.00    0.2086496694E-04
   3373.00    0.2084096615E-04
   3374.00    0.2081737408E-04
   3375.00    0.2079417849E-04
   3376.00    0.2077136730E-04
   3377.00    0.2074892862E-04
   3378.00    0.2072685075E-04
   3379.00    0.2070512216E-04
   3380.00    0.2068373151E-04
   3381.00    0.2066266764E-04
   3382.00    0.2064191957E-04
   3383.00    0.2062147647E-04
   3384.00    0.2060132771E-04
   3385.00    0.2058146283E-04
   3386.00    0.2056187153E-04
   3387.00    0.2054254369E-04
   3388.00    0.2052346934E-04
   3389.00    0.2050463869E-04
   3390.00    0.2048604209E-04
   3391.00    0.2046767007E-04
   3392.00    0.2044951330E-04
   3393.00    0.2043156261E-04
   3394.00    0.2041380898E-04
   3395.00    0.2039624354E-04
   3396.00    0.2037885755E-04
   3397.00    0.2036164244E-04
   3398.00    0.2034458975E-04
   3399.00    0.2032769117E-04
   3400.00    0.2031093853E-04
   3401.00    0.2029432378E-04
   3402.00    0.2027783902E-04
   3403.00    0.2026147644E-04
   3404.00    0.2024522838E-04
   3405.00    0.2022908731E-04
   3406.00    0.2021304578E-04
   3407.00    0.2019709649E-04
   3408.00    0.2018123224E-04
   3409.00    0.2016544595E-04
   3410.00    0.2014973062E-04
   3411.00    0.2013407939E-04
   3412.00    0.2011848549E-04
   3413.00    0.2010294223E-04
   3414.00    0.2008744305E-04
   3415.00    0.2007198147E-04
   3416.00    0.2005655111E-04
   3417.00    0.2004114566E-04
   3418.00    0.2002575891E-04
   3419.00    0.2001038476E-04
   3420.00    0.1999501716E-04
   3421.00    0.1997965016E-04
   3422.00    0.1996427788E-04
   3423.00    0.1994889453E-04
   3424.00    0.1993349437E-04
   3425.00    0.1991807177E-04
   3426.00    0.1990262114E-04
   3427.00    0.1988713696E-04
   3428.00    0.1987161380E-04
   3429.00    0.1985604628E-04
   3430.00    0.1984042909E-04
   3431.00    0.1982475695E-04
   3432.00    0.1980902469E-04
   3433.00    0.1979322716E-04
   3434.00    0.1977735928E-04
   3435.00    0.1976141601E-04
   3436.00    0.1974539239E-04
   3437.00    0.1972928347E-04
   3438.00    0.1971308439E-04
   3439.00    0.1969679029E-04
   3440.00    0.1968039641E-04
   3441.00    0.1966389798E-04
   3442.00    0.1964729030E-04
   3443.00    0.1963056871E-04
   3444.00    0.1961372857E-04
   3445.00    0.1959676531E-04
   3446.00    0.1957967434E-04
   3447.00    0.1956245117E-04
   3448.00    0.1954509128E-04
   3449.00    0.1952759023E-04
   3450.00    0.1950994357E-04
   3451.00    0.1949214689E-04
   3452.00    0.1947419582E-04
   3453.00    0.1945608600E-04
   3454.00    0.1943781309E-04
   3455.00    0.1941937279E-04
   3456.00    0.1940076078E-04
   3457.00    0.1938197281E-04
   3458.00    0.1936300460E-04
   3459.00    0.1934385192E-04
   3460.00    0.1932451053E-04
   3461.00    0.1930497622E-04
   3462.00    0.1928524478E-04
   3463.00    0.1926531201E-04
   3464.00    0.1924517373E-04
   3465.00    0.1922482576E-04
   3466.00    0.1920426391E-04
   3467.00    0.1918348403E-04
   3468.00    0.1916248193E-04
   3469.00    0.1914125346E-04
   3470.00    0.1911979445E-04
   3471.00    0.1909810073E-04
   3472.00    0.1907616813E-04
   3473.00    0.1905399248E-04
   3474.00    0.1903156961E-04
   3475.00    0.1900889533E-04
   3476.00    0.1898596544E-04
   3477.00    0.1896277576E-04
   3478.00    0.1893932206E-04
   3479.00    0.1891560013E-04
   3480.00    0.1889160573E-04
   3481.00    0.1886733461E-04
   3482.00    0.1884278251E-04
   3483.00    0.1881794515E-04
   3484.00    0.1879281822E-04
   3485.00    0.1876739741E-04
   3486.00    0.1874167837E-04
   3487.00    0.1871565675E-04
   3488.00    0.1868932816E-04
   3489.00    0.1866268819E-04
   3490.00    0.1863573239E-04
   3491.00    0.1860845631E-04
   3492.00    0.1858085545E-04
   3493.00    0.1855292528E-04
   3494.00    0.1852466125E-04
   3495.00    0.1849605876E-04
   3496.00    0.1846711319E-04
   3497.00    0.1843781987E-04
   3498.00    0.1840817411E-04
   3499.00    0.1837817116E-04
   3500.00    0.1834780624E-04
   3501.00    0.1831707452E-04
   3502.00    0.1828597115E-04
   3503.00    0.1825449120E-04
   3504.00    0.1822262972E-04
   3505.00    0.1819038168E-04
   3506.00    0.1815774204E-04
   3507.00    0.1812470567E-04
   3508.00    0.1809126742E-04
   3509.00    0.1805742204E-04
   3510.00    0.1802316428E-04
   3511.00    0.1798848877E-04
   3512.00    0.1795339013E-04
   3513.00    0.1791786288E-04
   3514.00    0.1788190150E-04
   3515.00    0.1784550039E-04
   3516.00    0.1780865389E-04
   3517.00    0.1777135625E-04
   3518.00    0.1773360168E-04
   3519.00    0.1769538428E-04
   3520.00    0.1765669811E-04
   3521.00    0.1761753711E-04
   3522.00    0.1757789516E-04
   3523.00    0.1753776608E-04
   3524.00    0.1749714355E-04
   3525.00    0.1745602121E-04
   3526.00    0.1741439259E-04
   3527.00    0.1737225113E-04
   3528.00    0.1732959017E-04
   3529.00    0.1728640296E-04
   3530.00    0.1724268265E-04
   3531.00    0.1719842227E-04
   3532.00    0.1715361477E-04
   3533.00    0.1710825297E-04
   3534.00    0.1706232960E-04
   3535.00    0.1701583725E-04
   3536.00    0.1696876841E-04
   3537.00    0.1692111546E-04
   3538.00    0.1687287063E-04
   3539.00    0.1682402604E-04
   3540.00    0.1677457369E-04
   3541.00    0.1672450541E-04
   3542.00    0.1667381295E-04
   3543.00    0.1662248786E-04
   3544.00    0.1657052160E-04
   3545.00    0.1651790544E-04
   3546.00    0.1646463053E-04
   3547.00    0.1641068785E-04
   3548.00    0.1635606822E-04
   3549.00    0.1630076231E-04
   3550.00    0.1624476061E-04
   3551.00    0.1618805345E-04
   3552.00    0.1613063097E-04
   3553.00    0.1607248315E-04
   3554.00    0.1601359976E-04
   3555.00    0.1595397041E-04
   3556.00    0.1589358449E-04
   3557.00    0.1583243120E-04
   3558.00    0.1577049954E-04
   3559.00    0.1570777829E-04
   3560.00    0.1564425603E-04
   3561.00    0.1557992110E-04
   3562.00    0.1551476163E-04
   3563.00    0.1544876551E-04
   3564.00    0.1538192038E-04
   3565.00    0.1531421365E-04
   3566.00    0.1524563247E-04
   3567.00    0.1517616374E-04
   3568.00    0.1510579409E-04
   3569.00    0.1503450987E-04
   3570.00    0.1496229715E-04
   3571.00    0.1488914174E-04
   3572.00    0.1481502911E-04
   3573.00    0.1473994446E-04
   3574.00    0.1466387267E-04
   3575.00    0.1458679829E-04
   3576.00    0.1450870555E-04
   3577.00    0.1442957834E-04
   3578.00    0.1434940021E-04
   3579.00    0.1426815434E-04
   3580.00    0.1418582355E-04
   3581.00    0.1410239028E-04
   3582.00    0.1401783658E-04
   3583.00    0.1393214411E-04
   3584.00    0.1384529411E-04
   3585.00    0.1375726740E-04
   3586.00    0.1366804438E-04
   3587.00    0.1357760498E-04
   3588.00    0.1348592869E-04
   3589.00    0.1339299452E-04
   3590.00    0.1329878098E-04
   3591.00    0.1320326612E-04
   3592.00    0.1310642743E-04
   3593.00    0.1300824190E-04
   3594.00    0.1290868596E-04
   3595.00    0.1280773549E-04
   3596.00    0.1270536577E-04
   3597.00    0.1260155152E-04
   3598.00    0.1249626682E-04
   3599.00    0.1238948513E-04
   3600.00    0.1228117925E-04
   3601.00    0.1217132133E-04
   3602.00    0.1205988281E-04
   3603.00    0.1194683444E-04
   3604.00    0.1183214623E-04
   3605.00    0.1171578743E-04
   3606.00    0.1159772653E-04
   3607.00    0.1147793121E-04
   3608.00    0.1135636833E-04
   3609.00    0.1123300391E-04
   3610.00    0.1110780309E-04
   3611.00    0.1098073013E-04
   3612.00    0.1085174833E-04
   3613.00    0.1072082008E-04
   3614.00    0.1058790677E-04
   3615.00    0.1045296879E-04
   3616.00    0.1031596549E-04
   3617.00    0.1017685517E-04
   3618.00    0.1003559502E-04
   3619.00    0.9892141136E-05
   3620.00    0.9746448439E-05
   3621.00    0.9598470688E-05
   3622.00    0.9448160438E-05
   3623.00    0.9295469009E-05
   3624.00    0.9140346470E-05
   3625.00    0.8982741611E-05
   3626.00    0.8822601928E-05
   3627.00    0.8659873600E-05
   3628.00    0.8494501486E-05
   3629.00    0.8326429115E-05
   3630.00    0.8155598690E-05
   3631.00    0.7981951103E-05
   3632.00    0.7805425958E-05
   3633.00    0.7625961615E-05
   3634.00    0.7443495255E-05
   3635.00    0.7257962962E-05
   3636.00    0.7069299855E-05
   3637.00    0.6877440245E-05
   3638.00    0.6682317862E-05
   3639.00    0.6483866142E-05
   3640.00    0.6282018616E-05
   3641.00    0.6076709413E-05
   3642.00    0.5867873934E-05
   3643.00    0.5655449727E-05
   3644.00    0.5439377665E-05
   3645.00    0.5219603511E-05
   3646.00    0.4996080027E-05
   3647.00    0.4768769847E-05
   3648.00    0.4537649425E-05
   3649.00    0.4302714546E-05
   3650.00    0.4063988122E-05
   3651.00    0.3821531426E-05
   3652.00    0.3575460600E-05
   3653.00    0.3325971451E-05
   3654.00    0.3073377656E-05
   3655.00    0.2818171300E-05
   3656.00    0.2561121846E-05
   3657.00    0.2303443572E-05
   3658.00    0.2047089078E-05
   3659.00    0.1795281520E-05
   3660.00    0.1553501706E-05
   3661.00    0.1331293742E-05
   3662.00    0.1145175168E-05
   3663.00    0.1021185596E-05
   3664.00    0.9897068130E-06
   3665.00    0.1065536904E-05
   3666.00    0.1234958684E-05
   3667.00    0.1471228928E-05
   3668.00    0.1752234824E-05
   3669.00    0.2064091091E-05
   3670.00    0.2398765600E-05
   3671.00    0.2751649189E-05
   3672.00    0.3120064655E-05
   3673.00    0.3502445559E-05
   3674.00    0.3897888120E-05
   3675.00    0.4305901138E-05
   3676.00    0.4726261913E-05
   3677.00    0.5158930502E-05
   3678.00    0.5603997139E-05
   3679.00    0.6061649182E-05
   3680.00    0.6532149919E-05
   3681.00    0.7015824831E-05
   3682.00    0.7513052670E-05
   3683.00    0.8024259741E-05
   3684.00    0.8549916397E-05
   3685.00    0.9090535090E-05
   3686.00    0.9646669565E-05
   3687.00    0.1021891493E-04
   3688.00    0.1080790843E-04
   3689.00    0.1141433076E-04
   3690.00    0.1203890789E-04
   3691.00    0.1268241339E-04
   3692.00    0.1334567109E-04
   3693.00    0.1402955824E-04
   3694.00    0.1473500905E-04
   3695.00    0.1546301869E-04
   3696.00    0.1621464773E-04
   3697.00    0.1699102715E-04
   3698.00    0.1779336379E-04
   3699.00    0.1862294648E-04
   3700.00    0.1948115279E-04
   3701.00    0.2036945653E-04
   3702.00    0.2128943603E-04
   3703.00    0.2224278337E-04
   3704.00    0.2323131461E-04
   3705.00    0.2425698117E-04
   3706.00    0.2532188251E-04
   3707.00    0.2642828030E-04
   3708.00    0.2757861421E-04
   3709.00    0.2877551969E-04
   3710.00    0.3002184784E-04
   3711.00    0.3132068780E-04
   3712.00    0.3267539196E-04
   3713.00    0.3408960456E-04
   3714.00    0.3556729391E-04
   3715.00    0.3711278914E-04
   3716.00    0.3873082198E-04
   3717.00    0.4042657452E-04
   3718.00    0.4220573384E-04
   3719.00    0.4407455488E-04
   3720.00    0.4603993282E-04
   3721.00    0.4810948686E-04
   3722.00    0.5029165742E-04
   3723.00    0.5259581936E-04
   3724.00    0.5503241450E-04
   3725.00    0.5761310709E-04
   3726.00    0.6035096729E-04
   3727.00    0.6326068852E-04
   3728.00    0.6635884615E-04
   3729.00    0.6966420713E-04
   3730.00    0.7319810234E-04
   3731.00    0.7698487708E-04
   3732.00    0.8105243931E-04
   3733.00    0.8543293112E-04
   3734.00    0.9016355671E-04
   3735.00    0.9528761076E-04
   3736.00    0.1008557654E-03
   3737.00    0.1069276945E-03
   3738.00    0.1135741407E-03
   3739.00    0.1208795721E-03
   3740.00    0.1289456293E-03
   3741.00    0.1378956476E-03
   3742.00    0.1478806572E-03
   3743.00    0.1590874407E-03
   3744.00    0.1717494959E-03
   3745.00    0.1861621534E-03
   3746.00    0.2027037182E-03
   3747.00    0.2218654556E-03
   3748.00    0.2442946936E-03
   3749.00    0.2708574681E-03
   3750.00    0.3027300572E-03
   3751.00    0.3415316953E-03
   3752.00    0.3895094627E-03
   3753.00    0.4497634199E-03
   3754.00    0.5263910276E-03
   3755.00    0.6240159835E-03
   3756.00    0.7448501815E-03
   3757.00    0.8787936119E-03
   3758.00    0.9856915363E-03
   3759.00    0.1004803837E-02
   3760.00    0.9267368287E-03
   3761.00    0.8064389024E-03
   3762.00    0.6904186771E-03
   3763.00    0.5940965324E-03
   3764.00    0.5175821755E-03
   3765.00    0.4570876997E-03
   3766.00    0.4087972536E-03
   3767.00    0.3696998095E-03
   3768.00    0.3375715592E-03
   3769.00    0.3107947366E-03
   3770.00    0.2881880498E-03
   3771.00    0.2688792493E-03
   3772.00    0.2522152968E-03
   3773.00    0.2377001499E-03
   3774.00    0.2249516531E-03
   3775.00    0.2136714181E-03
   3776.00    0.2036235287E-03
   3777.00    0.1946192879E-03
   3778.00    0.1865061441E-03
   3779.00    0.1791595457E-03
   3780.00    0.1724768742E-03
   3781.00    0.1663728702E-03
   3782.00    0.1607761459E-03
   3783.00    0.1556264986E-03
   3784.00    0.1508728199E-03
   3785.00    0.1464714524E-03
   3786.00    0.1423848893E-03
   3787.00    0.1385807343E-03
   3788.00    0.1350308645E-03
   3789.00    0.1317107524E-03
   3790.00    0.1285989117E-03
   3791.00    0.1256764420E-03
   3792.00    0.1229266533E-03
   3793.00    0.1203347529E-03
   3794.00    0.1178875845E-03
   3795.00    0.1155734087E-03
   3796.00    0.1133817179E-03
   3797.00    0.1113030795E-03
   3798.00    0.1093290022E-03
   3799.00    0.1074518216E-03
   3800.00    0.1056646025E-03
   3801.00    0.1039610541E-03
   3802.00    0.1023354575E-03
   3803.00    0.1007826018E-03
   3804.00    0.9929772923E-04
   3805.00    0.9787648730E-04
   3806.00    0.9651488625E-04
   3807.00    0.9520926236E-04
   3808.00    0.9395624526E-04
   3809.00    0.9275272925E-04
   3810.00    0.9159584785E-04
   3811.00    0.9048295126E-04
   3812.00    0.8941158625E-04
   3813.00    0.8837947835E-04
   3814.00    0.8738451586E-04
   3815.00    0.8642473555E-04
   3816.00    0.8549830988E-04
   3817.00    0.8460353548E-04
   3818.00    0.8373882281E-04
   3819.00    0.8290268679E-04
   3820.00    0.8209373841E-04
   3821.00    0.8131067704E-04
   3822.00    0.8055228358E-04
   3823.00    0.7981741413E-04
   3824.00    0.7910499432E-04
   3825.00    0.7841401407E-04
   3826.00    0.7774352291E-04
   3827.00    0.7709262560E-04
   3828.00    0.7646047824E-04
   3829.00    0.7584628456E-04
   3830.00    0.7524929271E-04
   3831.00    0.7466879212E-04
   3832.00    0.7410411076E-04
   3833.00    0.7355461255E-04
   3834.00    0.7301969500E-04
   3835.00    0.7249878699E-04
   3836.00    0.7199134679E-04
   3837.00    0.7149686019E-04
   3838.00    0.7101483877E-04
   3839.00    0.7054481831E-04
   3840.00    0.7008635728E-04
   3841.00    0.6963903554E-04
   3842.00    0.6920245297E-04
   3843.00    0.6877622838E-04
   3844.00    0.6835999836E-04
   3845.00    0.6795341624E-04
   3846.00    0.6755615118E-04
   3847.00    0.6716788725E-04
   3848.00    0.6678832261E-04
   3849.00    0.6641716872E-04
   3850.00    0.6605414966E-04
   3851.00    0.6569900137E-04
   3852.00    0.6535147109E-04
   3853.00    0.6501131674E-04
   3854.00    0.6467830635E-04
   3855.00    0.6435221755E-04
   3856.00    0.6403283708E-04
   3857.00    0.6371996032E-04
   3858.00    0.6341339087E-04
   3859.00    0.6311294013E-04
   3860.00    0.6281842692E-04
   3861.00    0.6252967711E-04
   3862.00    0.6224652331E-04
   3863.00    0.6196880451E-04
   3864.00    0.6169636582E-04
   3865.00    0.6142905813E-04
   3866.00    0.6116673790E-04
   3867.00    0.6090926684E-04
   3868.00    0.6065651174E-04
   3869.00    0.6040834420E-04
   3870.00    0.6016464041E-04
   3871.00    0.5992528096E-04
   3872.00    0.5969015064E-04
   3873.00    0.5945913829E-04
   3874.00    0.5923213656E-04
   3875.00    0.5900904180E-04
   3876.00    0.5878975388E-04
   3877.00    0.5857417606E-04
   3878.00    0.5836221482E-04
   3879.00    0.5815377975E-04
   3880.00    0.5794878342E-04
   3881.00    0.5774714124E-04
   3882.00    0.5754877136E-04
   3883.00    0.5735359458E-04
   3884.00    0.5716153421E-04
   3885.00    0.5697251596E-04
   3886.00    0.5678646790E-04
   3887.00    0.5660332034E-04
   3888.00    0.5642300573E-04
   3889.00    0.5624545858E-04
   3890.00    0.5607061541E-04
   3891.00    0.5589841465E-04
   3892.00    0.5572879658E-04
   3893.00    0.5556170324E-04
   3894.00    0.5539707841E-04
   3895.00    0.5523486748E-04
   3896.00    0.5507501745E-04
   3897.00    0.5491747687E-04
   3898.00    0.5476219572E-04
   3899.00    0.5460912544E-04
   3900.00    0.5445821883E-04
   3901.00    0.5430943001E-04
   3902.00    0.5416271441E-04
   3903.00    0.5401802865E-04
   3904.00    0.5387533057E-04
   3905.00    0.5373457915E-04
   3906.00    0.5359573450E-04
   3907.00    0.5345875780E-04
   3908.00    0.5332361124E-04
   3909.00    0.5319025806E-04
   3910.00    0.5305866244E-04
   3911.00    0.5292878951E-04
   3912.00    0.5280060532E-04
   3913.00    0.5267407678E-04
   3914.00    0.5254917167E-04
   3915.00    0.5242585858E-04
   3916.00    0.5230410690E-04
   3917.00    0.5218388681E-04
   3918.00    0.5206516921E-04
   3919.00    0.5194792577E-04
   3920.00    0.5183212881E-04
   3921.00    0.5171775136E-04
   3922.00    0.5160476712E-04
   3923.00    0.5149315042E-04
   3924.00    0.5138287619E-04
   3925.00    0.5127392000E-04
   3926.00    0.5116625799E-04
   3927.00    0.5105986685E-04
   3928.00    0.5095472384E-04
   3929.00    0.5085080676E-04
   3930.00    0.5074809391E-04
   3931.00    0.5064656410E-04
   3932.00    0.5054619664E-04
   3933.00    0.5044697131E-04
   3934.00    0.5034886833E-04
   3935.00    0.5025186841E-04
   3936.00    0.5015595267E-04
   3937.00    0.5006110264E-04
   3938.00    0.4996730030E-04
   3939.00    0.4987452800E-04
   3940.00    0.4978276850E-04
   3941.00    0.4969200492E-04
   3942.00    0.4960222076E-04
   3943.00    0.4951339987E-04
   3944.00    0.4942552647E-04
   3945.00    0.4933858510E-04
   3946.00    0.4925256063E-04
   3947.00    0.4916743827E-04
   3948.00    0.4908320351E-04
   3949.00    0.4899984218E-04
   3950.00    0.4891734040E-04
   3951.00    0.4883568455E-04
   3952.00    0.4875486134E-04
   3953.00    0.4867485771E-04
   3954.00    0.4859566089E-04
   3955.00    0.4851725838E-04
   3956.00    0.4843963791E-04
   3957.00    0.4836278747E-04
   3958.00    0.4828669529E-04
   3959.00    0.4821134985E-04
   3960.00    0.4813673983E-04
   3961.00    0.4806285416E-04
   3962.00    0.4798968197E-04
   3963.00    0.4791721263E-04
   3964.00    0.4784543568E-04
   3965.00    0.4777434090E-04
   3966.00    0.4770391824E-04
   3967.00    0.4763415786E-04
   3968.00    0.4756505010E-04
   3969.00    0.4749658550E-04
   3970.00    0.4742875475E-04
   3971.00    0.4736154875E-04
   3972.00    0.4729495854E-04
   3973.00    0.4722897536E-04
   3974.00    0.4716359058E-04
   3975.00    0.4709879575E-04
   3976.00    0.4703458258E-04
   3977.00    0.4697094291E-04
   3978.00    0.4690786876E-04
   3979.00    0.4684535228E-04
   3980.00    0.4678338574E-04
   3981.00    0.4672196160E-04
   3982.00    0.4666107241E-04
   3983.00    0.4660071087E-04
   3984.00    0.4654086982E-04
   3985.00    0.4648154222E-04
   3986.00    0.4642272114E-04
   3987.00    0.4636439979E-04
   3988.00    0.4630657150E-04
   3989.00    0.4624922971E-04
   3990.00    0.4619236796E-04
   3991.00    0.4613597993E-04
   3992.00    0.4608005939E-04
   3993.00    0.4602460021E-04
   3994.00    0.4596959640E-04
   3995.00    0.4591504203E-04
   3996.00    0.4586093130E-04
   3997.00    0.4580725848E-04
   3998.00    0.4575401797E-04
   3999.00    0.4570120424E-04
   4000.00    0.4564881186E-04
