Frequencies(cm-1)    polar_2nd_zzy        
   1000.00    0.2936991231E+01
   1001.00    0.2956818901E+01
   1002.00    0.2973426237E+01
   1003.00    0.2982888427E+01
   1004.00    0.2987481428E+01
   1005.00    0.2989896665E+01
   1006.00    0.2991470534E+01
   1007.00    0.2992675358E+01
   1008.00    0.2993610256E+01
   1009.00    0.2994230425E+01
   1010.00    0.2994436745E+01
   1011.00    0.2994108011E+01
   1012.00    0.2993111034E+01
   1013.00    0.2991302213E+01
   1014.00    0.2988525710E+01
   1015.00    0.2984610100E+01
   1016.00    0.2979364142E+01
   1017.00    0.2972571760E+01
   1018.00    0.2963986178E+01
   1019.00    0.2953322981E+01
   1020.00    0.2940251867E+01
   1021.00    0.2924386778E+01
   1022.00    0.2905274148E+01
   1023.00    0.2882379045E+01
   1024.00    0.2855069316E+01
   1025.00    0.2822598523E+01
   1026.00    0.2784090124E+01
   1027.00    0.2738529106E+01
   1028.00    0.2684775724E+01
   1029.00    0.2621635189E+01
   1030.00    0.2548061529E+01
   1031.00    0.2463678182E+01
   1032.00    0.2370045961E+01
   1033.00    0.2273685443E+01
   1034.00    0.2193038097E+01
   1035.00    0.2172819995E+01
   1036.00    0.2304718723E+01
   1037.00    0.2729477827E+01
   1038.00    0.3578900857E+01
   1039.00    0.4859163271E+01
   1040.00    0.6281921945E+01
   1041.00    0.7288828934E+01
   1042.00    0.7616512212E+01
   1043.00    0.7500419601E+01
   1044.00    0.7230176336E+01
   1045.00    0.6949310300E+01
   1046.00    0.6704611726E+01
   1047.00    0.6504411739E+01
   1048.00    0.6345031162E+01
   1049.00    0.6220200179E+01
   1050.00    0.6123992922E+01
   1051.00    0.6051549063E+01
   1052.00    0.5999091096E+01
   1053.00    0.5963731352E+01
   1054.00    0.5943186689E+01
   1055.00    0.5935324428E+01
   1056.00    0.5937226965E+01
   1057.00    0.5943008529E+01
   1058.00    0.5939167706E+01
   1059.00    0.5899416783E+01
   1060.00    0.5799162590E+01
   1061.00    0.5669735448E+01
   1062.00    0.5587036087E+01
   1063.00    0.5572000801E+01
   1064.00    0.5598582569E+01
   1065.00    0.5643533821E+01
   1066.00    0.5695710133E+01
   1067.00    0.5750817871E+01
   1068.00    0.5807419121E+01
   1069.00    0.5865133435E+01
   1070.00    0.5923926624E+01
   1071.00    0.5983845014E+01
   1072.00    0.6044937234E+01
   1073.00    0.6107292308E+01
   1074.00    0.6171244227E+01
   1075.00    0.6237968111E+01
   1076.00    0.6311081203E+01
   1077.00    0.6400626794E+01
   1078.00    0.6530890714E+01
   1079.00    0.6744020213E+01
   1080.00    0.7059447864E+01
   1081.00    0.7399994429E+01
   1082.00    0.7670699327E+01
   1083.00    0.7873076317E+01
   1084.00    0.8049485234E+01
   1085.00    0.8229391914E+01
   1086.00    0.8427499221E+01
   1087.00    0.8651636488E+01
   1088.00    0.8907498994E+01
   1089.00    0.9200847412E+01
   1090.00    0.9538632652E+01
   1091.00    0.9929801344E+01
   1092.00    0.1038613080E+02
   1093.00    0.1092328329E+02
   1094.00    0.1156220286E+02
   1095.00    0.1233087884E+02
   1096.00    0.1326614277E+02
   1097.00    0.1441388989E+02
   1098.00    0.1582187458E+02
   1099.00    0.1750630307E+02
   1100.00    0.1934238472E+02
   1101.00    0.2081339078E+02
   1102.00    0.2085026577E+02
   1103.00    0.1871159272E+02
   1104.00    0.1522526361E+02
   1105.00    0.1175464973E+02
   1106.00    0.8911159807E+01
   1107.00    0.6729767250E+01
   1108.00    0.5081358398E+01
   1109.00    0.3839011772E+01
   1110.00    0.2914722947E+01
   1111.00    0.2260073347E+01
   1112.00    0.1856275078E+01
   1113.00    0.1688283232E+01
   1114.00    0.1710834903E+01
   1115.00    0.1852971856E+01
   1116.00    0.2053788810E+01
   1117.00    0.2276754975E+01
   1118.00    0.2503478517E+01
   1119.00    0.2725497374E+01
   1120.00    0.2939276232E+01
   1121.00    0.3143652878E+01
   1122.00    0.3338585357E+01
   1123.00    0.3524535495E+01
   1124.00    0.3702162065E+01
   1125.00    0.3872168734E+01
   1126.00    0.4035236005E+01
   1127.00    0.4192013466E+01
   1128.00    0.4343191019E+01
   1129.00    0.4489740395E+01
   1130.00    0.4633577726E+01
   1131.00    0.4779152566E+01
   1132.00    0.4936002706E+01
   1133.00    0.5116932984E+01
   1134.00    0.5318813913E+01
   1135.00    0.5511624921E+01
   1136.00    0.5677300009E+01
   1137.00    0.5823247310E+01
   1138.00    0.5960474781E+01
   1139.00    0.6095183556E+01
   1140.00    0.6230346007E+01
   1141.00    0.6368032128E+01
   1142.00    0.6511248386E+01
   1143.00    0.6665066071E+01
   1144.00    0.6833063497E+01
   1145.00    0.7007859832E+01
   1146.00    0.7177169532E+01
   1147.00    0.7339560308E+01
   1148.00    0.7499908418E+01
   1149.00    0.7661994514E+01
   1150.00    0.7827714271E+01
   1151.00    0.7997973441E+01
   1152.00    0.8173261382E+01
   1153.00    0.8353860989E+01
   1154.00    0.8539818917E+01
   1155.00    0.8730675652E+01
   1156.00    0.8925038301E+01
   1157.00    0.9121200851E+01
   1158.00    0.9320926941E+01
   1159.00    0.9530292587E+01
   1160.00    0.9752343836E+01
   1161.00    0.9986052090E+01
   1162.00    0.1023019610E+02
   1163.00    0.1048448617E+02
   1164.00    0.1074925127E+02
   1165.00    0.1102512923E+02
   1166.00    0.1131292330E+02
   1167.00    0.1161354956E+02
   1168.00    0.1192802302E+02
   1169.00    0.1225746007E+02
   1170.00    0.1260308827E+02
   1171.00    0.1296626047E+02
   1172.00    0.1334847215E+02
   1173.00    0.1375138196E+02
   1174.00    0.1417683576E+02
   1175.00    0.1462689490E+02
   1176.00    0.1510386951E+02
   1177.00    0.1561035800E+02
   1178.00    0.1614929403E+02
   1179.00    0.1672400289E+02
   1180.00    0.1733826934E+02
   1181.00    0.1799641993E+02
   1182.00    0.1870342345E+02
   1183.00    0.1946501422E+02
   1184.00    0.2028784474E+02
   1185.00    0.2117967574E+02
   1186.00    0.2214961507E+02
   1187.00    0.2320842022E+02
   1188.00    0.2436888499E+02
   1189.00    0.2564633860E+02
   1190.00    0.2705929637E+02
   1191.00    0.2863031751E+02
   1192.00    0.3038714918E+02
   1193.00    0.3236427148E+02
   1194.00    0.3460501111E+02
   1195.00    0.3716447297E+02
   1196.00    0.4011366283E+02
   1197.00    0.4354536424E+02
   1198.00    0.4758261791E+02
   1199.00    0.5239105763E+02
   1200.00    0.5819684727E+02
   1201.00    0.6531221351E+02
   1202.00    0.7416909885E+02
   1203.00    0.8535234640E+02
   1204.00    0.9958487701E+02
   1205.00    0.1174812650E+03
   1206.00    0.1385501666E+03
   1207.00    0.1587201771E+03
   1208.00    0.1685915131E+03
   1209.00    0.1611944970E+03
   1210.00    0.1420864540E+03
   1211.00    0.1210495494E+03
   1212.00    0.1028522519E+03
   1213.00    0.8829267155E+02
   1214.00    0.7684335075E+02
   1215.00    0.6779344185E+02
   1216.00    0.6054884761E+02
   1217.00    0.5466529574E+02
   1218.00    0.4981966574E+02
   1219.00    0.4577551369E+02
   1220.00    0.4235339540E+02
   1221.00    0.3940340122E+02
   1222.00    0.3677279469E+02
   1223.00    0.3426968749E+02
   1224.00    0.3169135060E+02
   1225.00    0.2907245678E+02
   1226.00    0.2681130659E+02
   1227.00    0.2511970994E+02
   1228.00    0.2384123556E+02
   1229.00    0.2278780822E+02
   1230.00    0.2185968689E+02
   1231.00    0.2101405548E+02
   1232.00    0.2023239087E+02
   1233.00    0.1950549203E+02
   1234.00    0.1882774159E+02
   1235.00    0.1819501160E+02
   1236.00    0.1760390991E+02
   1237.00    0.1705151117E+02
   1238.00    0.1653526014E+02
   1239.00    0.1605292896E+02
   1240.00    0.1560257273E+02
   1241.00    0.1518243023E+02
   1242.00    0.1479066494E+02
   1243.00    0.1442468630E+02
   1244.00    0.1407939309E+02
   1245.00    0.1374280508E+02
   1246.00    0.1338666883E+02
   1247.00    0.1295570600E+02
   1248.00    0.1239587837E+02
   1249.00    0.1177089601E+02
   1250.00    0.1125280394E+02
   1251.00    0.1089546436E+02
   1252.00    0.1063783392E+02
   1253.00    0.1042355063E+02
   1254.00    0.1022581306E+02
   1255.00    0.1003454295E+02
   1256.00    0.9846463341E+01
   1257.00    0.9660722690E+01
   1258.00    0.9477223750E+01
   1259.00    0.9296021554E+01
   1260.00    0.9117123062E+01
   1261.00    0.8940442334E+01
   1262.00    0.8765835895E+01
   1263.00    0.8593232003E+01
   1264.00    0.8422965800E+01
   1265.00    0.8256631412E+01
   1266.00    0.8099180206E+01
   1267.00    0.7963395711E+01
   1268.00    0.7874897200E+01
   1269.00    0.7858241592E+01
   1270.00    0.7881217445E+01
   1271.00    0.7860858169E+01
   1272.00    0.7771880739E+01
   1273.00    0.7643407998E+01
   1274.00    0.7501724248E+01
   1275.00    0.7358865578E+01
   1276.00    0.7218901844E+01
   1277.00    0.7082674704E+01
   1278.00    0.6949861786E+01
   1279.00    0.6819749836E+01
   1280.00    0.6691499974E+01
   1281.00    0.6564223911E+01
   1282.00    0.6436992656E+01
   1283.00    0.6308826891E+01
   1284.00    0.6178698036E+01
   1285.00    0.6045577890E+01
   1286.00    0.5908618863E+01
   1287.00    0.5767666306E+01
   1288.00    0.5624610229E+01
   1289.00    0.5486832767E+01
   1290.00    0.5375548858E+01
   1291.00    0.5342789389E+01
   1292.00    0.5487015491E+01
   1293.00    0.5891605703E+01
   1294.00    0.6422219100E+01
   1295.00    0.6768322808E+01
   1296.00    0.6838743394E+01
   1297.00    0.6748817626E+01
   1298.00    0.6602947931E+01
   1299.00    0.6449089029E+01
   1300.00    0.6303696932E+01
   1301.00    0.6170740605E+01
   1302.00    0.6049932340E+01
   1303.00    0.5939781002E+01
   1304.00    0.5838641601E+01
   1305.00    0.5745037598E+01
   1306.00    0.5657728749E+01
   1307.00    0.5575695871E+01
   1308.00    0.5498103683E+01
   1309.00    0.5424262526E+01
   1310.00    0.5353595128E+01
   1311.00    0.5285609351E+01
   1312.00    0.5219876219E+01
   1313.00    0.5156012074E+01
   1314.00    0.5093663793E+01
   1315.00    0.5032496097E+01
   1316.00    0.4972180144E+01
   1317.00    0.4912382732E+01
   1318.00    0.4852755463E+01
   1319.00    0.4792923300E+01
   1320.00    0.4732471926E+01
   1321.00    0.4670933331E+01
   1322.00    0.4607769104E+01
   1323.00    0.4542351050E+01
   1324.00    0.4473939293E+01
   1325.00    0.4401659326E+01
   1326.00    0.4324482626E+01
   1327.00    0.4241222980E+01
   1328.00    0.4150578366E+01
   1329.00    0.4051290438E+01
   1330.00    0.3942596046E+01
   1331.00    0.3825396879E+01
   1332.00    0.3705189733E+01
   1333.00    0.3599213143E+01
   1334.00    0.3552671949E+01
   1335.00    0.3667723387E+01
   1336.00    0.4119732607E+01
   1337.00    0.5058052611E+01
   1338.00    0.6331981318E+01
   1339.00    0.7401252254E+01
   1340.00    0.7889603794E+01
   1341.00    0.7931836240E+01
   1342.00    0.7791552477E+01
   1343.00    0.7617502859E+01
   1344.00    0.7465490733E+01
   1345.00    0.7350948461E+01
   1346.00    0.7275388303E+01
   1347.00    0.7236508319E+01
   1348.00    0.7231669535E+01
   1349.00    0.7258991839E+01
   1350.00    0.7317649824E+01
   1351.00    0.7407934086E+01
   1352.00    0.7531280195E+01
   1353.00    0.7690341285E+01
   1354.00    0.7889140147E+01
   1355.00    0.8133329544E+01
   1356.00    0.8430597450E+01
   1357.00    0.8791272079E+01
   1358.00    0.9229210465E+01
   1359.00    0.9763096076E+01
   1360.00    0.1041832483E+02
   1361.00    0.1122970603E+02
   1362.00    0.1224515464E+02
   1363.00    0.1353005567E+02
   1364.00    0.1516979674E+02
   1365.00    0.1725995744E+02
   1366.00    0.1984827556E+02
   1367.00    0.2273668795E+02
   1368.00    0.2508216106E+02
   1369.00    0.2542470209E+02
   1370.00    0.2327613348E+02
   1371.00    0.1993121720E+02
   1372.00    0.1670989222E+02
   1373.00    0.1408286730E+02
   1374.00    0.1205289596E+02
   1375.00    0.1050243897E+02
   1376.00    0.9315399790E+01
   1377.00    0.8402234800E+01
   1378.00    0.7698477093E+01
   1379.00    0.7158619935E+01
   1380.00    0.6750702977E+01
   1381.00    0.6452395525E+01
   1382.00    0.6248345941E+01
   1383.00    0.6128449507E+01
   1384.00    0.6086764234E+01
   1385.00    0.6120897880E+01
   1386.00    0.6231765820E+01
   1387.00    0.6423679875E+01
   1388.00    0.6704781499E+01
   1389.00    0.7087888429E+01
   1390.00    0.7591891939E+01
   1391.00    0.8243929107E+01
   1392.00    0.9082653467E+01
   1393.00    0.1016296384E+02
   1394.00    0.1156219245E+02
   1395.00    0.1338571895E+02
   1396.00    0.1576175329E+02
   1397.00    0.1878716562E+02
   1398.00    0.2231939125E+02
   1399.00    0.2551825799E+02
   1400.00    0.2677576459E+02
   1401.00    0.2536089902E+02
   1402.00    0.2245476207E+02
   1403.00    0.1943893716E+02
   1404.00    0.1690111748E+02
   1405.00    0.1491376145E+02
   1406.00    0.1337796652E+02
   1407.00    0.1218249296E+02
   1408.00    0.1124173222E+02
   1409.00    0.1049445068E+02
   1410.00    0.9897185266E+01
   1411.00    0.9418897602E+01
   1412.00    0.9037266944E+01
   1413.00    0.8736196406E+01
   1414.00    0.8504146906E+01
   1415.00    0.8333031265E+01
   1416.00    0.8217494553E+01
   1417.00    0.8154471916E+01
   1418.00    0.8142960096E+01
   1419.00    0.8183971425E+01
   1420.00    0.8280665441E+01
   1421.00    0.8438677839E+01
   1422.00    0.8666692477E+01
   1423.00    0.8977329546E+01
   1424.00    0.9388441537E+01
   1425.00    0.9924872918E+01
   1426.00    0.1062048458E+02
   1427.00    0.1151920864E+02
   1428.00    0.1267025986E+02
   1429.00    0.1410114188E+02
   1430.00    0.1572378816E+02
   1431.00    0.1711445604E+02
   1432.00    0.1737550361E+02
   1433.00    0.1589101189E+02
   1434.00    0.1332139545E+02
   1435.00    0.1072960636E+02
   1436.00    0.8590458899E+01
   1437.00    0.6937602815E+01
   1438.00    0.5674987802E+01
   1439.00    0.4701984336E+01
   1440.00    0.3940722949E+01
   1441.00    0.3335410636E+01
   1442.00    0.2846702434E+01
   1443.00    0.2446691871E+01
   1444.00    0.2115309297E+01
   1445.00    0.1837880616E+01
   1446.00    0.1603494166E+01
   1447.00    0.1403903568E+01
   1448.00    0.1232782623E+01
   1449.00    0.1085213436E+01
   1450.00    0.9573330186E+00
   1451.00    0.8460940949E+00
   1452.00    0.7491208693E+00
   1453.00    0.6646696943E+00
   1454.00    0.5917503464E+00
   1455.00    0.5305181351E+00
   1456.00    0.4828938127E+00
   1457.00    0.4519435580E+00
   1458.00    0.4358199488E+00
   1459.00    0.4218641901E+00
   1460.00    0.4002854512E+00
   1461.00    0.3740466948E+00
   1462.00    0.3487898355E+00
   1463.00    0.3273064936E+00
   1464.00    0.3103713013E+00
   1465.00    0.2979775162E+00
   1466.00    0.2898958987E+00
   1467.00    0.2858680793E+00
   1468.00    0.2856646914E+00
   1469.00    0.2891003985E+00
   1470.00    0.2960374064E+00
   1471.00    0.3063872465E+00
   1472.00    0.3201133293E+00
   1473.00    0.3372346731E+00
   1474.00    0.3578309337E+00
   1475.00    0.3820491434E+00
   1476.00    0.4101129536E+00
   1477.00    0.4423355638E+00
   1478.00    0.4791379587E+00
   1479.00    0.5210746714E+00
   1480.00    0.5688701945E+00
   1481.00    0.6234705184E+00
   1482.00    0.6861163049E+00
   1483.00    0.7584470173E+00
   1484.00    0.8426487027E+00
   1485.00    0.9416602055E+00
   1486.00    0.1059445758E+01
   1487.00    0.1201298612E+01
   1488.00    0.1373966465E+01
   1489.00    0.1584779791E+01
   1490.00    0.1837068688E+01
   1491.00    0.2114840837E+01
   1492.00    0.2350380753E+01
   1493.00    0.2419772209E+01
   1494.00    0.2279791419E+01
   1495.00    0.2076278452E+01
   1496.00    0.1960231203E+01
   1497.00    0.1915913745E+01
   1498.00    0.1816402722E+01
   1499.00    0.1614205082E+01
   1500.00    0.1371011225E+01
   1501.00    0.1142993570E+01
   1502.00    0.9480134208E+00
   1503.00    0.7869053835E+00
   1504.00    0.6633030590E+00
   1505.00    0.6056396133E+00
   1506.00    0.6914501950E+00
   1507.00    0.1011366670E+01
   1508.00    0.1606618384E+01
   1509.00    0.2435589937E+01
   1510.00    0.3311800545E+01
   1511.00    0.4041905287E+01
   1512.00    0.4573086086E+01
   1513.00    0.4822612427E+01
   1514.00    0.4609694781E+01
   1515.00    0.3955136678E+01
   1516.00    0.3158593256E+01
   1517.00    0.2454028099E+01
   1518.00    0.1914937817E+01
   1519.00    0.1581772274E+01
   1520.00    0.1570436697E+01
   1521.00    0.1997864541E+01
   1522.00    0.2752276145E+01
   1523.00    0.3515571879E+01
   1524.00    0.4047657371E+01
   1525.00    0.4377378366E+01
   1526.00    0.4634572352E+01
   1527.00    0.4908108684E+01
   1528.00    0.5243165790E+01
   1529.00    0.5666179165E+01
   1530.00    0.6200364415E+01
   1531.00    0.6873886472E+01
   1532.00    0.7725371639E+01
   1533.00    0.8808936748E+01
   1534.00    0.1019813409E+02
   1535.00    0.1198191454E+02
   1536.00    0.1422618627E+02
   1537.00    0.1682738085E+02
   1538.00    0.1918194019E+02
   1539.00    0.2009574607E+02
   1540.00    0.1895992391E+02
   1541.00    0.1664141583E+02
   1542.00    0.1421571794E+02
   1543.00    0.1212065859E+02
   1544.00    0.1038338889E+02
   1545.00    0.8922594627E+01
   1546.00    0.7712674565E+01
   1547.00    0.6773783261E+01
   1548.00    0.6061891898E+01
   1549.00    0.5499071067E+01
   1550.00    0.5031052754E+01
   1551.00    0.4628125627E+01
   1552.00    0.4273426266E+01
   1553.00    0.3956183272E+01
   1554.00    0.3668764461E+01
   1555.00    0.3405377965E+01
   1556.00    0.3161436954E+01
   1557.00    0.2933206756E+01
   1558.00    0.2717588291E+01
   1559.00    0.2511979553E+01
   1560.00    0.2314192558E+01
   1561.00    0.2122422007E+01
   1562.00    0.1935278423E+01
   1563.00    0.1751922578E+01
   1564.00    0.1572383339E+01
   1565.00    0.1398232148E+01
   1566.00    0.1233959891E+01
   1567.00    0.1089622686E+01
   1568.00    0.9849769364E+00
   1569.00    0.9518647225E+00
   1570.00    0.1024707867E+01
   1571.00    0.1220506487E+01
   1572.00    0.1537954728E+01
   1573.00    0.1976523854E+01
   1574.00    0.2549081414E+01
   1575.00    0.3285745821E+01
   1576.00    0.4235677154E+01
   1577.00    0.5465360274E+01
   1578.00    0.7036363100E+01
   1579.00    0.8911382054E+01
   1580.00    0.1073026912E+02
   1581.00    0.1173175554E+02
   1582.00    0.1148627426E+02
   1583.00    0.1045208108E+02
   1584.00    0.9246726152E+01
   1585.00    0.8155631445E+01
   1586.00    0.7239537836E+01
   1587.00    0.6484615046E+01
   1588.00    0.5868880285E+01
   1589.00    0.5389535500E+01
   1590.00    0.5084264237E+01
   1591.00    0.5045853843E+01
   1592.00    0.5356390298E+01
   1593.00    0.5866587049E+01
   1594.00    0.6191788164E+01
   1595.00    0.6173226867E+01
   1596.00    0.5949005059E+01
   1597.00    0.5665382543E+01
   1598.00    0.5389220858E+01
   1599.00    0.5140691655E+01
   1600.00    0.4922176607E+01
   1601.00    0.4730668207E+01
   1602.00    0.4562111707E+01
   1603.00    0.4412740801E+01
   1604.00    0.4279391204E+01
   1605.00    0.4159492621E+01
   1606.00    0.4050976497E+01
   1607.00    0.3952176136E+01
   1608.00    0.3861740792E+01
   1609.00    0.3778567193E+01
   1610.00    0.3701746511E+01
   1611.00    0.3630523684E+01
   1612.00    0.3564266227E+01
   1613.00    0.3502440212E+01
   1614.00    0.3444591646E+01
   1615.00    0.3390331928E+01
   1616.00    0.3339326398E+01
   1617.00    0.3291285235E+01
   1618.00    0.3245956187E+01
   1619.00    0.3203118693E+01
   1620.00    0.3162579125E+01
   1621.00    0.3124166879E+01
   1622.00    0.3087731178E+01
   1623.00    0.3053138407E+01
   1624.00    0.3020269913E+01
   1625.00    0.2989020157E+01
   1626.00    0.2959295169E+01
   1627.00    0.2931011248E+01
   1628.00    0.2904093865E+01
   1629.00    0.2878476743E+01
   1630.00    0.2854101077E+01
   1631.00    0.2830914881E+01
   1632.00    0.2808872445E+01
   1633.00    0.2787933882E+01
   1634.00    0.2768064764E+01
   1635.00    0.2749235828E+01
   1636.00    0.2731422756E+01
   1637.00    0.2714606018E+01
   1638.00    0.2698770781E+01
   1639.00    0.2683906874E+01
   1640.00    0.2670008821E+01
   1641.00    0.2657075939E+01
   1642.00    0.2645112501E+01
   1643.00    0.2634127977E+01
   1644.00    0.2624137358E+01
   1645.00    0.2615161578E+01
   1646.00    0.2607228037E+01
   1647.00    0.2600371261E+01
   1648.00    0.2594633708E+01
   1649.00    0.2590066755E+01
   1650.00    0.2586731907E+01
   1651.00    0.2584702268E+01
   1652.00    0.2584064350E+01
   1653.00    0.2584920283E+01
   1654.00    0.2587390538E+01
   1655.00    0.2591617304E+01
   1656.00    0.2597768687E+01
   1657.00    0.2606043960E+01
   1658.00    0.2616680196E+01
   1659.00    0.2629960678E+01
   1660.00    0.2646225681E+01
   1661.00    0.2665886391E+01
   1662.00    0.2689443046E+01
   1663.00    0.2717508795E+01
   1664.00    0.2750841390E+01
   1665.00    0.2790385649E+01
   1666.00    0.2837330857E+01
   1667.00    0.2893188858E+01
   1668.00    0.2959900577E+01
   1669.00    0.3039980540E+01
   1670.00    0.3136708559E+01
   1671.00    0.3254368231E+01
   1672.00    0.3398491449E+01
   1673.00    0.3575929526E+01
   1674.00    0.3794128913E+01
   1675.00    0.4057645757E+01
   1676.00    0.4356280508E+01
   1677.00    0.4632713340E+01
   1678.00    0.4728005328E+01
   1679.00    0.4411507189E+01
   1680.00    0.3661610830E+01
   1681.00    0.2775969928E+01
   1682.00    0.2013411244E+01
   1683.00    0.1442544068E+01
   1684.00    0.1044072967E+01
   1685.00    0.7870659502E+00
   1686.00    0.6469272981E+00
   1687.00    0.5976429898E+00
   1688.00    0.6064312938E+00
   1689.00    0.6437552787E+00
   1690.00    0.6912793079E+00
   1691.00    0.7399976601E+00
   1692.00    0.7860632625E+00
   1693.00    0.8280756203E+00
   1694.00    0.8657267233E+00
   1695.00    0.8991737659E+00
   1696.00    0.9287535612E+00
   1697.00    0.9548535607E+00
   1698.00    0.9778550246E+00
   1699.00    0.9981097519E+00
   1700.00    0.1015932432E+01
   1701.00    0.1031600129E+01
   1702.00    0.1045354844E+01
   1703.00    0.1057407188E+01
   1704.00    0.1067940265E+01
   1705.00    0.1077113345E+01
   1706.00    0.1085065164E+01
   1707.00    0.1091916807E+01
   1708.00    0.1097774198E+01
   1709.00    0.1102730221E+01
   1710.00    0.1106866527E+01
   1711.00    0.1110255071E+01
   1712.00    0.1112959409E+01
   1713.00    0.1115035808E+01
   1714.00    0.1116534187E+01
   1715.00    0.1117498918E+01
   1716.00    0.1117969514E+01
   1717.00    0.1117981211E+01
   1718.00    0.1117565482E+01
   1719.00    0.1116750462E+01
   1720.00    0.1115561325E+01
   1721.00    0.1114020613E+01
   1722.00    0.1112148509E+01
   1723.00    0.1109963087E+01
   1724.00    0.1107480521E+01
   1725.00    0.1104715272E+01
   1726.00    0.1101680249E+01
   1727.00    0.1098386950E+01
   1728.00    0.1094845585E+01
   1729.00    0.1091065186E+01
   1730.00    0.1087053701E+01
   1731.00    0.1082818075E+01
   1732.00    0.1078364326E+01
   1733.00    0.1073697604E+01
   1734.00    0.1068822249E+01
   1735.00    0.1063741839E+01
   1736.00    0.1058459226E+01
   1737.00    0.1052976578E+01
   1738.00    0.1047295403E+01
   1739.00    0.1041416574E+01
   1740.00    0.1035340352E+01
   1741.00    0.1029066399E+01
   1742.00    0.1022593787E+01
   1743.00    0.1015921011E+01
   1744.00    0.1009045988E+01
   1745.00    0.1001966058E+01
   1746.00    0.9946779833E+00
   1747.00    0.9871779363E+00
   1748.00    0.9794614935E+00
   1749.00    0.9715236189E+00
   1750.00    0.9633586467E+00
   1751.00    0.9549602594E+00
   1752.00    0.9463214620E+00
   1753.00    0.9374345520E+00
   1754.00    0.9282910854E+00
   1755.00    0.9188818372E+00
   1756.00    0.9091967573E+00
   1757.00    0.8992249210E+00
   1758.00    0.8889544733E+00
   1759.00    0.8783725676E+00
   1760.00    0.8674652962E+00
   1761.00    0.8562176146E+00
   1762.00    0.8446132570E+00
   1763.00    0.8326346430E+00
   1764.00    0.8202627749E+00
   1765.00    0.8074771247E+00
   1766.00    0.7942555100E+00
   1767.00    0.7805739584E+00
   1768.00    0.7664065593E+00
   1769.00    0.7517253040E+00
   1770.00    0.7364999127E+00
   1771.00    0.7206976509E+00
   1772.00    0.7042831368E+00
   1773.00    0.6872181423E+00
   1774.00    0.6694613976E+00
   1775.00    0.6509684070E+00
   1776.00    0.6316912975E+00
   1777.00    0.6115787277E+00
   1778.00    0.5905759054E+00
   1779.00    0.5686247899E+00
   1780.00    0.5456646021E+00
   1781.00    0.5216328449E+00
   1782.00    0.4964671712E+00
   1783.00    0.4701086749E+00
   1784.00    0.4425076019E+00
   1785.00    0.4136332741E+00
   1786.00    0.3834915237E+00
   1787.00    0.3521559203E+00
   1788.00    0.3198251009E+00
   1789.00    0.2869308061E+00
   1790.00    0.2543451220E+00
   1791.00    0.2237719197E+00
   1792.00    0.1984013999E+00
   1793.00    0.1835451291E+00
   1794.00    0.1857386380E+00
   1795.00    0.2089528907E+00
   1796.00    0.2521996004E+00
   1797.00    0.3122693936E+00
   1798.00    0.3867766618E+00
   1799.00    0.4748568819E+00
   1800.00    0.5768972996E+00
   1801.00    0.6942649436E+00
   1802.00    0.8292115007E+00
   1803.00    0.9849364324E+00
   1804.00    0.1165790270E+01
   1805.00    0.1377631357E+01
   1806.00    0.1628383509E+01
   1807.00    0.1928881369E+01
   1808.00    0.2294137179E+01
   1809.00    0.2745201888E+01
   1810.00    0.3311735391E+01
   1811.00    0.4034872492E+01
   1812.00    0.4967587394E+01
   1813.00    0.6161050241E+01
   1814.00    0.7601514673E+01
   1815.00    0.9045165995E+01
   1816.00    0.9903564503E+01
   1817.00    0.9741390048E+01
   1818.00    0.8866637770E+01
   1819.00    0.7825433857E+01
   1820.00    0.6893012814E+01
   1821.00    0.6129402008E+01
   1822.00    0.5518012245E+01
   1823.00    0.5027500648E+01
   1824.00    0.4629682793E+01
   1825.00    0.4302683852E+01
   1826.00    0.4030230188E+01
   1827.00    0.3800311051E+01
   1828.00    0.3604013303E+01
   1829.00    0.3434650155E+01
   1830.00    0.3287140199E+01
   1831.00    0.3157570516E+01
   1832.00    0.3042888844E+01
   1833.00    0.2940684947E+01
   1834.00    0.2849033648E+01
   1835.00    0.2766380756E+01
   1836.00    0.2691459156E+01
   1837.00    0.2623226327E+01
   1838.00    0.2560817276E+01
   1839.00    0.2503508694E+01
   1840.00    0.2450691358E+01
   1841.00    0.2401848691E+01
   1842.00    0.2356539930E+01
   1843.00    0.2314386812E+01
   1844.00    0.2275062950E+01
   1845.00    0.2238285287E+01
   1846.00    0.2203807180E+01
   1847.00    0.2171412754E+01
   1848.00    0.2140912279E+01
   1849.00    0.2112138341E+01
   1850.00    0.2084942670E+01
   1851.00    0.2059193494E+01
   1852.00    0.2034773310E+01
   1853.00    0.2011577014E+01
   1854.00    0.1989510313E+01
   1855.00    0.1968488372E+01
   1856.00    0.1948434661E+01
   1857.00    0.1929279968E+01
   1858.00    0.1910961545E+01
   1859.00    0.1893422373E+01
   1860.00    0.1876610524E+01
   1861.00    0.1860478607E+01
   1862.00    0.1844983284E+01
   1863.00    0.1830084844E+01
   1864.00    0.1815746837E+01
   1865.00    0.1801935741E+01
   1866.00    0.1788620681E+01
   1867.00    0.1775773164E+01
   1868.00    0.1763366862E+01
   1869.00    0.1751377407E+01
   1870.00    0.1739782211E+01
   1871.00    0.1728560311E+01
   1872.00    0.1717692218E+01
   1873.00    0.1707159799E+01
   1874.00    0.1696946152E+01
   1875.00    0.1687035510E+01
   1876.00    0.1677413145E+01
   1877.00    0.1668065283E+01
   1878.00    0.1658979029E+01
   1879.00    0.1650142297E+01
   1880.00    0.1641543750E+01
   1881.00    0.1633172739E+01
   1882.00    0.1625019254E+01
   1883.00    0.1617073877E+01
   1884.00    0.1609327737E+01
   1885.00    0.1601772474E+01
   1886.00    0.1594400197E+01
   1887.00    0.1587203459E+01
   1888.00    0.1580175219E+01
   1889.00    0.1573308821E+01
   1890.00    0.1566597961E+01
   1891.00    0.1560036672E+01
   1892.00    0.1553619294E+01
   1893.00    0.1547340461E+01
   1894.00    0.1541195077E+01
   1895.00    0.1535178302E+01
   1896.00    0.1529285536E+01
   1897.00    0.1523512403E+01
   1898.00    0.1517854738E+01
   1899.00    0.1512308575E+01
   1900.00    0.1506870135E+01
   1901.00    0.1501535813E+01
   1902.00    0.1496302173E+01
   1903.00    0.1491165931E+01
   1904.00    0.1486123954E+01
   1905.00    0.1481173246E+01
   1906.00    0.1476310945E+01
   1907.00    0.1471534310E+01
   1908.00    0.1466840719E+01
   1909.00    0.1462227663E+01
   1910.00    0.1457692736E+01
   1911.00    0.1453233634E+01
   1912.00    0.1448848145E+01
   1913.00    0.1444534149E+01
   1914.00    0.1440289612E+01
   1915.00    0.1436112579E+01
   1916.00    0.1432001174E+01
   1917.00    0.1427953592E+01
   1918.00    0.1423968099E+01
   1919.00    0.1420043028E+01
   1920.00    0.1416176774E+01
   1921.00    0.1412367792E+01
   1922.00    0.1408614595E+01
   1923.00    0.1404915752E+01
   1924.00    0.1401269880E+01
   1925.00    0.1397675651E+01
   1926.00    0.1394131780E+01
   1927.00    0.1390637030E+01
   1928.00    0.1387190208E+01
   1929.00    0.1383790160E+01
   1930.00    0.1380435772E+01
   1931.00    0.1377125971E+01
   1932.00    0.1373859717E+01
   1933.00    0.1370636006E+01
   1934.00    0.1367453868E+01
   1935.00    0.1364312364E+01
   1936.00    0.1361210586E+01
   1937.00    0.1358147654E+01
   1938.00    0.1355122720E+01
   1939.00    0.1352134958E+01
   1940.00    0.1349183571E+01
   1941.00    0.1346267787E+01
   1942.00    0.1343386858E+01
   1943.00    0.1340540056E+01
   1944.00    0.1337726680E+01
   1945.00    0.1334946045E+01
   1946.00    0.1332197492E+01
   1947.00    0.1329480376E+01
   1948.00    0.1326794076E+01
   1949.00    0.1324137985E+01
   1950.00    0.1321511517E+01
   1951.00    0.1318914101E+01
   1952.00    0.1316345183E+01
   1953.00    0.1313804223E+01
   1954.00    0.1311290700E+01
   1955.00    0.1308804103E+01
   1956.00    0.1306343939E+01
   1957.00    0.1303909725E+01
   1958.00    0.1301500995E+01
   1959.00    0.1299117293E+01
   1960.00    0.1296758175E+01
   1961.00    0.1294423210E+01
   1962.00    0.1292111980E+01
   1963.00    0.1289824073E+01
   1964.00    0.1287559094E+01
   1965.00    0.1285316653E+01
   1966.00    0.1283096373E+01
   1967.00    0.1280897885E+01
   1968.00    0.1278720831E+01
   1969.00    0.1276564861E+01
   1970.00    0.1274429633E+01
   1971.00    0.1272314815E+01
   1972.00    0.1270220083E+01
   1973.00    0.1268145120E+01
   1974.00    0.1266089616E+01
   1975.00    0.1264053272E+01
   1976.00    0.1262035791E+01
   1977.00    0.1260036888E+01
   1978.00    0.1258056282E+01
   1979.00    0.1256093699E+01
   1980.00    0.1254148872E+01
   1981.00    0.1252221539E+01
   1982.00    0.1250311445E+01
   1983.00    0.1248418341E+01
   1984.00    0.1246541984E+01
   1985.00    0.1244682134E+01
   1986.00    0.1242838559E+01
   1987.00    0.1241011031E+01
   1988.00    0.1239199329E+01
   1989.00    0.1237403233E+01
   1990.00    0.1235622531E+01
   1991.00    0.1233857014E+01
   1992.00    0.1232106480E+01
   1993.00    0.1230370727E+01
   1994.00    0.1228649562E+01
   1995.00    0.1226942793E+01
   1996.00    0.1225250232E+01
   1997.00    0.1223571697E+01
   1998.00    0.1221907008E+01
   1999.00    0.1220255990E+01
   2000.00    0.1218618470E+01
   2001.00    0.1216994280E+01
   2002.00    0.1215383256E+01
   2003.00    0.1213785234E+01
   2004.00    0.1212200057E+01
   2005.00    0.1210627569E+01
   2006.00    0.1209067619E+01
   2007.00    0.1207520056E+01
   2008.00    0.1205984734E+01
   2009.00    0.1204461510E+01
   2010.00    0.1202950244E+01
   2011.00    0.1201450796E+01
   2012.00    0.1199963032E+01
   2013.00    0.1198486819E+01
   2014.00    0.1197022027E+01
   2015.00    0.1195568528E+01
   2016.00    0.1194126196E+01
   2017.00    0.1192694908E+01
   2018.00    0.1191274545E+01
   2019.00    0.1189864986E+01
   2020.00    0.1188466115E+01
   2021.00    0.1187077819E+01
   2022.00    0.1185699986E+01
   2023.00    0.1184332504E+01
   2024.00    0.1182975266E+01
   2025.00    0.1181628165E+01
   2026.00    0.1180291098E+01
   2027.00    0.1178963961E+01
   2028.00    0.1177646654E+01
   2029.00    0.1176339078E+01
   2030.00    0.1175041136E+01
   2031.00    0.1173752732E+01
   2032.00    0.1172473772E+01
   2033.00    0.1171204164E+01
   2034.00    0.1169943817E+01
   2035.00    0.1168692642E+01
   2036.00    0.1167450551E+01
   2037.00    0.1166217458E+01
   2038.00    0.1164993279E+01
   2039.00    0.1163777930E+01
   2040.00    0.1162571328E+01
   2041.00    0.1161373394E+01
   2042.00    0.1160184048E+01
   2043.00    0.1159003212E+01
   2044.00    0.1157830810E+01
   2045.00    0.1156666765E+01
   2046.00    0.1155511004E+01
   2047.00    0.1154363453E+01
   2048.00    0.1153224041E+01
   2049.00    0.1152092696E+01
   2050.00    0.1150969350E+01
   2051.00    0.1149853933E+01
   2052.00    0.1148746378E+01
   2053.00    0.1147646619E+01
   2054.00    0.1146554590E+01
   2055.00    0.1145470227E+01
   2056.00    0.1144393466E+01
   2057.00    0.1143324245E+01
   2058.00    0.1142262503E+01
   2059.00    0.1141208179E+01
   2060.00    0.1140161213E+01
   2061.00    0.1139121547E+01
   2062.00    0.1138089123E+01
   2063.00    0.1137063883E+01
   2064.00    0.1136045773E+01
   2065.00    0.1135034736E+01
   2066.00    0.1134030717E+01
   2067.00    0.1133033665E+01
   2068.00    0.1132043524E+01
   2069.00    0.1131060244E+01
   2070.00    0.1130083773E+01
   2071.00    0.1129114061E+01
   2072.00    0.1128151057E+01
   2073.00    0.1127194712E+01
   2074.00    0.1126244978E+01
   2075.00    0.1125301807E+01
   2076.00    0.1124365153E+01
   2077.00    0.1123434968E+01
   2078.00    0.1122511207E+01
   2079.00    0.1121593825E+01
   2080.00    0.1120682777E+01
   2081.00    0.1119778020E+01
   2082.00    0.1118879510E+01
   2083.00    0.1117987204E+01
   2084.00    0.1117101061E+01
   2085.00    0.1116221040E+01
   2086.00    0.1115347098E+01
   2087.00    0.1114479196E+01
   2088.00    0.1113617295E+01
   2089.00    0.1112761354E+01
   2090.00    0.1111911335E+01
   2091.00    0.1111067200E+01
   2092.00    0.1110228912E+01
   2093.00    0.1109396432E+01
   2094.00    0.1108569725E+01
   2095.00    0.1107748754E+01
   2096.00    0.1106933484E+01
   2097.00    0.1106123879E+01
   2098.00    0.1105319905E+01
   2099.00    0.1104521527E+01
   2100.00    0.1103728711E+01
   2101.00    0.1102941425E+01
   2102.00    0.1102159635E+01
   2103.00    0.1101383308E+01
   2104.00    0.1100612413E+01
   2105.00    0.1099846917E+01
   2106.00    0.1099086790E+01
   2107.00    0.1098332001E+01
   2108.00    0.1097582519E+01
   2109.00    0.1096838314E+01
   2110.00    0.1096099357E+01
   2111.00    0.1095365618E+01
   2112.00    0.1094637068E+01
   2113.00    0.1093913679E+01
   2114.00    0.1093195422E+01
   2115.00    0.1092482270E+01
   2116.00    0.1091774195E+01
   2117.00    0.1091071170E+01
   2118.00    0.1090373168E+01
   2119.00    0.1089680163E+01
   2120.00    0.1088992129E+01
   2121.00    0.1088309040E+01
   2122.00    0.1087630870E+01
   2123.00    0.1086957594E+01
   2124.00    0.1086289188E+01
   2125.00    0.1085625627E+01
   2126.00    0.1084966886E+01
   2127.00    0.1084312943E+01
   2128.00    0.1083663772E+01
   2129.00    0.1083019352E+01
   2130.00    0.1082379658E+01
   2131.00    0.1081744668E+01
   2132.00    0.1081114360E+01
   2133.00    0.1080488712E+01
   2134.00    0.1079867701E+01
   2135.00    0.1079251306E+01
   2136.00    0.1078639506E+01
   2137.00    0.1078032278E+01
   2138.00    0.1077429604E+01
   2139.00    0.1076831461E+01
   2140.00    0.1076237831E+01
   2141.00    0.1075648691E+01
   2142.00    0.1075064024E+01
   2143.00    0.1074483808E+01
   2144.00    0.1073908025E+01
   2145.00    0.1073336656E+01
   2146.00    0.1072769682E+01
   2147.00    0.1072207083E+01
   2148.00    0.1071648843E+01
   2149.00    0.1071094941E+01
   2150.00    0.1070545361E+01
   2151.00    0.1070000085E+01
   2152.00    0.1069459095E+01
   2153.00    0.1068922374E+01
   2154.00    0.1068389905E+01
   2155.00    0.1067861670E+01
   2156.00    0.1067337654E+01
   2157.00    0.1066817839E+01
   2158.00    0.1066302209E+01
   2159.00    0.1065790749E+01
   2160.00    0.1065283442E+01
   2161.00    0.1064780272E+01
   2162.00    0.1064281225E+01
   2163.00    0.1063786284E+01
   2164.00    0.1063295436E+01
   2165.00    0.1062808663E+01
   2166.00    0.1062325953E+01
   2167.00    0.1061847291E+01
   2168.00    0.1061372661E+01
   2169.00    0.1060902050E+01
   2170.00    0.1060435444E+01
   2171.00    0.1059972828E+01
   2172.00    0.1059514190E+01
   2173.00    0.1059059516E+01
   2174.00    0.1058608791E+01
   2175.00    0.1058162004E+01
   2176.00    0.1057719141E+01
   2177.00    0.1057280190E+01
   2178.00    0.1056845136E+01
   2179.00    0.1056413969E+01
   2180.00    0.1055986675E+01
   2181.00    0.1055563243E+01
   2182.00    0.1055143660E+01
   2183.00    0.1054727915E+01
   2184.00    0.1054315995E+01
   2185.00    0.1053907889E+01
   2186.00    0.1053503586E+01
   2187.00    0.1053103074E+01
   2188.00    0.1052706342E+01
   2189.00    0.1052313379E+01
   2190.00    0.1051924174E+01
   2191.00    0.1051538717E+01
   2192.00    0.1051156997E+01
   2193.00    0.1050779003E+01
   2194.00    0.1050404725E+01
   2195.00    0.1050034153E+01
   2196.00    0.1049667276E+01
   2197.00    0.1049304086E+01
   2198.00    0.1048944572E+01
   2199.00    0.1048588724E+01
   2200.00    0.1048236533E+01
   2201.00    0.1047887990E+01
   2202.00    0.1047543085E+01
   2203.00    0.1047201809E+01
   2204.00    0.1046864153E+01
   2205.00    0.1046530109E+01
   2206.00    0.1046199667E+01
   2207.00    0.1045872819E+01
   2208.00    0.1045549556E+01
   2209.00    0.1045229870E+01
   2210.00    0.1044913753E+01
   2211.00    0.1044601196E+01
   2212.00    0.1044292192E+01
   2213.00    0.1043986732E+01
   2214.00    0.1043684809E+01
   2215.00    0.1043386415E+01
   2216.00    0.1043091543E+01
   2217.00    0.1042800184E+01
   2218.00    0.1042512332E+01
   2219.00    0.1042227979E+01
   2220.00    0.1041947119E+01
   2221.00    0.1041669744E+01
   2222.00    0.1041395847E+01
   2223.00    0.1041125422E+01
   2224.00    0.1040858461E+01
   2225.00    0.1040594959E+01
   2226.00    0.1040334908E+01
   2227.00    0.1040078303E+01
   2228.00    0.1039825137E+01
   2229.00    0.1039575403E+01
   2230.00    0.1039329097E+01
   2231.00    0.1039086211E+01
   2232.00    0.1038846740E+01
   2233.00    0.1038610679E+01
   2234.00    0.1038378021E+01
   2235.00    0.1038148761E+01
   2236.00    0.1037922893E+01
   2237.00    0.1037700413E+01
   2238.00    0.1037481314E+01
   2239.00    0.1037265593E+01
   2240.00    0.1037053242E+01
   2241.00    0.1036844259E+01
   2242.00    0.1036638637E+01
   2243.00    0.1036436372E+01
   2244.00    0.1036237459E+01
   2245.00    0.1036041894E+01
   2246.00    0.1035849672E+01
   2247.00    0.1035660788E+01
   2248.00    0.1035475239E+01
   2249.00    0.1035293021E+01
   2250.00    0.1035114128E+01
   2251.00    0.1034938557E+01
   2252.00    0.1034766304E+01
   2253.00    0.1034597365E+01
   2254.00    0.1034431736E+01
   2255.00    0.1034269414E+01
   2256.00    0.1034110395E+01
   2257.00    0.1033954675E+01
   2258.00    0.1033802251E+01
   2259.00    0.1033653120E+01
   2260.00    0.1033507279E+01
   2261.00    0.1033364723E+01
   2262.00    0.1033225451E+01
   2263.00    0.1033089459E+01
   2264.00    0.1032956744E+01
   2265.00    0.1032827304E+01
   2266.00    0.1032701135E+01
   2267.00    0.1032578235E+01
   2268.00    0.1032458601E+01
   2269.00    0.1032342231E+01
   2270.00    0.1032229123E+01
   2271.00    0.1032119274E+01
   2272.00    0.1032012682E+01
   2273.00    0.1031909344E+01
   2274.00    0.1031809259E+01
   2275.00    0.1031712425E+01
   2276.00    0.1031618839E+01
   2277.00    0.1031528500E+01
   2278.00    0.1031441407E+01
   2279.00    0.1031357556E+01
   2280.00    0.1031276947E+01
   2281.00    0.1031199579E+01
   2282.00    0.1031125450E+01
   2283.00    0.1031054557E+01
   2284.00    0.1030986901E+01
   2285.00    0.1030922480E+01
   2286.00    0.1030861293E+01
   2287.00    0.1030803339E+01
   2288.00    0.1030748616E+01
   2289.00    0.1030697124E+01
   2290.00    0.1030648863E+01
   2291.00    0.1030603830E+01
   2292.00    0.1030562027E+01
   2293.00    0.1030523451E+01
   2294.00    0.1030488104E+01
   2295.00    0.1030455983E+01
   2296.00    0.1030427089E+01
   2297.00    0.1030401422E+01
   2298.00    0.1030378981E+01
   2299.00    0.1030359766E+01
   2300.00    0.1030343777E+01
   2301.00    0.1030331015E+01
   2302.00    0.1030321479E+01
   2303.00    0.1030315170E+01
   2304.00    0.1030312087E+01
   2305.00    0.1030312231E+01
   2306.00    0.1030315603E+01
   2307.00    0.1030322203E+01
   2308.00    0.1030332032E+01
   2309.00    0.1030345089E+01
   2310.00    0.1030361377E+01
   2311.00    0.1030380895E+01
   2312.00    0.1030403645E+01
   2313.00    0.1030429628E+01
   2314.00    0.1030458844E+01
   2315.00    0.1030491295E+01
   2316.00    0.1030526981E+01
   2317.00    0.1030565905E+01
   2318.00    0.1030608066E+01
   2319.00    0.1030653468E+01
   2320.00    0.1030702111E+01
   2321.00    0.1030753996E+01
   2322.00    0.1030809126E+01
   2323.00    0.1030867502E+01
   2324.00    0.1030929126E+01
   2325.00    0.1030994000E+01
   2326.00    0.1031062125E+01
   2327.00    0.1031133504E+01
   2328.00    0.1031208138E+01
   2329.00    0.1031286031E+01
   2330.00    0.1031367183E+01
   2331.00    0.1031451597E+01
   2332.00    0.1031539277E+01
   2333.00    0.1031630223E+01
   2334.00    0.1031724439E+01
   2335.00    0.1031821928E+01
   2336.00    0.1031922691E+01
   2337.00    0.1032026732E+01
   2338.00    0.1032134053E+01
   2339.00    0.1032244658E+01
   2340.00    0.1032358550E+01
   2341.00    0.1032475730E+01
   2342.00    0.1032596204E+01
   2343.00    0.1032719973E+01
   2344.00    0.1032847041E+01
   2345.00    0.1032977412E+01
   2346.00    0.1033111088E+01
   2347.00    0.1033248074E+01
   2348.00    0.1033388373E+01
   2349.00    0.1033531988E+01
   2350.00    0.1033678924E+01
   2351.00    0.1033829184E+01
   2352.00    0.1033982772E+01
   2353.00    0.1034139692E+01
   2354.00    0.1034299948E+01
   2355.00    0.1034463544E+01
   2356.00    0.1034630485E+01
   2357.00    0.1034800775E+01
   2358.00    0.1034974418E+01
   2359.00    0.1035151418E+01
   2360.00    0.1035331781E+01
   2361.00    0.1035515510E+01
   2362.00    0.1035702610E+01
   2363.00    0.1035893087E+01
   2364.00    0.1036086945E+01
   2365.00    0.1036284188E+01
   2366.00    0.1036484823E+01
   2367.00    0.1036688853E+01
   2368.00    0.1036896285E+01
   2369.00    0.1037107123E+01
   2370.00    0.1037321373E+01
   2371.00    0.1037539040E+01
   2372.00    0.1037760130E+01
   2373.00    0.1037984647E+01
   2374.00    0.1038212599E+01
   2375.00    0.1038443991E+01
   2376.00    0.1038678827E+01
   2377.00    0.1038917116E+01
   2378.00    0.1039158861E+01
   2379.00    0.1039404070E+01
   2380.00    0.1039652749E+01
   2381.00    0.1039904903E+01
   2382.00    0.1040160539E+01
   2383.00    0.1040419664E+01
   2384.00    0.1040682284E+01
   2385.00    0.1040948406E+01
   2386.00    0.1041218036E+01
   2387.00    0.1041491181E+01
   2388.00    0.1041767848E+01
   2389.00    0.1042048043E+01
   2390.00    0.1042331775E+01
   2391.00    0.1042619049E+01
   2392.00    0.1042909874E+01
   2393.00    0.1043204256E+01
   2394.00    0.1043502203E+01
   2395.00    0.1043803722E+01
   2396.00    0.1044108820E+01
   2397.00    0.1044417507E+01
   2398.00    0.1044729788E+01
   2399.00    0.1045045673E+01
   2400.00    0.1045365168E+01
   2401.00    0.1045688282E+01
   2402.00    0.1046015023E+01
   2403.00    0.1046345400E+01
   2404.00    0.1046679420E+01
   2405.00    0.1047017091E+01
   2406.00    0.1047358423E+01
   2407.00    0.1047703424E+01
   2408.00    0.1048052103E+01
   2409.00    0.1048404468E+01
   2410.00    0.1048760528E+01
   2411.00    0.1049120292E+01
   2412.00    0.1049483769E+01
   2413.00    0.1049850969E+01
   2414.00    0.1050221900E+01
   2415.00    0.1050596572E+01
   2416.00    0.1050974995E+01
   2417.00    0.1051357177E+01
   2418.00    0.1051743129E+01
   2419.00    0.1052132860E+01
   2420.00    0.1052526380E+01
   2421.00    0.1052923700E+01
   2422.00    0.1053324828E+01
   2423.00    0.1053729776E+01
   2424.00    0.1054138553E+01
   2425.00    0.1054551171E+01
   2426.00    0.1054967638E+01
   2427.00    0.1055387967E+01
   2428.00    0.1055812167E+01
   2429.00    0.1056240249E+01
   2430.00    0.1056672225E+01
   2431.00    0.1057108105E+01
   2432.00    0.1057547901E+01
   2433.00    0.1057991623E+01
   2434.00    0.1058439283E+01
   2435.00    0.1058890893E+01
   2436.00    0.1059346463E+01
   2437.00    0.1059806006E+01
   2438.00    0.1060269534E+01
   2439.00    0.1060737058E+01
   2440.00    0.1061208590E+01
   2441.00    0.1061684143E+01
   2442.00    0.1062163728E+01
   2443.00    0.1062647359E+01
   2444.00    0.1063135046E+01
   2445.00    0.1063626804E+01
   2446.00    0.1064122645E+01
   2447.00    0.1064622582E+01
   2448.00    0.1065126627E+01
   2449.00    0.1065634794E+01
   2450.00    0.1066147095E+01
   2451.00    0.1066663545E+01
   2452.00    0.1067184157E+01
   2453.00    0.1067708944E+01
   2454.00    0.1068237919E+01
   2455.00    0.1068771098E+01
   2456.00    0.1069308493E+01
   2457.00    0.1069850119E+01
   2458.00    0.1070395990E+01
   2459.00    0.1070946120E+01
   2460.00    0.1071500524E+01
   2461.00    0.1072059216E+01
   2462.00    0.1072622212E+01
   2463.00    0.1073189525E+01
   2464.00    0.1073761172E+01
   2465.00    0.1074337167E+01
   2466.00    0.1074917525E+01
   2467.00    0.1075502262E+01
   2468.00    0.1076091393E+01
   2469.00    0.1076684935E+01
   2470.00    0.1077282902E+01
   2471.00    0.1077885311E+01
   2472.00    0.1078492179E+01
   2473.00    0.1079103521E+01
   2474.00    0.1079719353E+01
   2475.00    0.1080339693E+01
   2476.00    0.1080964557E+01
   2477.00    0.1081593962E+01
   2478.00    0.1082227924E+01
   2479.00    0.1082866462E+01
   2480.00    0.1083509592E+01
   2481.00    0.1084157331E+01
   2482.00    0.1084809699E+01
   2483.00    0.1085466711E+01
   2484.00    0.1086128387E+01
   2485.00    0.1086794744E+01
   2486.00    0.1087465800E+01
   2487.00    0.1088141574E+01
   2488.00    0.1088822085E+01
   2489.00    0.1089507351E+01
   2490.00    0.1090197391E+01
   2491.00    0.1090892225E+01
   2492.00    0.1091591871E+01
   2493.00    0.1092296349E+01
   2494.00    0.1093005678E+01
   2495.00    0.1093719878E+01
   2496.00    0.1094438970E+01
   2497.00    0.1095162973E+01
   2498.00    0.1095891907E+01
   2499.00    0.1096625794E+01
   2500.00    0.1097364653E+01
   2501.00    0.1098108505E+01
   2502.00    0.1098857372E+01
   2503.00    0.1099611274E+01
   2504.00    0.1100370234E+01
   2505.00    0.1101134272E+01
   2506.00    0.1101903410E+01
   2507.00    0.1102677671E+01
   2508.00    0.1103457076E+01
   2509.00    0.1104241648E+01
   2510.00    0.1105031409E+01
   2511.00    0.1105826382E+01
   2512.00    0.1106626589E+01
   2513.00    0.1107432055E+01
   2514.00    0.1108242802E+01
   2515.00    0.1109058854E+01
   2516.00    0.1109880234E+01
   2517.00    0.1110706967E+01
   2518.00    0.1111539076E+01
   2519.00    0.1112376586E+01
   2520.00    0.1113219522E+01
   2521.00    0.1114067908E+01
   2522.00    0.1114921770E+01
   2523.00    0.1115781132E+01
   2524.00    0.1116646020E+01
   2525.00    0.1117516460E+01
   2526.00    0.1118392477E+01
   2527.00    0.1119274098E+01
   2528.00    0.1120161349E+01
   2529.00    0.1121054257E+01
   2530.00    0.1121952848E+01
   2531.00    0.1122857149E+01
   2532.00    0.1123767189E+01
   2533.00    0.1124682993E+01
   2534.00    0.1125604591E+01
   2535.00    0.1126532010E+01
   2536.00    0.1127465278E+01
   2537.00    0.1128404424E+01
   2538.00    0.1129349477E+01
   2539.00    0.1130300466E+01
   2540.00    0.1131257419E+01
   2541.00    0.1132220367E+01
   2542.00    0.1133189339E+01
   2543.00    0.1134164366E+01
   2544.00    0.1135145477E+01
   2545.00    0.1136132704E+01
   2546.00    0.1137126077E+01
   2547.00    0.1138125627E+01
   2548.00    0.1139131386E+01
   2549.00    0.1140143385E+01
   2550.00    0.1141161657E+01
   2551.00    0.1142186234E+01
   2552.00    0.1143217147E+01
   2553.00    0.1144254432E+01
   2554.00    0.1145298119E+01
   2555.00    0.1146348243E+01
   2556.00    0.1147404837E+01
   2557.00    0.1148467937E+01
   2558.00    0.1149537575E+01
   2559.00    0.1150613786E+01
   2560.00    0.1151696606E+01
   2561.00    0.1152786070E+01
   2562.00    0.1153882214E+01
   2563.00    0.1154985073E+01
   2564.00    0.1156094683E+01
   2565.00    0.1157211082E+01
   2566.00    0.1158334306E+01
   2567.00    0.1159464392E+01
   2568.00    0.1160601379E+01
   2569.00    0.1161745303E+01
   2570.00    0.1162896204E+01
   2571.00    0.1164054119E+01
   2572.00    0.1165219089E+01
   2573.00    0.1166391151E+01
   2574.00    0.1167570347E+01
   2575.00    0.1168756715E+01
   2576.00    0.1169950297E+01
   2577.00    0.1171151133E+01
   2578.00    0.1172359265E+01
   2579.00    0.1173574734E+01
   2580.00    0.1174797581E+01
   2581.00    0.1176027850E+01
   2582.00    0.1177265583E+01
   2583.00    0.1178510823E+01
   2584.00    0.1179763614E+01
   2585.00    0.1181023999E+01
   2586.00    0.1182292023E+01
   2587.00    0.1183567731E+01
   2588.00    0.1184851168E+01
   2589.00    0.1186142380E+01
   2590.00    0.1187441411E+01
   2591.00    0.1188748310E+01
   2592.00    0.1190063123E+01
   2593.00    0.1191385897E+01
   2594.00    0.1192716680E+01
   2595.00    0.1194055521E+01
   2596.00    0.1195402467E+01
   2597.00    0.1196757568E+01
   2598.00    0.1198120874E+01
   2599.00    0.1199492435E+01
   2600.00    0.1200872302E+01
   2601.00    0.1202260524E+01
   2602.00    0.1203657155E+01
   2603.00    0.1205062246E+01
   2604.00    0.1206475850E+01
   2605.00    0.1207898019E+01
   2606.00    0.1209328807E+01
   2607.00    0.1210768269E+01
   2608.00    0.1212216458E+01
   2609.00    0.1213673431E+01
   2610.00    0.1215139242E+01
   2611.00    0.1216613948E+01
   2612.00    0.1218097605E+01
   2613.00    0.1219590272E+01
   2614.00    0.1221092005E+01
   2615.00    0.1222602864E+01
   2616.00    0.1224122907E+01
   2617.00    0.1225652193E+01
   2618.00    0.1227190784E+01
   2619.00    0.1228738739E+01
   2620.00    0.1230296121E+01
   2621.00    0.1231862990E+01
   2622.00    0.1233439411E+01
   2623.00    0.1235025445E+01
   2624.00    0.1236621157E+01
   2625.00    0.1238226611E+01
   2626.00    0.1239841872E+01
   2627.00    0.1241467007E+01
   2628.00    0.1243102081E+01
   2629.00    0.1244747162E+01
   2630.00    0.1246402317E+01
   2631.00    0.1248067615E+01
   2632.00    0.1249743125E+01
   2633.00    0.1251428918E+01
   2634.00    0.1253125063E+01
   2635.00    0.1254831631E+01
   2636.00    0.1256548696E+01
   2637.00    0.1258276329E+01
   2638.00    0.1260014604E+01
   2639.00    0.1261763596E+01
   2640.00    0.1263523379E+01
   2641.00    0.1265294030E+01
   2642.00    0.1267075624E+01
   2643.00    0.1268868240E+01
   2644.00    0.1270671955E+01
   2645.00    0.1272486848E+01
   2646.00    0.1274313000E+01
   2647.00    0.1276150491E+01
   2648.00    0.1277999402E+01
   2649.00    0.1279859816E+01
   2650.00    0.1281731816E+01
   2651.00    0.1283615486E+01
   2652.00    0.1285510911E+01
   2653.00    0.1287418178E+01
   2654.00    0.1289337372E+01
   2655.00    0.1291268582E+01
   2656.00    0.1293211896E+01
   2657.00    0.1295167405E+01
   2658.00    0.1297135198E+01
   2659.00    0.1299115367E+01
   2660.00    0.1301108005E+01
   2661.00    0.1303113205E+01
   2662.00    0.1305131062E+01
   2663.00    0.1307161672E+01
   2664.00    0.1309205131E+01
   2665.00    0.1311261537E+01
   2666.00    0.1313330988E+01
   2667.00    0.1315413585E+01
   2668.00    0.1317509428E+01
   2669.00    0.1319618619E+01
   2670.00    0.1321741263E+01
   2671.00    0.1323877462E+01
   2672.00    0.1326027323E+01
   2673.00    0.1328190952E+01
   2674.00    0.1330368458E+01
   2675.00    0.1332559948E+01
   2676.00    0.1334765534E+01
   2677.00    0.1336985327E+01
   2678.00    0.1339219440E+01
   2679.00    0.1341467986E+01
   2680.00    0.1343731082E+01
   2681.00    0.1346008844E+01
   2682.00    0.1348301390E+01
   2683.00    0.1350608839E+01
   2684.00    0.1352931312E+01
   2685.00    0.1355268931E+01
   2686.00    0.1357621820E+01
   2687.00    0.1359990103E+01
   2688.00    0.1362373908E+01
   2689.00    0.1364773361E+01
   2690.00    0.1367188593E+01
   2691.00    0.1369619733E+01
   2692.00    0.1372066916E+01
   2693.00    0.1374530273E+01
   2694.00    0.1377009942E+01
   2695.00    0.1379506059E+01
   2696.00    0.1382018763E+01
   2697.00    0.1384548194E+01
   2698.00    0.1387094494E+01
   2699.00    0.1389657807E+01
   2700.00    0.1392238280E+01
   2701.00    0.1394836058E+01
   2702.00    0.1397451290E+01
   2703.00    0.1400084129E+01
   2704.00    0.1402734726E+01
   2705.00    0.1405403236E+01
   2706.00    0.1408089815E+01
   2707.00    0.1410794621E+01
   2708.00    0.1413517815E+01
   2709.00    0.1416259560E+01
   2710.00    0.1419020018E+01
   2711.00    0.1421799357E+01
   2712.00    0.1424597744E+01
   2713.00    0.1427415350E+01
   2714.00    0.1430252348E+01
   2715.00    0.1433108912E+01
   2716.00    0.1435985219E+01
   2717.00    0.1438881448E+01
   2718.00    0.1441797781E+01
   2719.00    0.1444734400E+01
   2720.00    0.1447691493E+01
   2721.00    0.1450669247E+01
   2722.00    0.1453667854E+01
   2723.00    0.1456687505E+01
   2724.00    0.1459728398E+01
   2725.00    0.1462790730E+01
   2726.00    0.1465874702E+01
   2727.00    0.1468980517E+01
   2728.00    0.1472108381E+01
   2729.00    0.1475258504E+01
   2730.00    0.1478431096E+01
   2731.00    0.1481626372E+01
   2732.00    0.1484844548E+01
   2733.00    0.1488085845E+01
   2734.00    0.1491350486E+01
   2735.00    0.1494638696E+01
   2736.00    0.1497950704E+01
   2737.00    0.1501286742E+01
   2738.00    0.1504647045E+01
   2739.00    0.1508031851E+01
   2740.00    0.1511441401E+01
   2741.00    0.1514875941E+01
   2742.00    0.1518335718E+01
   2743.00    0.1521820984E+01
   2744.00    0.1525331993E+01
   2745.00    0.1528869003E+01
   2746.00    0.1532432278E+01
   2747.00    0.1536022081E+01
   2748.00    0.1539638683E+01
   2749.00    0.1543282357E+01
   2750.00    0.1546953378E+01
   2751.00    0.1550652029E+01
   2752.00    0.1554378593E+01
   2753.00    0.1558133359E+01
   2754.00    0.1561916620E+01
   2755.00    0.1565728673E+01
   2756.00    0.1569569819E+01
   2757.00    0.1573440363E+01
   2758.00    0.1577340616E+01
   2759.00    0.1581270892E+01
   2760.00    0.1585231509E+01
   2761.00    0.1589222792E+01
   2762.00    0.1593245068E+01
   2763.00    0.1597298671E+01
   2764.00    0.1601383938E+01
   2765.00    0.1605501213E+01
   2766.00    0.1609650843E+01
   2767.00    0.1613833183E+01
   2768.00    0.1618048589E+01
   2769.00    0.1622297427E+01
   2770.00    0.1626580065E+01
   2771.00    0.1630896878E+01
   2772.00    0.1635248248E+01
   2773.00    0.1639634559E+01
   2774.00    0.1644056205E+01
   2775.00    0.1648513584E+01
   2776.00    0.1653007100E+01
   2777.00    0.1657537163E+01
   2778.00    0.1662104191E+01
   2779.00    0.1666708607E+01
   2780.00    0.1671350842E+01
   2781.00    0.1676031331E+01
   2782.00    0.1680750518E+01
   2783.00    0.1685508855E+01
   2784.00    0.1690306799E+01
   2785.00    0.1695144815E+01
   2786.00    0.1700023376E+01
   2787.00    0.1704942961E+01
   2788.00    0.1709904059E+01
   2789.00    0.1714907165E+01
   2790.00    0.1719952783E+01
   2791.00    0.1725041424E+01
   2792.00    0.1730173610E+01
   2793.00    0.1735349869E+01
   2794.00    0.1740570739E+01
   2795.00    0.1745836766E+01
   2796.00    0.1751148506E+01
   2797.00    0.1756506524E+01
   2798.00    0.1761911394E+01
   2799.00    0.1767363699E+01
   2800.00    0.1772864035E+01
   2801.00    0.1778413005E+01
   2802.00    0.1784011223E+01
   2803.00    0.1789659314E+01
   2804.00    0.1795357913E+01
   2805.00    0.1801107668E+01
   2806.00    0.1806909236E+01
   2807.00    0.1812763285E+01
   2808.00    0.1818670498E+01
   2809.00    0.1824631566E+01
   2810.00    0.1830647196E+01
   2811.00    0.1836718104E+01
   2812.00    0.1842845021E+01
   2813.00    0.1849028690E+01
   2814.00    0.1855269869E+01
   2815.00    0.1861569327E+01
   2816.00    0.1867927849E+01
   2817.00    0.1874346234E+01
   2818.00    0.1880825296E+01
   2819.00    0.1887365861E+01
   2820.00    0.1893968775E+01
   2821.00    0.1900634895E+01
   2822.00    0.1907365098E+01
   2823.00    0.1914160275E+01
   2824.00    0.1921021334E+01
   2825.00    0.1927949201E+01
   2826.00    0.1934944819E+01
   2827.00    0.1942009149E+01
   2828.00    0.1949143170E+01
   2829.00    0.1956347881E+01
   2830.00    0.1963624299E+01
   2831.00    0.1970973463E+01
   2832.00    0.1978396428E+01
   2833.00    0.1985894275E+01
   2834.00    0.1993468103E+01
   2835.00    0.2001119033E+01
   2836.00    0.2008848209E+01
   2837.00    0.2016656798E+01
   2838.00    0.2024545991E+01
   2839.00    0.2032517001E+01
   2840.00    0.2040571068E+01
   2841.00    0.2048709455E+01
   2842.00    0.2056933454E+01
   2843.00    0.2065244382E+01
   2844.00    0.2073643581E+01
   2845.00    0.2082132426E+01
   2846.00    0.2090712316E+01
   2847.00    0.2099384682E+01
   2848.00    0.2108150986E+01
   2849.00    0.2117012719E+01
   2850.00    0.2125971405E+01
   2851.00    0.2135028600E+01
   2852.00    0.2144185896E+01
   2853.00    0.2153444917E+01
   2854.00    0.2162807323E+01
   2855.00    0.2172274812E+01
   2856.00    0.2181849118E+01
   2857.00    0.2191532014E+01
   2858.00    0.2201325314E+01
   2859.00    0.2211230870E+01
   2860.00    0.2221250579E+01
   2861.00    0.2231386378E+01
   2862.00    0.2241640251E+01
   2863.00    0.2252014225E+01
   2864.00    0.2262510377E+01
   2865.00    0.2273130831E+01
   2866.00    0.2283877759E+01
   2867.00    0.2294753386E+01
   2868.00    0.2305759989E+01
   2869.00    0.2316899900E+01
   2870.00    0.2328175506E+01
   2871.00    0.2339589253E+01
   2872.00    0.2351143643E+01
   2873.00    0.2362841243E+01
   2874.00    0.2374684680E+01
   2875.00    0.2386676647E+01
   2876.00    0.2398819906E+01
   2877.00    0.2411117283E+01
   2878.00    0.2423571681E+01
   2879.00    0.2436186072E+01
   2880.00    0.2448963506E+01
   2881.00    0.2461907110E+01
   2882.00    0.2475020092E+01
   2883.00    0.2488305745E+01
   2884.00    0.2501767445E+01
   2885.00    0.2515408659E+01
   2886.00    0.2529232946E+01
   2887.00    0.2543243958E+01
   2888.00    0.2557445447E+01
   2889.00    0.2571841265E+01
   2890.00    0.2586435370E+01
   2891.00    0.2601231827E+01
   2892.00    0.2616234814E+01
   2893.00    0.2631448625E+01
   2894.00    0.2646877674E+01
   2895.00    0.2662526498E+01
   2896.00    0.2678399765E+01
   2897.00    0.2694502273E+01
   2898.00    0.2710838963E+01
   2899.00    0.2727414914E+01
   2900.00    0.2744235355E+01
   2901.00    0.2761305670E+01
   2902.00    0.2778631401E+01
   2903.00    0.2796218255E+01
   2904.00    0.2814072112E+01
   2905.00    0.2832199028E+01
   2906.00    0.2850605245E+01
   2907.00    0.2869297197E+01
   2908.00    0.2888281517E+01
   2909.00    0.2907565043E+01
   2910.00    0.2927154832E+01
   2911.00    0.2947058162E+01
   2912.00    0.2967282544E+01
   2913.00    0.2987835730E+01
   2914.00    0.3008725727E+01
   2915.00    0.3029960801E+01
   2916.00    0.3051549491E+01
   2917.00    0.3073500621E+01
   2918.00    0.3095823311E+01
   2919.00    0.3118526990E+01
   2920.00    0.3141621408E+01
   2921.00    0.3165116650E+01
   2922.00    0.3189023152E+01
   2923.00    0.3213351715E+01
   2924.00    0.3238113522E+01
   2925.00    0.3263320154E+01
   2926.00    0.3288983608E+01
   2927.00    0.3315116316E+01
   2928.00    0.3341731166E+01
   2929.00    0.3368841522E+01
   2930.00    0.3396461245E+01
   2931.00    0.3424604718E+01
   2932.00    0.3453286872E+01
   2933.00    0.3482523209E+01
   2934.00    0.3512329830E+01
   2935.00    0.3542723468E+01
   2936.00    0.3573721514E+01
   2937.00    0.3605342054E+01
   2938.00    0.3637603902E+01
   2939.00    0.3670526636E+01
   2940.00    0.3704130640E+01
   2941.00    0.3738437142E+01
   2942.00    0.3773468262E+01
   2943.00    0.3809247057E+01
   2944.00    0.3845797570E+01
   2945.00    0.3883144887E+01
   2946.00    0.3921315191E+01
   2947.00    0.3960335823E+01
   2948.00    0.4000235347E+01
   2949.00    0.4041043619E+01
   2950.00    0.4082791861E+01
   2951.00    0.4125512741E+01
   2952.00    0.4169240454E+01
   2953.00    0.4214010815E+01
   2954.00    0.4259861357E+01
   2955.00    0.4306831430E+01
   2956.00    0.4354962320E+01
   2957.00    0.4404297361E+01
   2958.00    0.4454882068E+01
   2959.00    0.4506764277E+01
   2960.00    0.4559994292E+01
   2961.00    0.4614625043E+01
   2962.00    0.4670712268E+01
   2963.00    0.4728314692E+01
   2964.00    0.4787494237E+01
   2965.00    0.4848316235E+01
   2966.00    0.4910849674E+01
   2967.00    0.4975167448E+01
   2968.00    0.5041346644E+01
   2969.00    0.5109468843E+01
   2970.00    0.5179620453E+01
   2971.00    0.5251893072E+01
   2972.00    0.5326383881E+01
   2973.00    0.5403196075E+01
   2974.00    0.5482439335E+01
   2975.00    0.5564230347E+01
   2976.00    0.5648693366E+01
   2977.00    0.5735960837E+01
   2978.00    0.5826174086E+01
   2979.00    0.5919484068E+01
   2980.00    0.6016052205E+01
   2981.00    0.6116051305E+01
   2982.00    0.6219666578E+01
   2983.00    0.6327096774E+01
   2984.00    0.6438555434E+01
   2985.00    0.6554272288E+01
   2986.00    0.6674494820E+01
   2987.00    0.6799490007E+01
   2988.00    0.6929546276E+01
   2989.00    0.7064975689E+01
   2990.00    0.7206116419E+01
   2991.00    0.7353335516E+01
   2992.00    0.7507032062E+01
   2993.00    0.7667640720E+01
   2994.00    0.7835635784E+01
   2995.00    0.8011535779E+01
   2996.00    0.8195908729E+01
   2997.00    0.8389378179E+01
   2998.00    0.8592630125E+01
   2999.00    0.8806421000E+01
   3000.00    0.9031586916E+01
   3001.00    0.9269054391E+01
   3002.00    0.9519852850E+01
   3003.00    0.9785129248E+01
   3004.00    0.1006616526E+02
   3005.00    0.1036439752E+02
   3006.00    0.1068144169E+02
   3007.00    0.1101912101E+02
   3008.00    0.1137950057E+02
   3009.00    0.1176492848E+02
   3010.00    0.1217808574E+02
   3011.00    0.1262204689E+02
   3012.00    0.1310035439E+02
   3013.00    0.1361711030E+02
   3014.00    0.1417709021E+02
   3015.00    0.1478588589E+02
   3016.00    0.1545008528E+02
   3017.00    0.1617750173E+02
   3018.00    0.1697746860E+02
   3019.00    0.1786122166E+02
   3020.00    0.1884240074E+02
   3021.00    0.1993771546E+02
   3022.00    0.2116783922E+02
   3023.00    0.2255862545E+02
   3024.00    0.2414278418E+02
   3025.00    0.2596222570E+02
   3026.00    0.2807138160E+02
   3027.00    0.3054197194E+02
   3028.00    0.3346991750E+02
   3029.00    0.3698540067E+02
   3030.00    0.4126735010E+02
   3031.00    0.4656333441E+02
   3032.00    0.5321288827E+02
   3033.00    0.6165900053E+02
   3034.00    0.7238333733E+02
   3035.00    0.8554860433E+02
   3036.00    0.9984767493E+02
   3037.00    0.1105933146E+03
   3038.00    0.1112255701E+03
   3039.00    0.1013929038E+03
   3040.00    0.8745700114E+02
   3041.00    0.7434684125E+02
   3042.00    0.6351824654E+02
   3043.00    0.5477602271E+02
   3044.00    0.4747621443E+02
   3045.00    0.4107653942E+02
   3046.00    0.3560549704E+02
   3047.00    0.3140887774E+02
   3048.00    0.2835169665E+02
   3049.00    0.2601793088E+02
   3050.00    0.2411511734E+02
   3051.00    0.2249505633E+02
   3052.00    0.2108270469E+02
   3053.00    0.1983481118E+02
   3054.00    0.1872264934E+02
   3055.00    0.1772509112E+02
   3056.00    0.1682562580E+02
   3057.00    0.1601090465E+02
   3058.00    0.1526992083E+02
   3059.00    0.1459348492E+02
   3060.00    0.1397385715E+02
   3061.00    0.1340447383E+02
   3062.00    0.1287973651E+02
   3063.00    0.1239484576E+02
   3064.00    0.1194566838E+02
   3065.00    0.1152863020E+02
   3066.00    0.1114062903E+02
   3067.00    0.1077896350E+02
   3068.00    0.1044127467E+02
   3069.00    0.1012549799E+02
   3070.00    0.9829823694E+01
   3071.00    0.9552664116E+01
   3072.00    0.9292626853E+01
   3073.00    0.9048492819E+01
   3074.00    0.8819198553E+01
   3075.00    0.8603822284E+01
   3076.00    0.8401573446E+01
   3077.00    0.8211785469E+01
   3078.00    0.8033911851E+01
   3079.00    0.7867525687E+01
   3080.00    0.7712323024E+01
   3081.00    0.7568130666E+01
   3082.00    0.7434919343E+01
   3083.00    0.7312823511E+01
   3084.00    0.7202169427E+01
   3085.00    0.7103513474E+01
   3086.00    0.7017692571E+01
   3087.00    0.6945887078E+01
   3088.00    0.6889691378E+01
   3089.00    0.6851171748E+01
   3090.00    0.6832847745E+01
   3091.00    0.6837414384E+01
   3092.00    0.6866696844E+01
   3093.00    0.6918445751E+01
   3094.00    0.6977312479E+01
   3095.00    0.6991774616E+01
   3096.00    0.6828720379E+01
   3097.00    0.6252402384E+01
   3098.00    0.5127338487E+01
   3099.00    0.3758459529E+01
   3100.00    0.2628102580E+01
   3101.00    0.1948746617E+01
   3102.00    0.1731288439E+01
   3103.00    0.1951446051E+01
   3104.00    0.2573214010E+01
   3105.00    0.3454457088E+01
   3106.00    0.4256408731E+01
   3107.00    0.4690963262E+01
   3108.00    0.4795187672E+01
   3109.00    0.4737589449E+01
   3110.00    0.4627496170E+01
   3111.00    0.4510365793E+01
   3112.00    0.4401123229E+01
   3113.00    0.4303176443E+01
   3114.00    0.4216115672E+01
   3115.00    0.4138504432E+01
   3116.00    0.4068823013E+01
   3117.00    0.4005748239E+01
   3118.00    0.3948203645E+01
   3119.00    0.3895336846E+01
   3120.00    0.3846479639E+01
   3121.00    0.3801109355E+01
   3122.00    0.3758816579E+01
   3123.00    0.3719279724E+01
   3124.00    0.3682245505E+01
   3125.00    0.3647514121E+01
   3126.00    0.3614928045E+01
   3127.00    0.3584363551E+01
   3128.00    0.3555724309E+01
   3129.00    0.3528936533E+01
   3130.00    0.3503945315E+01
   3131.00    0.3480711857E+01
   3132.00    0.3459211402E+01
   3133.00    0.3439431714E+01
   3134.00    0.3421371993E+01
   3135.00    0.3405042136E+01
   3136.00    0.3390462309E+01
   3137.00    0.3377662757E+01
   3138.00    0.3366683854E+01
   3139.00    0.3357576354E+01
   3140.00    0.3350401857E+01
   3141.00    0.3345233465E+01
   3142.00    0.3342156668E+01
   3143.00    0.3341270455E+01
   3144.00    0.3342688682E+01
   3145.00    0.3346541739E+01
   3146.00    0.3352978553E+01
   3147.00    0.3362168996E+01
   3148.00    0.3374306769E+01
   3149.00    0.3389612863E+01
   3150.00    0.3408339722E+01
   3151.00    0.3430776269E+01
   3152.00    0.3457254002E+01
   3153.00    0.3488154415E+01
   3154.00    0.3523918101E+01
   3155.00    0.3565055975E+01
   3156.00    0.3612163194E+01
   3157.00    0.3665936512E+01
   3158.00    0.3727196002E+01
   3159.00    0.3796912246E+01
   3160.00    0.3876240057E+01
   3161.00    0.3966559219E+01
   3162.00    0.4069520182E+01
   3163.00    0.4187084676E+01
   3164.00    0.4321527508E+01
   3165.00    0.4475297814E+01
   3166.00    0.4650452588E+01
   3167.00    0.4846949781E+01
   3168.00    0.5058734965E+01
   3169.00    0.5270254055E+01
   3170.00    0.5472992763E+01
   3171.00    0.5707854104E+01
   3172.00    0.6040071639E+01
   3173.00    0.6495286923E+01
   3174.00    0.7079552148E+01
   3175.00    0.7811345186E+01
   3176.00    0.8728661080E+01
   3177.00    0.9889392875E+01
   3178.00    0.1136895085E+02
   3179.00    0.1324025746E+02
   3180.00    0.1548836508E+02
   3181.00    0.1777096664E+02
   3182.00    0.1914069025E+02
   3183.00    0.1862930011E+02
   3184.00    0.1658331824E+02
   3185.00    0.1414701965E+02
   3186.00    0.1199389254E+02
   3187.00    0.1027272537E+02
   3188.00    0.8933563897E+01
   3189.00    0.7891478883E+01
   3190.00    0.7073038754E+01
   3191.00    0.6423010078E+01
   3192.00    0.5901408923E+01
   3193.00    0.5479444186E+01
   3194.00    0.5136241979E+01
   3195.00    0.4856503096E+01
   3196.00    0.4628888334E+01
   3197.00    0.4444914191E+01
   3198.00    0.4298195141E+01
   3199.00    0.4183920169E+01
   3200.00    0.4098489102E+01
   3201.00    0.4039259820E+01
   3202.00    0.4004374436E+01
   3203.00    0.3992643715E+01
   3204.00    0.4003476726E+01
   3205.00    0.4036848142E+01
   3206.00    0.4093299843E+01
   3207.00    0.4173977193E+01
   3208.00    0.4280704127E+01
   3209.00    0.4416105640E+01
   3210.00    0.4583792140E+01
   3211.00    0.4788628443E+01
   3212.00    0.5037122294E+01
   3213.00    0.5337985244E+01
   3214.00    0.5702944318E+01
   3215.00    0.6147916383E+01
   3216.00    0.6694687845E+01
   3217.00    0.7373218326E+01
   3218.00    0.8224406771E+01
   3219.00    0.9301901176E+01
   3220.00    0.1066688384E+02
   3221.00    0.1235480741E+02
   3222.00    0.1425823310E+02
   3223.00    0.1587423068E+02
   3224.00    0.1625833741E+02
   3225.00    0.1497839661E+02
   3226.00    0.1280133618E+02
   3227.00    0.1062675314E+02
   3228.00    0.8807238623E+01
   3229.00    0.7362841182E+01
   3230.00    0.6220832026E+01
   3231.00    0.5304332843E+01
   3232.00    0.4551489702E+01
   3233.00    0.3914754086E+01
   3234.00    0.3358398571E+01
   3235.00    0.2863914037E+01
   3236.00    0.2435500408E+01
   3237.00    0.2080047496E+01
   3238.00    0.1798011621E+01
   3239.00    0.1604529623E+01
   3240.00    0.1540668107E+01
   3241.00    0.1659213661E+01
   3242.00    0.1993929697E+01
   3243.00    0.2557843899E+01
   3244.00    0.3371725110E+01
   3245.00    0.4473535199E+01
   3246.00    0.5876135166E+01
   3247.00    0.7423999922E+01
   3248.00    0.8599868353E+01
   3249.00    0.8810961341E+01
   3250.00    0.8168125168E+01
   3251.00    0.7268492345E+01
   3252.00    0.6459263979E+01
   3253.00    0.5801874576E+01
   3254.00    0.5273047084E+01
   3255.00    0.4842847510E+01
   3256.00    0.4487649505E+01
   3257.00    0.4190030122E+01
   3258.00    0.3937222576E+01
   3259.00    0.3719800968E+01
   3260.00    0.3530722976E+01
   3261.00    0.3364656299E+01
   3262.00    0.3217507767E+01
   3263.00    0.3086092971E+01
   3264.00    0.2967902548E+01
   3265.00    0.2860935063E+01
   3266.00    0.2763576099E+01
   3267.00    0.2674509703E+01
   3268.00    0.2592652740E+01
   3269.00    0.2517105653E+01
   3270.00    0.2447115111E+01
   3271.00    0.2382045357E+01
   3272.00    0.2321356021E+01
   3273.00    0.2264584756E+01
   3274.00    0.2211333532E+01
   3275.00    0.2161257727E+01
   3276.00    0.2114057364E+01
   3277.00    0.2069470030E+01
   3278.00    0.2027265099E+01
   3279.00    0.1987239005E+01
   3280.00    0.1949211330E+01
   3281.00    0.1913021558E+01
   3282.00    0.1878526372E+01
   3283.00    0.1845597369E+01
   3284.00    0.1814119148E+01
   3285.00    0.1783987677E+01
   3286.00    0.1755108906E+01
   3287.00    0.1727397579E+01
   3288.00    0.1700776218E+01
   3289.00    0.1675174238E+01
   3290.00    0.1650527188E+01
   3291.00    0.1626776088E+01
   3292.00    0.1603866854E+01
   3293.00    0.1581749790E+01
   3294.00    0.1560379146E+01
   3295.00    0.1539712729E+01
   3296.00    0.1519711559E+01
   3297.00    0.1500339565E+01
   3298.00    0.1481563313E+01
   3299.00    0.1463351767E+01
   3300.00    0.1445676074E+01
   3301.00    0.1428509375E+01
   3302.00    0.1411826631E+01
   3303.00    0.1395604469E+01
   3304.00    0.1379821047E+01
   3305.00    0.1364455925E+01
   3306.00    0.1349489956E+01
   3307.00    0.1334905181E+01
   3308.00    0.1320684739E+01
   3309.00    0.1306812785E+01
   3310.00    0.1293274409E+01
   3311.00    0.1280055569E+01
   3312.00    0.1267143032E+01
   3313.00    0.1254524308E+01
   3314.00    0.1242187604E+01
   3315.00    0.1230121773E+01
   3316.00    0.1218316272E+01
   3317.00    0.1206761117E+01
   3318.00    0.1195446848E+01
   3319.00    0.1184364496E+01
   3320.00    0.1173505550E+01
   3321.00    0.1162861926E+01
   3322.00    0.1152425943E+01
   3323.00    0.1142190295E+01
   3324.00    0.1132148032E+01
   3325.00    0.1122292534E+01
   3326.00    0.1112617492E+01
   3327.00    0.1103116893E+01
   3328.00    0.1093785000E+01
   3329.00    0.1084616334E+01
   3330.00    0.1075605664E+01
   3331.00    0.1066747990E+01
   3332.00    0.1058038530E+01
   3333.00    0.1049472711E+01
   3334.00    0.1041046152E+01
   3335.00    0.1032754660E+01
   3336.00    0.1024594215E+01
   3337.00    0.1016560964E+01
   3338.00    0.1008651211E+01
   3339.00    0.1000861408E+01
   3340.00    0.9931881494E+00
   3341.00    0.9856281642E+00
   3342.00    0.9781783083E+00
   3343.00    0.9708355591E+00
   3344.00    0.9635970093E+00
   3345.00    0.9564598614E+00
   3346.00    0.9494214223E+00
   3347.00    0.9424790985E+00
   3348.00    0.9356303913E+00
   3349.00    0.9288728922E+00
   3350.00    0.9222042792E+00
   3351.00    0.9156223125E+00
   3352.00    0.9091248308E+00
   3353.00    0.9027097478E+00
   3354.00    0.8963750491E+00
   3355.00    0.8901187886E+00
   3356.00    0.8839390858E+00
   3357.00    0.8778341231E+00
   3358.00    0.8718021425E+00
   3359.00    0.8658414440E+00
   3360.00    0.8599503821E+00
   3361.00    0.8541273645E+00
   3362.00    0.8483708492E+00
   3363.00    0.8426793427E+00
   3364.00    0.8370513981E+00
   3365.00    0.8314856131E+00
   3366.00    0.8259806281E+00
   3367.00    0.8205351250E+00
   3368.00    0.8151478248E+00
   3369.00    0.8098174868E+00
   3370.00    0.8045429066E+00
   3371.00    0.7993229149E+00
   3372.00    0.7941563764E+00
   3373.00    0.7890421880E+00
   3374.00    0.7839792780E+00
   3375.00    0.7789666048E+00
   3376.00    0.7740031558E+00
   3377.00    0.7690879462E+00
   3378.00    0.7642200183E+00
   3379.00    0.7593984401E+00
   3380.00    0.7546223048E+00
   3381.00    0.7498907297E+00
   3382.00    0.7452028552E+00
   3383.00    0.7405578442E+00
   3384.00    0.7359548813E+00
   3385.00    0.7313931721E+00
   3386.00    0.7268719421E+00
   3387.00    0.7223904366E+00
   3388.00    0.7179479196E+00
   3389.00    0.7135436733E+00
   3390.00    0.7091769976E+00
   3391.00    0.7048472091E+00
   3392.00    0.7005536412E+00
   3393.00    0.6962956431E+00
   3394.00    0.6920725793E+00
   3395.00    0.6878838293E+00
   3396.00    0.6837287869E+00
   3397.00    0.6796068599E+00
   3398.00    0.6755174696E+00
   3399.00    0.6714600505E+00
   3400.00    0.6674340495E+00
   3401.00    0.6634389261E+00
   3402.00    0.6594741514E+00
   3403.00    0.6555392082E+00
   3404.00    0.6516335903E+00
   3405.00    0.6477568026E+00
   3406.00    0.6439083603E+00
   3407.00    0.6400877888E+00
   3408.00    0.6362946233E+00
   3409.00    0.6325284089E+00
   3410.00    0.6287886996E+00
   3411.00    0.6250750587E+00
   3412.00    0.6213870582E+00
   3413.00    0.6177242784E+00
   3414.00    0.6140863081E+00
   3415.00    0.6104727441E+00
   3416.00    0.6068831908E+00
   3417.00    0.6033172603E+00
   3418.00    0.5997745720E+00
   3419.00    0.5962547525E+00
   3420.00    0.5927574351E+00
   3421.00    0.5892822602E+00
   3422.00    0.5858288744E+00
   3423.00    0.5823969308E+00
   3424.00    0.5789860888E+00
   3425.00    0.5755960135E+00
   3426.00    0.5722263762E+00
   3427.00    0.5688768536E+00
   3428.00    0.5655471282E+00
   3429.00    0.5622368874E+00
   3430.00    0.5589458244E+00
   3431.00    0.5556736371E+00
   3432.00    0.5524200284E+00
   3433.00    0.5491847062E+00
   3434.00    0.5459673827E+00
   3435.00    0.5427677750E+00
   3436.00    0.5395856045E+00
   3437.00    0.5364205968E+00
   3438.00    0.5332724819E+00
   3439.00    0.5301409936E+00
   3440.00    0.5270258700E+00
   3441.00    0.5239268528E+00
   3442.00    0.5208436874E+00
   3443.00    0.5177761231E+00
   3444.00    0.5147239125E+00
   3445.00    0.5116868119E+00
   3446.00    0.5086645808E+00
   3447.00    0.5056569819E+00
   3448.00    0.5026637813E+00
   3449.00    0.4996847480E+00
   3450.00    0.4967196540E+00
   3451.00    0.4937682744E+00
   3452.00    0.4908303870E+00
   3453.00    0.4879057724E+00
   3454.00    0.4849942139E+00
   3455.00    0.4820954974E+00
   3456.00    0.4792094114E+00
   3457.00    0.4763357467E+00
   3458.00    0.4734742967E+00
   3459.00    0.4706248569E+00
   3460.00    0.4677872254E+00
   3461.00    0.4649612021E+00
   3462.00    0.4621465894E+00
   3463.00    0.4593431915E+00
   3464.00    0.4565508147E+00
   3465.00    0.4537692672E+00
   3466.00    0.4509983593E+00
   3467.00    0.4482379028E+00
   3468.00    0.4454877115E+00
   3469.00    0.4427476010E+00
   3470.00    0.4400173881E+00
   3471.00    0.4372968918E+00
   3472.00    0.4345859323E+00
   3473.00    0.4318843314E+00
   3474.00    0.4291919123E+00
   3475.00    0.4265084997E+00
   3476.00    0.4238339194E+00
   3477.00    0.4211679990E+00
   3478.00    0.4185105668E+00
   3479.00    0.4158614526E+00
   3480.00    0.4132204874E+00
   3481.00    0.4105875031E+00
   3482.00    0.4079623329E+00
   3483.00    0.4053448109E+00
   3484.00    0.4027347721E+00
   3485.00    0.4001320527E+00
   3486.00    0.3975364894E+00
   3487.00    0.3949479202E+00
   3488.00    0.3923661835E+00
   3489.00    0.3897911187E+00
   3490.00    0.3872225659E+00
   3491.00    0.3846603657E+00
   3492.00    0.3821043596E+00
   3493.00    0.3795543895E+00
   3494.00    0.3770102979E+00
   3495.00    0.3744719279E+00
   3496.00    0.3719391229E+00
   3497.00    0.3694117270E+00
   3498.00    0.3668895845E+00
   3499.00    0.3643725400E+00
   3500.00    0.3618604385E+00
   3501.00    0.3593531254E+00
   3502.00    0.3568504462E+00
   3503.00    0.3543522465E+00
   3504.00    0.3518583723E+00
   3505.00    0.3493686695E+00
   3506.00    0.3468829842E+00
   3507.00    0.3444011625E+00
   3508.00    0.3419230505E+00
   3509.00    0.3394484943E+00
   3510.00    0.3369773398E+00
   3511.00    0.3345094328E+00
   3512.00    0.3320446191E+00
   3513.00    0.3295827442E+00
   3514.00    0.3271236534E+00
   3515.00    0.3246671915E+00
   3516.00    0.3222132032E+00
   3517.00    0.3197615328E+00
   3518.00    0.3173120242E+00
   3519.00    0.3148645208E+00
   3520.00    0.3124188654E+00
   3521.00    0.3099749006E+00
   3522.00    0.3075324681E+00
   3523.00    0.3050914091E+00
   3524.00    0.3026515642E+00
   3525.00    0.3002127731E+00
   3526.00    0.2977748749E+00
   3527.00    0.2953377080E+00
   3528.00    0.2929011096E+00
   3529.00    0.2904649164E+00
   3530.00    0.2880289639E+00
   3531.00    0.2855930868E+00
   3532.00    0.2831571185E+00
   3533.00    0.2807208916E+00
   3534.00    0.2782842375E+00
   3535.00    0.2758469861E+00
   3536.00    0.2734089666E+00
   3537.00    0.2709700065E+00
   3538.00    0.2685299321E+00
   3539.00    0.2660885683E+00
   3540.00    0.2636457385E+00
   3541.00    0.2612012647E+00
   3542.00    0.2587549672E+00
   3543.00    0.2563066647E+00
   3544.00    0.2538561743E+00
   3545.00    0.2514033112E+00
   3546.00    0.2489478891E+00
   3547.00    0.2464897196E+00
   3548.00    0.2440286123E+00
   3549.00    0.2415643750E+00
   3550.00    0.2390968132E+00
   3551.00    0.2366257307E+00
   3552.00    0.2341509286E+00
   3553.00    0.2316722060E+00
   3554.00    0.2291893597E+00
   3555.00    0.2267021840E+00
   3556.00    0.2242104707E+00
   3557.00    0.2217140090E+00
   3558.00    0.2192125857E+00
   3559.00    0.2167059847E+00
   3560.00    0.2141939870E+00
   3561.00    0.2116763709E+00
   3562.00    0.2091529118E+00
   3563.00    0.2066233820E+00
   3564.00    0.2040875504E+00
   3565.00    0.2015451832E+00
   3566.00    0.1989960429E+00
   3567.00    0.1964398887E+00
   3568.00    0.1938764765E+00
   3569.00    0.1913055585E+00
   3570.00    0.1887268832E+00
   3571.00    0.1861401953E+00
   3572.00    0.1835452360E+00
   3573.00    0.1809417422E+00
   3574.00    0.1783294469E+00
   3575.00    0.1757080791E+00
   3576.00    0.1730773633E+00
   3577.00    0.1704370200E+00
   3578.00    0.1677867653E+00
   3579.00    0.1651263106E+00
   3580.00    0.1624553629E+00
   3581.00    0.1597736246E+00
   3582.00    0.1570807934E+00
   3583.00    0.1543765622E+00
   3584.00    0.1516606191E+00
   3585.00    0.1489326473E+00
   3586.00    0.1461923253E+00
   3587.00    0.1434393264E+00
   3588.00    0.1406733193E+00
   3589.00    0.1378939676E+00
   3590.00    0.1351009303E+00
   3591.00    0.1322938615E+00
   3592.00    0.1294724108E+00
   3593.00    0.1266362234E+00
   3594.00    0.1237849404E+00
   3595.00    0.1209181989E+00
   3596.00    0.1180356326E+00
   3597.00    0.1151368724E+00
   3598.00    0.1122215467E+00
   3599.00    0.1092892826E+00
   3600.00    0.1063397065E+00
   3601.00    0.1033724458E+00
   3602.00    0.1003871300E+00
   3603.00    0.9738339299E-01
   3604.00    0.9436087524E-01
   3605.00    0.9131922691E-01
   3606.00    0.8825811162E-01
   3607.00    0.8517721125E-01
   3608.00    0.8207623201E-01
   3609.00    0.7895491212E-01
   3610.00    0.7581303186E-01
   3611.00    0.7265042638E-01
   3612.00    0.6946700261E-01
   3613.00    0.6626276152E-01
   3614.00    0.6303782789E-01
   3615.00    0.5979249059E-01
   3616.00    0.5652725788E-01
   3617.00    0.5324293449E-01
   3618.00    0.4994073097E-01
   3619.00    0.4662242196E-01
   3620.00    0.4329058005E-01
   3621.00    0.3994893021E-01
   3622.00    0.3660290127E-01
   3623.00    0.3326051023E-01
   3624.00    0.2993382784E-01
   3625.00    0.2664149389E-01
   3626.00    0.2341318959E-01
   3627.00    0.2029783100E-01
   3628.00    0.1737872566E-01
   3629.00    0.1480017945E-01
   3630.00    0.1280346364E-01
   3631.00    0.1172863842E-01
   3632.00    0.1186905691E-01
   3633.00    0.1322291341E-01
   3634.00    0.1550792733E-01
   3635.00    0.1840912916E-01
   3636.00    0.2170639038E-01
   3637.00    0.2526825353E-01
   3638.00    0.2901859629E-01
   3639.00    0.3291262294E-01
   3640.00    0.3692320564E-01
   3641.00    0.4103346167E-01
   3642.00    0.4523267414E-01
   3643.00    0.4951398232E-01
   3644.00    0.5387302798E-01
   3645.00    0.5830713450E-01
   3646.00    0.6281479309E-01
   3647.00    0.6739533188E-01
   3648.00    0.7204869743E-01
   3649.00    0.7677530719E-01
   3650.00    0.8157594810E-01
   3651.00    0.8645170575E-01
   3652.00    0.9140391439E-01
   3653.00    0.9643412134E-01
   3654.00    0.1015440617E+00
   3655.00    0.1067356403E+00
   3656.00    0.1120109192E+00
   3657.00    0.1173721093E+00
   3658.00    0.1228215646E+00
   3659.00    0.1283617799E+00
   3660.00    0.1339953888E+00
   3661.00    0.1397251653E+00
   3662.00    0.1455540247E+00
   3663.00    0.1514850274E+00
   3664.00    0.1575213823E+00
   3665.00    0.1636664518E+00
   3666.00    0.1699237578E+00
   3667.00    0.1762969880E+00
   3668.00    0.1827900033E+00
   3669.00    0.1894068457E+00
   3670.00    0.1961517475E+00
   3671.00    0.2030291409E+00
   3672.00    0.2100436683E+00
   3673.00    0.2172001939E+00
   3674.00    0.2245038161E+00
   3675.00    0.2319598807E+00
   3676.00    0.2395739952E+00
   3677.00    0.2473520445E+00
   3678.00    0.2553002073E+00
   3679.00    0.2634249746E+00
   3680.00    0.2717331686E+00
   3681.00    0.2802319640E+00
   3682.00    0.2889289106E+00
   3683.00    0.2978319578E+00
   3684.00    0.3069494808E+00
   3685.00    0.3162903096E+00
   3686.00    0.3258637597E+00
   3687.00    0.3356796660E+00
   3688.00    0.3457484190E+00
   3689.00    0.3560810045E+00
   3690.00    0.3666890465E+00
   3691.00    0.3775848546E+00
   3692.00    0.3887814746E+00
   3693.00    0.4002927442E+00
   3694.00    0.4121333542E+00
   3695.00    0.4243189151E+00
   3696.00    0.4368660297E+00
   3697.00    0.4497923734E+00
   3698.00    0.4631167821E+00
   3699.00    0.4768593487E+00
   3700.00    0.4910415298E+00
   3701.00    0.5056862630E+00
   3702.00    0.5208180968E+00
   3703.00    0.5364633345E+00
   3704.00    0.5526501933E+00
   3705.00    0.5694089818E+00
   3706.00    0.5867722966E+00
   3707.00    0.6047752425E+00
   3708.00    0.6234556777E+00
   3709.00    0.6428544889E+00
   3710.00    0.6630158998E+00
   3711.00    0.6839878178E+00
   3712.00    0.7058222251E+00
   3713.00    0.7285756204E+00
   3714.00    0.7523095192E+00
   3715.00    0.7770910222E+00
   3716.00    0.8029934618E+00
   3717.00    0.8300971416E+00
   3718.00    0.8584901822E+00
   3719.00    0.8882694934E+00
   3720.00    0.9195418945E+00
   3721.00    0.9524254105E+00
   3722.00    0.9870507755E+00
   3723.00    0.1023563184E+01
   3724.00    0.1062124342E+01
   3725.00    0.1102914867E+01
   3726.00    0.1146137130E+01
   3727.00    0.1192018613E+01
   3728.00    0.1240815908E+01
   3729.00    0.1292819504E+01
   3730.00    0.1348359541E+01
   3731.00    0.1407812767E+01
   3732.00    0.1471611015E+01
   3733.00    0.1540251567E+01
   3734.00    0.1614309944E+01
   3735.00    0.1694455784E+01
   3736.00    0.1781472705E+01
   3737.00    0.1876283369E+01
   3738.00    0.1979981377E+01
   3739.00    0.2093872233E+01
   3740.00    0.2219526493E+01
   3741.00    0.2358849449E+01
   3742.00    0.2514173554E+01
   3743.00    0.2688382473E+01
   3744.00    0.2885079754E+01
   3745.00    0.3108821263E+01
   3746.00    0.3365439948E+01
   3747.00    0.3662505997E+01
   3748.00    0.4009987375E+01
   3749.00    0.4421208159E+01
   3750.00    0.4914245406E+01
   3751.00    0.5513946886E+01
   3752.00    0.6254723883E+01
   3753.00    0.7183900934E+01
   3754.00    0.8363681944E+01
   3755.00    0.9863330712E+01
   3756.00    0.1171280686E+02
   3757.00    0.1374889407E+02
   3758.00    0.1534386331E+02
   3759.00    0.1556363976E+02
   3760.00    0.1428384962E+02
   3761.00    0.1236919589E+02
   3762.00    0.1053865794E+02
   3763.00    0.9025134089E+01
   3764.00    0.7825649501E+01
   3765.00    0.6878680133E+01
   3766.00    0.6123470459E+01
   3767.00    0.5512417092E+01
   3768.00    0.5010493871E+01
   3769.00    0.4592280422E+01
   3770.00    0.4239245476E+01
   3771.00    0.3937722626E+01
   3772.00    0.3677489841E+01
   3773.00    0.3450788511E+01
   3774.00    0.3251645106E+01
   3775.00    0.3075397939E+01
   3776.00    0.2918362987E+01
   3777.00    0.2777594734E+01
   3778.00    0.2650712697E+01
   3779.00    0.2535773901E+01
   3780.00    0.2431177945E+01
   3781.00    0.2335595468E+01
   3782.00    0.2247913638E+01
   3783.00    0.2167194160E+01
   3784.00    0.2092640615E+01
   3785.00    0.2023572810E+01
   3786.00    0.1959406460E+01
   3787.00    0.1899636957E+01
   3788.00    0.1843826317E+01
   3789.00    0.1791592590E+01
   3790.00    0.1742601219E+01
   3791.00    0.1696557945E+01
   3792.00    0.1653202939E+01
   3793.00    0.1612305936E+01
   3794.00    0.1573662154E+01
   3795.00    0.1537088883E+01
   3796.00    0.1502422593E+01
   3797.00    0.1469516494E+01
   3798.00    0.1438238453E+01
   3799.00    0.1408469211E+01
   3800.00    0.1380100861E+01
   3801.00    0.1353035528E+01
   3802.00    0.1327184236E+01
   3803.00    0.1302465919E+01
   3804.00    0.1278806564E+01
   3805.00    0.1256138460E+01
   3806.00    0.1234399547E+01
   3807.00    0.1213532834E+01
   3808.00    0.1193485897E+01
   3809.00    0.1174210429E+01
   3810.00    0.1155661846E+01
   3811.00    0.1137798934E+01
   3812.00    0.1120583537E+01
   3813.00    0.1103980281E+01
   3814.00    0.1087956323E+01
   3815.00    0.1072481130E+01
   3816.00    0.1057526280E+01
   3817.00    0.1043065281E+01
   3818.00    0.1029073414E+01
   3819.00    0.1015527581E+01
   3820.00    0.1002406182E+01
   3821.00    0.9896889892E+00
   3822.00    0.9773570431E+00
   3823.00    0.9653925542E+00
   3824.00    0.9537788137E+00
   3825.00    0.9425001131E+00
   3826.00    0.9315416704E+00
   3827.00    0.9208895627E+00
   3828.00    0.9105306652E+00
   3829.00    0.9004525940E+00
   3830.00    0.8906436554E+00
   3831.00    0.8810927981E+00
   3832.00    0.8717895698E+00
   3833.00    0.8627240770E+00
   3834.00    0.8538869485E+00
   3835.00    0.8452693011E+00
   3836.00    0.8368627084E+00
   3837.00    0.8286591717E+00
   3838.00    0.8206510934E+00
   3839.00    0.8128312519E+00
   3840.00    0.8051927789E+00
   3841.00    0.7977291378E+00
   3842.00    0.7904341043E+00
   3843.00    0.7833017473E+00
   3844.00    0.7763264127E+00
   3845.00    0.7695027067E+00
   3846.00    0.7628254814E+00
   3847.00    0.7562898205E+00
   3848.00    0.7498910271E+00
   3849.00    0.7436246111E+00
   3850.00    0.7374862777E+00
   3851.00    0.7314719178E+00
   3852.00    0.7255775970E+00
   3853.00    0.7197995472E+00
   3854.00    0.7141341575E+00
   3855.00    0.7085779663E+00
   3856.00    0.7031276534E+00
   3857.00    0.6977800331E+00
   3858.00    0.6925320472E+00
   3859.00    0.6873807592E+00
   3860.00    0.6823233474E+00
   3861.00    0.6773571003E+00
   3862.00    0.6724794107E+00
   3863.00    0.6676877709E+00
   3864.00    0.6629797677E+00
   3865.00    0.6583530787E+00
   3866.00    0.6538054672E+00
   3867.00    0.6493347790E+00
   3868.00    0.6449389380E+00
   3869.00    0.6406159433E+00
   3870.00    0.6363638654E+00
   3871.00    0.6321808431E+00
   3872.00    0.6280650806E+00
   3873.00    0.6240148446E+00
   3874.00    0.6200284617E+00
   3875.00    0.6161043157E+00
   3876.00    0.6122408451E+00
   3877.00    0.6084365410E+00
   3878.00    0.6046899449E+00
   3879.00    0.6009996464E+00
   3880.00    0.5973642813E+00
   3881.00    0.5937825300E+00
   3882.00    0.5902531152E+00
   3883.00    0.5867748006E+00
   3884.00    0.5833463892E+00
   3885.00    0.5799667215E+00
   3886.00    0.5766346745E+00
   3887.00    0.5733491597E+00
   3888.00    0.5701091223E+00
   3889.00    0.5669135395E+00
   3890.00    0.5637614197E+00
   3891.00    0.5606518009E+00
   3892.00    0.5575837498E+00
   3893.00    0.5545563608E+00
   3894.00    0.5515687549E+00
   3895.00    0.5486200788E+00
   3896.00    0.5457095036E+00
   3897.00    0.5428362246E+00
   3898.00    0.5399994598E+00
   3899.00    0.5371984494E+00
   3900.00    0.5344324550E+00
   3901.00    0.5317007589E+00
   3902.00    0.5290026631E+00
   3903.00    0.5263374888E+00
   3904.00    0.5237045761E+00
   3905.00    0.5211032826E+00
   3906.00    0.5185329834E+00
   3907.00    0.5159930704E+00
   3908.00    0.5134829515E+00
   3909.00    0.5110020503E+00
   3910.00    0.5085498057E+00
   3911.00    0.5061256710E+00
   3912.00    0.5037291136E+00
   3913.00    0.5013596149E+00
   3914.00    0.4990166693E+00
   3915.00    0.4966997841E+00
   3916.00    0.4944084790E+00
   3917.00    0.4921422858E+00
   3918.00    0.4899007480E+00
   3919.00    0.4876834201E+00
   3920.00    0.4854898679E+00
   3921.00    0.4833196677E+00
   3922.00    0.4811724060E+00
   3923.00    0.4790476793E+00
   3924.00    0.4769450939E+00
   3925.00    0.4748642654E+00
   3926.00    0.4728048183E+00
   3927.00    0.4707663863E+00
   3928.00    0.4687486115E+00
   3929.00    0.4667511442E+00
   3930.00    0.4647736431E+00
   3931.00    0.4628157743E+00
   3932.00    0.4608772120E+00
   3933.00    0.4589576376E+00
   3934.00    0.4570567394E+00
   3935.00    0.4551742133E+00
   3936.00    0.4533097614E+00
   3937.00    0.4514630928E+00
   3938.00    0.4496339228E+00
   3939.00    0.4478219732E+00
   3940.00    0.4460269715E+00
   3941.00    0.4442486515E+00
   3942.00    0.4424867523E+00
   3943.00    0.4407410191E+00
   3944.00    0.4390112022E+00
   3945.00    0.4372970572E+00
   3946.00    0.4355983449E+00
   3947.00    0.4339148314E+00
   3948.00    0.4322462872E+00
   3949.00    0.4305924879E+00
   3950.00    0.4289532135E+00
   3951.00    0.4273282488E+00
   3952.00    0.4257173828E+00
   3953.00    0.4241204088E+00
   3954.00    0.4225371243E+00
   3955.00    0.4209673308E+00
   3956.00    0.4194108340E+00
   3957.00    0.4178674431E+00
   3958.00    0.4163369715E+00
   3959.00    0.4148192359E+00
   3960.00    0.4133140567E+00
   3961.00    0.4118212580E+00
   3962.00    0.4103406670E+00
   3963.00    0.4088721145E+00
   3964.00    0.4074154343E+00
   3965.00    0.4059704636E+00
   3966.00    0.4045370426E+00
   3967.00    0.4031150144E+00
   3968.00    0.4017042253E+00
   3969.00    0.4003045242E+00
   3970.00    0.3989157630E+00
   3971.00    0.3975377964E+00
   3972.00    0.3961704815E+00
   3973.00    0.3948136783E+00
   3974.00    0.3934672493E+00
   3975.00    0.3921310593E+00
   3976.00    0.3908049759E+00
   3977.00    0.3894888686E+00
   3978.00    0.3881826098E+00
   3979.00    0.3868860737E+00
   3980.00    0.3855991371E+00
   3981.00    0.3843216786E+00
   3982.00    0.3830535793E+00
   3983.00    0.3817947221E+00
   3984.00    0.3805449920E+00
   3985.00    0.3793042763E+00
   3986.00    0.3780724637E+00
   3987.00    0.3768494453E+00
   3988.00    0.3756351138E+00
   3989.00    0.3744293638E+00
   3990.00    0.3732320916E+00
   3991.00    0.3720431954E+00
   3992.00    0.3708625750E+00
   3993.00    0.3696901320E+00
   3994.00    0.3685257694E+00
   3995.00    0.3673693921E+00
   3996.00    0.3662209062E+00
   3997.00    0.3650802198E+00
   3998.00    0.3639472421E+00
   3999.00    0.3628218840E+00
   4000.00    0.3617040579E+00
