Frequencies(cm-1)    polar_2nd_zxx        
   1000.00    0.8366040886E+00
   1001.00    0.8239390911E+00
   1002.00    0.8056145219E+00
   1003.00    0.7845887343E+00
   1004.00    0.7633012177E+00
   1005.00    0.7427932293E+00
   1006.00    0.7233677587E+00
   1007.00    0.7050444341E+00
   1008.00    0.6877517530E+00
   1009.00    0.6713975131E+00
   1010.00    0.6558925001E+00
   1011.00    0.6411572712E+00
   1012.00    0.6271230720E+00
   1013.00    0.6137308958E+00
   1014.00    0.6009301107E+00
   1015.00    0.5886771363E+00
   1016.00    0.5769343070E+00
   1017.00    0.5656689354E+00
   1018.00    0.5548525538E+00
   1019.00    0.5444603017E+00
   1020.00    0.5344704291E+00
   1021.00    0.5248638918E+00
   1022.00    0.5156240185E+00
   1023.00    0.5067362335E+00
   1024.00    0.4981878226E+00
   1025.00    0.4899677324E+00
   1026.00    0.4820663933E+00
   1027.00    0.4744755591E+00
   1028.00    0.4671881550E+00
   1029.00    0.4601981281E+00
   1030.00    0.4535002901E+00
   1031.00    0.4470901453E+00
   1032.00    0.4409636932E+00
   1033.00    0.4351171951E+00
   1034.00    0.4295468987E+00
   1035.00    0.4242487226E+00
   1036.00    0.4192179346E+00
   1037.00    0.4144489392E+00
   1038.00    0.4099355025E+00
   1039.00    0.4056722825E+00
   1040.00    0.4016599424E+00
   1041.00    0.3979197925E+00
   1042.00    0.3945334432E+00
   1043.00    0.3917460769E+00
   1044.00    0.3902128585E+00
   1045.00    0.3914311422E+00
   1046.00    0.3976895584E+00
   1047.00    0.4092057690E+00
   1048.00    0.4208641339E+00
   1049.00    0.4282423925E+00
   1050.00    0.4322654662E+00
   1051.00    0.4352670046E+00
   1052.00    0.4386539820E+00
   1053.00    0.4430624473E+00
   1054.00    0.4487860514E+00
   1055.00    0.4560006766E+00
   1056.00    0.4648578861E+00
   1057.00    0.4755231342E+00
   1058.00    0.4881935550E+00
   1059.00    0.5031092447E+00
   1060.00    0.5205636780E+00
   1061.00    0.5409159018E+00
   1062.00    0.5646062124E+00
   1063.00    0.5921769767E+00
   1064.00    0.6243006800E+00
   1065.00    0.6618181246E+00
   1066.00    0.7057910512E+00
   1067.00    0.7575755550E+00
   1068.00    0.8189259180E+00
   1069.00    0.8921435241E+00
   1070.00    0.9802932407E+00
   1071.00    0.1087521011E+01
   1072.00    0.1219521172E+01
   1073.00    0.1384213577E+01
   1074.00    0.1592666021E+01
   1075.00    0.1860104618E+01
   1076.00    0.2206011726E+01
   1077.00    0.2649267181E+01
   1078.00    0.3185772330E+01
   1079.00    0.3727930843E+01
   1080.00    0.4051777912E+01
   1081.00    0.3969043847E+01
   1082.00    0.3587267574E+01
   1083.00    0.3135839539E+01
   1084.00    0.2735907613E+01
   1085.00    0.2413333019E+01
   1086.00    0.2159622434E+01
   1087.00    0.1960040187E+01
   1088.00    0.1801616482E+01
   1089.00    0.1674424133E+01
   1090.00    0.1571156991E+01
   1091.00    0.1486469939E+01
   1092.00    0.1416425378E+01
   1093.00    0.1358087515E+01
   1094.00    0.1309237103E+01
   1095.00    0.1268172809E+01
   1096.00    0.1233572412E+01
   1097.00    0.1204394886E+01
   1098.00    0.1179810478E+01
   1099.00    0.1159150112E+01
   1100.00    0.1141868294E+01
   1101.00    0.1127515529E+01
   1102.00    0.1115717550E+01
   1103.00    0.1106159458E+01
   1104.00    0.1098573443E+01
   1105.00    0.1092729131E+01
   1106.00    0.1088425891E+01
   1107.00    0.1085486569E+01
   1108.00    0.1083752282E+01
   1109.00    0.1083077970E+01
   1110.00    0.1083328474E+01
   1111.00    0.1084374932E+01
   1112.00    0.1086091341E+01
   1113.00    0.1088351093E+01
   1114.00    0.1091023346E+01
   1115.00    0.1093969034E+01
   1116.00    0.1097036350E+01
   1117.00    0.1100055481E+01
   1118.00    0.1102832410E+01
   1119.00    0.1105141623E+01
   1120.00    0.1106717788E+01
   1121.00    0.1107246956E+01
   1122.00    0.1106359218E+01
   1123.00    0.1103628000E+01
   1124.00    0.1098589219E+01
   1125.00    0.1090813270E+01
   1126.00    0.1080112215E+01
   1127.00    0.1067088848E+01
   1128.00    0.1054538814E+01
   1129.00    0.1050865363E+01
   1130.00    0.1077324783E+01
   1131.00    0.1177437726E+01
   1132.00    0.1407392885E+01
   1133.00    0.1768550784E+01
   1134.00    0.2134997591E+01
   1135.00    0.2360089589E+01
   1136.00    0.2439553410E+01
   1137.00    0.2446063221E+01
   1138.00    0.2431422027E+01
   1139.00    0.2417553563E+01
   1140.00    0.2411150618E+01
   1141.00    0.2412327002E+01
   1142.00    0.2417196855E+01
   1143.00    0.2418194207E+01
   1144.00    0.2409548388E+01
   1145.00    0.2400954593E+01
   1146.00    0.2409866025E+01
   1147.00    0.2438591846E+01
   1148.00    0.2480191037E+01
   1149.00    0.2529343411E+01
   1150.00    0.2583598415E+01
   1151.00    0.2642052248E+01
   1152.00    0.2704468495E+01
   1153.00    0.2770890932E+01
   1154.00    0.2841490312E+01
   1155.00    0.2916506351E+01
   1156.00    0.2996227408E+01
   1157.00    0.3080985455E+01
   1158.00    0.3171157621E+01
   1159.00    0.3267170991E+01
   1160.00    0.3369509472E+01
   1161.00    0.3478722405E+01
   1162.00    0.3595435039E+01
   1163.00    0.3720361190E+01
   1164.00    0.3854318607E+01
   1165.00    0.3998247722E+01
   1166.00    0.4153234684E+01
   1167.00    0.4320539886E+01
   1168.00    0.4501633540E+01
   1169.00    0.4698240430E+01
   1170.00    0.4912396679E+01
   1171.00    0.5146522435E+01
   1172.00    0.5403515841E+01
   1173.00    0.5686875821E+01
   1174.00    0.6000864271E+01
   1175.00    0.6350722878E+01
   1176.00    0.6742966500E+01
   1177.00    0.7185785251E+01
   1178.00    0.7689602619E+01
   1179.00    0.8267859634E+01
   1180.00    0.8938128012E+01
   1181.00    0.9723699534E+01
   1182.00    0.1065584622E+02
   1183.00    0.1177694902E+02
   1184.00    0.1314446530E+02
   1185.00    0.1483457844E+02
   1186.00    0.1694007226E+02
   1187.00    0.1954243360E+02
   1188.00    0.2259744605E+02
   1189.00    0.2561832714E+02
   1190.00    0.2728351330E+02
   1191.00    0.2616627649E+02
   1192.00    0.2269906072E+02
   1193.00    0.1861725203E+02
   1194.00    0.1499074513E+02
   1195.00    0.1206162915E+02
   1196.00    0.9762872465E+01
   1197.00    0.7996346035E+01
   1198.00    0.6726849266E+01
   1199.00    0.6013525611E+01
   1200.00    0.5988702659E+01
   1201.00    0.6759420549E+01
   1202.00    0.8347432651E+01
   1203.00    0.1075512105E+02
   1204.00    0.1396942092E+02
   1205.00    0.1770584425E+02
   1206.00    0.2092934476E+02
   1207.00    0.2215608561E+02
   1208.00    0.2117838438E+02
   1209.00    0.1915654675E+02
   1210.00    0.1705116900E+02
   1211.00    0.1521643225E+02
   1212.00    0.1370104499E+02
   1213.00    0.1246227251E+02
   1214.00    0.1144409709E+02
   1215.00    0.1059817493E+02
   1216.00    0.9886893268E+01
   1217.00    0.9281860311E+01
   1218.00    0.8761736551E+01
   1219.00    0.8310383868E+01
   1220.00    0.7915470099E+01
   1221.00    0.7567459054E+01
   1222.00    0.7258887673E+01
   1223.00    0.6983847963E+01
   1224.00    0.6737613020E+01
   1225.00    0.6516364409E+01
   1226.00    0.6316991281E+01
   1227.00    0.6136940734E+01
   1228.00    0.5974105192E+01
   1229.00    0.5826736826E+01
   1230.00    0.5693381986E+01
   1231.00    0.5572830632E+01
   1232.00    0.5464077148E+01
   1233.00    0.5366289931E+01
   1234.00    0.5278787854E+01
   1235.00    0.5201022210E+01
   1236.00    0.5132563136E+01
   1237.00    0.5073089806E+01
   1238.00    0.5022383887E+01
   1239.00    0.4980325973E+01
   1240.00    0.4946894840E+01
   1241.00    0.4922169531E+01
   1242.00    0.4906334435E+01
   1243.00    0.4899687683E+01
   1244.00    0.4902653389E+01
   1245.00    0.4915798511E+01
   1246.00    0.4939855428E+01
   1247.00    0.4975751775E+01
   1248.00    0.5024649649E+01
   1249.00    0.5087997192E+01
   1250.00    0.5167596690E+01
   1251.00    0.5265695117E+01
   1252.00    0.5385105565E+01
   1253.00    0.5529371785E+01
   1254.00    0.5702993689E+01
   1255.00    0.5911740255E+01
   1256.00    0.6163089154E+01
   1257.00    0.6466851934E+01
   1258.00    0.6836071972E+01
   1259.00    0.7288320490E+01
   1260.00    0.7847554416E+01
   1261.00    0.8546688738E+01
   1262.00    0.9430776536E+01
   1263.00    0.1055946246E+02
   1264.00    0.1200274036E+02
   1265.00    0.1380883687E+02
   1266.00    0.1588584907E+02
   1267.00    0.1773067360E+02
   1268.00    0.1832215678E+02
   1269.00    0.1708664887E+02
   1270.00    0.1479089634E+02
   1271.00    0.1245954228E+02
   1272.00    0.1052417015E+02
   1273.00    0.9023290337E+01
   1274.00    0.7880270118E+01
   1275.00    0.7011260505E+01
   1276.00    0.6350236257E+01
   1277.00    0.5849754054E+01
   1278.00    0.5476916627E+01
   1279.00    0.5209538929E+01
   1280.00    0.5033411336E+01
   1281.00    0.4940591233E+01
   1282.00    0.4928523181E+01
   1283.00    0.4999844538E+01
   1284.00    0.5162797616E+01
   1285.00    0.5432142009E+01
   1286.00    0.5830106419E+01
   1287.00    0.6385450439E+01
   1288.00    0.7123678842E+01
   1289.00    0.8027494299E+01
   1290.00    0.8929210880E+01
   1291.00    0.9387580603E+01
   1292.00    0.8956430072E+01
   1293.00    0.7814741999E+01
   1294.00    0.6525967399E+01
   1295.00    0.5413713451E+01
   1296.00    0.4537981561E+01
   1297.00    0.3863183511E+01
   1298.00    0.3340485699E+01
   1299.00    0.2929642716E+01
   1300.00    0.2601126058E+01
   1301.00    0.2333906022E+01
   1302.00    0.2113012698E+01
   1303.00    0.1927675886E+01
   1304.00    0.1770032202E+01
   1305.00    0.1634249293E+01
   1306.00    0.1515933453E+01
   1307.00    0.1411725474E+01
   1308.00    0.1319021351E+01
   1309.00    0.1235776455E+01
   1310.00    0.1160366204E+01
   1311.00    0.1091485494E+01
   1312.00    0.1028075112E+01
   1313.00    0.9692671954E+00
   1314.00    0.9143443257E+00
   1315.00    0.8627085103E+00
   1316.00    0.8138574384E+00
   1317.00    0.7673661530E+00
   1318.00    0.7228728166E+00
   1319.00    0.6800676251E+00
   1320.00    0.6386841920E+00
   1321.00    0.5984929370E+00
   1322.00    0.5592961762E+00
   1323.00    0.5209247696E+00
   1324.00    0.4832363441E+00
   1325.00    0.4461153309E+00
   1326.00    0.4094753826E+00
   1327.00    0.3732653012E+00
   1328.00    0.3374806277E+00
   1329.00    0.3021850153E+00
   1330.00    0.2675493984E+00
   1331.00    0.2339247109E+00
   1332.00    0.2019783742E+00
   1333.00    0.1729446255E+00
   1334.00    0.1490224529E+00
   1335.00    0.1336913238E+00
   1336.00    0.1309029735E+00
   1337.00    0.1423759414E+00
   1338.00    0.1661580049E+00
   1339.00    0.1988364807E+00
   1340.00    0.2377112445E+00
   1341.00    0.2811553700E+00
   1342.00    0.3282893079E+00
   1343.00    0.3786736711E+00
   1344.00    0.4321244363E+00
   1345.00    0.4886125078E+00
   1346.00    0.5482101082E+00
   1347.00    0.6110622349E+00
   1348.00    0.6773718200E+00
   1349.00    0.7473927533E+00
   1350.00    0.8214277478E+00
   1351.00    0.8998294889E+00
   1352.00    0.9830042916E+00
   1353.00    0.1071417944E+01
   1354.00    0.1165603700E+01
   1355.00    0.1266172598E+01
   1356.00    0.1373826466E+01
   1357.00    0.1489374159E+01
   1358.00    0.1613751808E+01
   1359.00    0.1748048130E+01
   1360.00    0.1893536226E+01
   1361.00    0.2051713822E+01
   1362.00    0.2224354565E+01
   1363.00    0.2413574044E+01
   1364.00    0.2621915578E+01
   1365.00    0.2852462914E+01
   1366.00    0.3108989965E+01
   1367.00    0.3396162248E+01
   1368.00    0.3719811424E+01
   1369.00    0.4087314587E+01
   1370.00    0.4508125643E+01
   1371.00    0.4994530060E+01
   1372.00    0.5562730365E+01
   1373.00    0.6234421596E+01
   1374.00    0.7039080511E+01
   1375.00    0.8017235121E+01
   1376.00    0.9224842490E+01
   1377.00    0.1073796796E+02
   1378.00    0.1265303310E+02
   1379.00    0.1506392232E+02
   1380.00    0.1795702114E+02
   1381.00    0.2091271141E+02
   1382.00    0.2275620857E+02
   1383.00    0.2227565421E+02
   1384.00    0.1986516948E+02
   1385.00    0.1690238965E+02
   1386.00    0.1421228793E+02
   1387.00    0.1199190201E+02
   1388.00    0.1019738071E+02
   1389.00    0.8744510499E+01
   1390.00    0.7574559292E+01
   1391.00    0.6681300124E+01
   1392.00    0.6140049350E+01
   1393.00    0.6134516414E+01
   1394.00    0.6912770461E+01
   1395.00    0.8617899110E+01
   1396.00    0.1105497737E+02
   1397.00    0.1342806393E+02
   1398.00    0.1464796258E+02
   1399.00    0.1450865611E+02
   1400.00    0.1366755812E+02
   1401.00    0.1268497116E+02
   1402.00    0.1178940173E+02
   1403.00    0.1103446465E+02
   1404.00    0.1041433781E+02
   1405.00    0.9909181557E+01
   1406.00    0.9499355729E+01
   1407.00    0.9168935931E+01
   1408.00    0.8906002421E+01
   1409.00    0.8702135054E+01
   1410.00    0.8551847197E+01
   1411.00    0.8452135766E+01
   1412.00    0.8402122233E+01
   1413.00    0.8402609515E+01
   1414.00    0.8455073844E+01
   1415.00    0.8558777616E+01
   1416.00    0.8702439609E+01
   1417.00    0.8841705947E+01
   1418.00    0.8848634274E+01
   1419.00    0.8457388776E+01
   1420.00    0.7413151772E+01
   1421.00    0.5943624948E+01
   1422.00    0.4681480432E+01
   1423.00    0.3961914108E+01
   1424.00    0.3701111326E+01
   1425.00    0.3692311733E+01
   1426.00    0.3789201527E+01
   1427.00    0.3920910379E+01
   1428.00    0.4058999418E+01
   1429.00    0.4193804605E+01
   1430.00    0.4323247504E+01
   1431.00    0.4448149390E+01
   1432.00    0.4570348831E+01
   1433.00    0.4691972024E+01
   1434.00    0.4815174858E+01
   1435.00    0.4942079004E+01
   1436.00    0.5074788414E+01
   1437.00    0.5215440256E+01
   1438.00    0.5366272879E+01
   1439.00    0.5529705929E+01
   1440.00    0.5708433857E+01
   1441.00    0.5905537678E+01
   1442.00    0.6124622901E+01
   1443.00    0.6369995085E+01
   1444.00    0.6646889372E+01
   1445.00    0.6961777540E+01
   1446.00    0.7322786977E+01
   1447.00    0.7740282515E+01
   1448.00    0.8227687088E+01
   1449.00    0.8802654532E+01
   1450.00    0.9488760384E+01
   1451.00    0.1031793944E+02
   1452.00    0.1133393141E+02
   1453.00    0.1259682193E+02
   1454.00    0.1418772591E+02
   1455.00    0.1620844001E+02
   1456.00    0.1875614285E+02
   1457.00    0.2181101007E+02
   1458.00    0.2491676952E+02
   1459.00    0.2678663898E+02
   1460.00    0.2603990394E+02
   1461.00    0.2309276372E+02
   1462.00    0.1956456739E+02
   1463.00    0.1644210524E+02
   1464.00    0.1394807619E+02
   1465.00    0.1201029262E+02
   1466.00    0.1050449860E+02
   1467.00    0.9323535882E+01
   1468.00    0.8387202634E+01
   1469.00    0.7637813455E+01
   1470.00    0.7034181453E+01
   1471.00    0.6546800201E+01
   1472.00    0.6154430020E+01
   1473.00    0.5841775279E+01
   1474.00    0.5597929644E+01
   1475.00    0.5415350766E+01
   1476.00    0.5289206189E+01
   1477.00    0.5216992357E+01
   1478.00    0.5198371761E+01
   1479.00    0.5235205513E+01
   1480.00    0.5331783895E+01
   1481.00    0.5495275635E+01
   1482.00    0.5736415589E+01
   1483.00    0.6070381133E+01
   1484.00    0.6517502050E+01
   1485.00    0.7102359801E+01
   1486.00    0.7846315523E+01
   1487.00    0.8738859186E+01
   1488.00    0.9659245828E+01
   1489.00    0.1027367483E+02
   1490.00    0.1023240899E+02
   1491.00    0.9835108451E+01
   1492.00    0.9931428318E+01
   1493.00    0.1101338384E+02
   1494.00    0.1291127571E+02
   1495.00    0.1483519553E+02
   1496.00    0.1569050377E+02
   1497.00    0.1517392513E+02
   1498.00    0.1394583285E+02
   1499.00    0.1264747652E+02
   1500.00    0.1154937241E+02
   1501.00    0.1070249486E+02
   1502.00    0.1008418784E+02
   1503.00    0.9659151528E+01
   1504.00    0.9396049546E+01
   1505.00    0.9266477348E+01
   1506.00    0.9232240294E+01
   1507.00    0.9214158806E+01
   1508.00    0.9040995437E+01
   1509.00    0.8473838563E+01
   1510.00    0.7530309063E+01
   1511.00    0.6703568766E+01
   1512.00    0.6388151715E+01
   1513.00    0.6555728524E+01
   1514.00    0.7052070860E+01
   1515.00    0.7792444106E+01
   1516.00    0.8763667439E+01
   1517.00    0.9975725724E+01
   1518.00    0.1137690612E+02
   1519.00    0.1267845443E+02
   1520.00    0.1320551343E+02
   1521.00    0.1239563528E+02
   1522.00    0.1063786617E+02
   1523.00    0.8734655907E+01
   1524.00    0.7077334214E+01
   1525.00    0.5692969450E+01
   1526.00    0.4504963038E+01
   1527.00    0.3560255428E+01
   1528.00    0.3183095974E+01
   1529.00    0.3462900702E+01
   1530.00    0.4014302829E+01
   1531.00    0.4638040061E+01
   1532.00    0.5347553870E+01
   1533.00    0.6209739720E+01
   1534.00    0.7295115565E+01
   1535.00    0.8646925380E+01
   1536.00    0.1018523038E+02
   1537.00    0.1150627329E+02
   1538.00    0.1189650070E+02
   1539.00    0.1110639906E+02
   1540.00    0.9718789580E+01
   1541.00    0.8333189367E+01
   1542.00    0.7174826747E+01
   1543.00    0.6259094122E+01
   1544.00    0.5542986718E+01
   1545.00    0.4980103152E+01
   1546.00    0.4533345124E+01
   1547.00    0.4175325082E+01
   1548.00    0.3886247683E+01
   1549.00    0.3651816529E+01
   1550.00    0.3461645084E+01
   1551.00    0.3308138437E+01
   1552.00    0.3185725481E+01
   1553.00    0.3090335493E+01
   1554.00    0.3019042669E+01
   1555.00    0.2969827254E+01
   1556.00    0.2941419885E+01
   1557.00    0.2933208268E+01
   1558.00    0.2945194130E+01
   1559.00    0.2977994999E+01
   1560.00    0.3032891092E+01
   1561.00    0.3111923318E+01
   1562.00    0.3218055235E+01
   1563.00    0.3355420961E+01
   1564.00    0.3529694135E+01
   1565.00    0.3748632056E+01
   1566.00    0.4022875786E+01
   1567.00    0.4367118701E+01
   1568.00    0.4801771726E+01
   1569.00    0.5355160035E+01
   1570.00    0.6065730476E+01
   1571.00    0.6981488469E+01
   1572.00    0.8146016582E+01
   1573.00    0.9538789919E+01
   1574.00    0.1091600026E+02
   1575.00    0.1166293762E+02
   1576.00    0.1124438564E+02
   1577.00    0.9964757365E+01
   1578.00    0.8508803656E+01
   1579.00    0.7239282933E+01
   1580.00    0.6225331231E+01
   1581.00    0.5432532308E+01
   1582.00    0.4810432840E+01
   1583.00    0.4316309712E+01
   1584.00    0.3918149312E+01
   1585.00    0.3592737783E+01
   1586.00    0.3323286531E+01
   1587.00    0.3097544486E+01
   1588.00    0.2906451517E+01
   1589.00    0.2743208331E+01
   1590.00    0.2602637309E+01
   1591.00    0.2480740505E+01
   1592.00    0.2374390565E+01
   1593.00    0.2281111704E+01
   1594.00    0.2198922371E+01
   1595.00    0.2126220662E+01
   1596.00    0.2061699777E+01
   1597.00    0.2004284848E+01
   1598.00    0.1953085198E+01
   1599.00    0.1907357846E+01
   1600.00    0.1866479351E+01
   1601.00    0.1829923859E+01
   1602.00    0.1797245856E+01
   1603.00    0.1768066508E+01
   1604.00    0.1742062757E+01
   1605.00    0.1718958575E+01
   1606.00    0.1698517902E+01
   1607.00    0.1680538928E+01
   1608.00    0.1664849439E+01
   1609.00    0.1651303031E+01
   1610.00    0.1639776033E+01
   1611.00    0.1630165009E+01
   1612.00    0.1622384749E+01
   1613.00    0.1616366674E+01
   1614.00    0.1612057605E+01
   1615.00    0.1609418841E+01
   1616.00    0.1608425529E+01
   1617.00    0.1609066304E+01
   1618.00    0.1611343186E+01
   1619.00    0.1615271736E+01
   1620.00    0.1620881477E+01
   1621.00    0.1628216607E+01
   1622.00    0.1637337020E+01
   1623.00    0.1648319691E+01
   1624.00    0.1661260474E+01
   1625.00    0.1676276389E+01
   1626.00    0.1693508513E+01
   1627.00    0.1713125590E+01
   1628.00    0.1735328558E+01
   1629.00    0.1760356200E+01
   1630.00    0.1788492256E+01
   1631.00    0.1820074379E+01
   1632.00    0.1855505509E+01
   1633.00    0.1895268404E+01
   1634.00    0.1939944364E+01
   1635.00    0.1990237570E+01
   1636.00    0.2047007039E+01
   1637.00    0.2111309017E+01
   1638.00    0.2184453884E+01
   1639.00    0.2268083424E+01
   1640.00    0.2364277076E+01
   1641.00    0.2475699823E+01
   1642.00    0.2605810440E+01
   1643.00    0.2759157433E+01
   1644.00    0.2941801336E+01
   1645.00    0.3161912783E+01
   1646.00    0.3430590628E+01
   1647.00    0.3762864236E+01
   1648.00    0.4178480977E+01
   1649.00    0.4700737626E+01
   1650.00    0.5347202227E+01
   1651.00    0.6094572834E+01
   1652.00    0.6789527802E+01
   1653.00    0.7070114090E+01
   1654.00    0.6632174162E+01
   1655.00    0.5684191941E+01
   1656.00    0.4664352635E+01
   1657.00    0.3796122558E+01
   1658.00    0.3112204974E+01
   1659.00    0.2581881757E+01
   1660.00    0.2167608049E+01
   1661.00    0.1839091887E+01
   1662.00    0.1574213179E+01
   1663.00    0.1357204375E+01
   1664.00    0.1176803578E+01
   1665.00    0.1024870905E+01
   1666.00    0.8954319869E+00
   1667.00    0.7840307993E+00
   1668.00    0.6872916654E+00
   1669.00    0.6026200710E+00
   1670.00    0.5279957077E+00
   1671.00    0.4618274302E+00
   1672.00    0.4028504545E+00
   1673.00    0.3500530249E+00
   1674.00    0.3026243403E+00
   1675.00    0.2599187281E+00
   1676.00    0.2214336089E+00
   1677.00    0.1868013856E+00
   1678.00    0.1557988596E+00
   1679.00    0.1283831405E+00
   1680.00    0.1047698752E+00
   1681.00    0.8556504759E-01
   1682.00    0.7187668549E-01
   1683.00    0.6502815926E-01
   1684.00    0.6541486718E-01
   1685.00    0.7162760041E-01
   1686.00    0.8142358052E-01
   1687.00    0.9301216941E-01
   1688.00    0.1053156405E+00
   1689.00    0.1177483923E+00
   1690.00    0.1300016562E+00
   1691.00    0.1419154279E+00
   1692.00    0.1534101799E+00
   1693.00    0.1644508139E+00
   1694.00    0.1750272184E+00
   1695.00    0.1851434663E+00
   1696.00    0.1948116365E+00
   1697.00    0.2040481901E+00
   1698.00    0.2128718047E+00
   1699.00    0.2213020639E+00
   1700.00    0.2293586611E+00
   1701.00    0.2370609198E+00
   1702.00    0.2444275108E+00
   1703.00    0.2514762936E+00
   1704.00    0.2582242373E+00
   1705.00    0.2646873920E+00
   1706.00    0.2708808915E+00
   1707.00    0.2768189764E+00
   1708.00    0.2825150285E+00
   1709.00    0.2879816124E+00
   1710.00    0.2932305205E+00
   1711.00    0.2982728180E+00
   1712.00    0.3031188892E+00
   1713.00    0.3077784807E+00
   1714.00    0.3122607442E+00
   1715.00    0.3165742763E+00
   1716.00    0.3207271558E+00
   1717.00    0.3247269796E+00
   1718.00    0.3285808954E+00
   1719.00    0.3322956321E+00
   1720.00    0.3358775286E+00
   1721.00    0.3393325603E+00
   1722.00    0.3426663633E+00
   1723.00    0.3458842573E+00
   1724.00    0.3489912667E+00
   1725.00    0.3519921399E+00
   1726.00    0.3548913678E+00
   1727.00    0.3576931997E+00
   1728.00    0.3604016596E+00
   1729.00    0.3630205602E+00
   1730.00    0.3655535163E+00
   1731.00    0.3680039569E+00
   1732.00    0.3703751373E+00
   1733.00    0.3726701490E+00
   1734.00    0.3748919302E+00
   1735.00    0.3770432746E+00
   1736.00    0.3791268404E+00
   1737.00    0.3811451579E+00
   1738.00    0.3831006370E+00
   1739.00    0.3849955745E+00
   1740.00    0.3868321600E+00
   1741.00    0.3886124824E+00
   1742.00    0.3903385354E+00
   1743.00    0.3920122226E+00
   1744.00    0.3936353627E+00
   1745.00    0.3952096940E+00
   1746.00    0.3967368787E+00
   1747.00    0.3982185070E+00
   1748.00    0.3996561009E+00
   1749.00    0.4010511176E+00
   1750.00    0.4024049533E+00
   1751.00    0.4037189457E+00
   1752.00    0.4049943774E+00
   1753.00    0.4062324787E+00
   1754.00    0.4074344300E+00
   1755.00    0.4086013642E+00
   1756.00    0.4097343694E+00
   1757.00    0.4108344907E+00
   1758.00    0.4119027325E+00
   1759.00    0.4129400601E+00
   1760.00    0.4139474022E+00
   1761.00    0.4149256519E+00
   1762.00    0.4158756688E+00
   1763.00    0.4167982803E+00
   1764.00    0.4176942832E+00
   1765.00    0.4185644452E+00
   1766.00    0.4194095058E+00
   1767.00    0.4202301781E+00
   1768.00    0.4210271494E+00
   1769.00    0.4218010828E+00
   1770.00    0.4225526181E+00
   1771.00    0.4232823725E+00
   1772.00    0.4239909421E+00
   1773.00    0.4246789024E+00
   1774.00    0.4253468093E+00
   1775.00    0.4259951998E+00
   1776.00    0.4266245930E+00
   1777.00    0.4272354908E+00
   1778.00    0.4278283782E+00
   1779.00    0.4284037247E+00
   1780.00    0.4289619842E+00
   1781.00    0.4295035962E+00
   1782.00    0.4300289859E+00
   1783.00    0.4305385650E+00
   1784.00    0.4310327323E+00
   1785.00    0.4315118740E+00
   1786.00    0.4319763644E+00
   1787.00    0.4324265660E+00
   1788.00    0.4328628305E+00
   1789.00    0.4332854986E+00
   1790.00    0.4336949008E+00
   1791.00    0.4340913577E+00
   1792.00    0.4344751802E+00
   1793.00    0.4348466702E+00
   1794.00    0.4352061206E+00
   1795.00    0.4355538156E+00
   1796.00    0.4358900313E+00
   1797.00    0.4362150359E+00
   1798.00    0.4365290898E+00
   1799.00    0.4368324459E+00
   1800.00    0.4371253502E+00
   1801.00    0.4374080415E+00
   1802.00    0.4376807521E+00
   1803.00    0.4379437078E+00
   1804.00    0.4381971283E+00
   1805.00    0.4384412270E+00
   1806.00    0.4386762118E+00
   1807.00    0.4389022847E+00
   1808.00    0.4391196424E+00
   1809.00    0.4393284764E+00
   1810.00    0.4395289730E+00
   1811.00    0.4397213137E+00
   1812.00    0.4399056752E+00
   1813.00    0.4400822302E+00
   1814.00    0.4402511472E+00
   1815.00    0.4404125912E+00
   1816.00    0.4405667213E+00
   1817.00    0.4407136891E+00
   1818.00    0.4408536422E+00
   1819.00    0.4409867284E+00
   1820.00    0.4411130931E+00
   1821.00    0.4412328770E+00
   1822.00    0.4413462173E+00
   1823.00    0.4414532472E+00
   1824.00    0.4415540966E+00
   1825.00    0.4416488922E+00
   1826.00    0.4417377578E+00
   1827.00    0.4418208139E+00
   1828.00    0.4418981784E+00
   1829.00    0.4419699662E+00
   1830.00    0.4420362895E+00
   1831.00    0.4420972579E+00
   1832.00    0.4421529785E+00
   1833.00    0.4422035556E+00
   1834.00    0.4422490915E+00
   1835.00    0.4422896858E+00
   1836.00    0.4423254359E+00
   1837.00    0.4423564370E+00
   1838.00    0.4423827822E+00
   1839.00    0.4424045623E+00
   1840.00    0.4424218662E+00
   1841.00    0.4424347807E+00
   1842.00    0.4424433909E+00
   1843.00    0.4424477796E+00
   1844.00    0.4424480281E+00
   1845.00    0.4424442158E+00
   1846.00    0.4424364204E+00
   1847.00    0.4424247178E+00
   1848.00    0.4424091823E+00
   1849.00    0.4423898866E+00
   1850.00    0.4423669020E+00
   1851.00    0.4423402979E+00
   1852.00    0.4423101425E+00
   1853.00    0.4422765025E+00
   1854.00    0.4422394432E+00
   1855.00    0.4421990285E+00
   1856.00    0.4421553209E+00
   1857.00    0.4421083817E+00
   1858.00    0.4420582709E+00
   1859.00    0.4420050471E+00
   1860.00    0.4419487680E+00
   1861.00    0.4418894899E+00
   1862.00    0.4418272680E+00
   1863.00    0.4417621563E+00
   1864.00    0.4416942079E+00
   1865.00    0.4416234746E+00
   1866.00    0.4415500073E+00
   1867.00    0.4414738559E+00
   1868.00    0.4413950693E+00
   1869.00    0.4413136952E+00
   1870.00    0.4412297807E+00
   1871.00    0.4411433718E+00
   1872.00    0.4410545136E+00
   1873.00    0.4409632503E+00
   1874.00    0.4408696253E+00
   1875.00    0.4407736812E+00
   1876.00    0.4406754596E+00
   1877.00    0.4405750014E+00
   1878.00    0.4404723468E+00
   1879.00    0.4403675351E+00
   1880.00    0.4402606050E+00
   1881.00    0.4401515943E+00
   1882.00    0.4400405402E+00
   1883.00    0.4399274791E+00
   1884.00    0.4398124469E+00
   1885.00    0.4396954786E+00
   1886.00    0.4395766087E+00
   1887.00    0.4394558710E+00
   1888.00    0.4393332988E+00
   1889.00    0.4392089246E+00
   1890.00    0.4390827803E+00
   1891.00    0.4389548975E+00
   1892.00    0.4388253069E+00
   1893.00    0.4386940388E+00
   1894.00    0.4385611229E+00
   1895.00    0.4384265884E+00
   1896.00    0.4382904640E+00
   1897.00    0.4381527778E+00
   1898.00    0.4380135575E+00
   1899.00    0.4378728302E+00
   1900.00    0.4377306226E+00
   1901.00    0.4375869609E+00
   1902.00    0.4374418708E+00
   1903.00    0.4372953776E+00
   1904.00    0.4371475063E+00
   1905.00    0.4369982811E+00
   1906.00    0.4368477260E+00
   1907.00    0.4366958647E+00
   1908.00    0.4365427203E+00
   1909.00    0.4363883156E+00
   1910.00    0.4362326729E+00
   1911.00    0.4360758142E+00
   1912.00    0.4359177612E+00
   1913.00    0.4357585350E+00
   1914.00    0.4355981567E+00
   1915.00    0.4354366466E+00
   1916.00    0.4352740250E+00
   1917.00    0.4351103117E+00
   1918.00    0.4349455262E+00
   1919.00    0.4347796878E+00
   1920.00    0.4346128153E+00
   1921.00    0.4344449272E+00
   1922.00    0.4342760418E+00
   1923.00    0.4341061770E+00
   1924.00    0.4339353504E+00
   1925.00    0.4337635795E+00
   1926.00    0.4335908813E+00
   1927.00    0.4334172725E+00
   1928.00    0.4332427698E+00
   1929.00    0.4330673893E+00
   1930.00    0.4328911470E+00
   1931.00    0.4327140586E+00
   1932.00    0.4325361397E+00
   1933.00    0.4323574054E+00
   1934.00    0.4321778708E+00
   1935.00    0.4319975504E+00
   1936.00    0.4318164589E+00
   1937.00    0.4316346106E+00
   1938.00    0.4314520194E+00
   1939.00    0.4312686992E+00
   1940.00    0.4310846635E+00
   1941.00    0.4308999259E+00
   1942.00    0.4307144993E+00
   1943.00    0.4305283969E+00
   1944.00    0.4303416313E+00
   1945.00    0.4301542152E+00
   1946.00    0.4299661609E+00
   1947.00    0.4297774806E+00
   1948.00    0.4295881862E+00
   1949.00    0.4293982896E+00
   1950.00    0.4292078023E+00
   1951.00    0.4290167359E+00
   1952.00    0.4288251016E+00
   1953.00    0.4286329105E+00
   1954.00    0.4284401734E+00
   1955.00    0.4282469012E+00
   1956.00    0.4280531044E+00
   1957.00    0.4278587935E+00
   1958.00    0.4276639788E+00
   1959.00    0.4274686702E+00
   1960.00    0.4272728779E+00
   1961.00    0.4270766116E+00
   1962.00    0.4268798809E+00
   1963.00    0.4266826955E+00
   1964.00    0.4264850646E+00
   1965.00    0.4262869975E+00
   1966.00    0.4260885033E+00
   1967.00    0.4258895910E+00
   1968.00    0.4256902694E+00
   1969.00    0.4254905471E+00
   1970.00    0.4252904327E+00
   1971.00    0.4250899348E+00
   1972.00    0.4248890615E+00
   1973.00    0.4246878211E+00
   1974.00    0.4244862217E+00
   1975.00    0.4242842712E+00
   1976.00    0.4240819774E+00
   1977.00    0.4238793481E+00
   1978.00    0.4236763909E+00
   1979.00    0.4234731132E+00
   1980.00    0.4232695225E+00
   1981.00    0.4230656261E+00
   1982.00    0.4228614310E+00
   1983.00    0.4226569445E+00
   1984.00    0.4224521734E+00
   1985.00    0.4222471246E+00
   1986.00    0.4220418050E+00
   1987.00    0.4218362211E+00
   1988.00    0.4216303795E+00
   1989.00    0.4214242868E+00
   1990.00    0.4212179493E+00
   1991.00    0.4210113732E+00
   1992.00    0.4208045649E+00
   1993.00    0.4205975305E+00
   1994.00    0.4203902759E+00
   1995.00    0.4201828071E+00
   1996.00    0.4199751301E+00
   1997.00    0.4197672504E+00
   1998.00    0.4195591740E+00
   1999.00    0.4193509063E+00
   2000.00    0.4191424529E+00
   2001.00    0.4189338193E+00
   2002.00    0.4187250108E+00
   2003.00    0.4185160328E+00
   2004.00    0.4183068905E+00
   2005.00    0.4180975891E+00
   2006.00    0.4178881336E+00
   2007.00    0.4176785290E+00
   2008.00    0.4174687804E+00
   2009.00    0.4172588925E+00
   2010.00    0.4170488702E+00
   2011.00    0.4168387183E+00
   2012.00    0.4166284414E+00
   2013.00    0.4164180441E+00
   2014.00    0.4162075310E+00
   2015.00    0.4159969065E+00
   2016.00    0.4157861752E+00
   2017.00    0.4155753412E+00
   2018.00    0.4153644091E+00
   2019.00    0.4151533829E+00
   2020.00    0.4149422669E+00
   2021.00    0.4147310652E+00
   2022.00    0.4145197819E+00
   2023.00    0.4143084210E+00
   2024.00    0.4140969865E+00
   2025.00    0.4138854822E+00
   2026.00    0.4136739120E+00
   2027.00    0.4134622798E+00
   2028.00    0.4132505892E+00
   2029.00    0.4130388440E+00
   2030.00    0.4128270478E+00
   2031.00    0.4126152042E+00
   2032.00    0.4124033168E+00
   2033.00    0.4121913890E+00
   2034.00    0.4119794244E+00
   2035.00    0.4117674263E+00
   2036.00    0.4115553980E+00
   2037.00    0.4113433430E+00
   2038.00    0.4111312645E+00
   2039.00    0.4109191657E+00
   2040.00    0.4107070497E+00
   2041.00    0.4104949198E+00
   2042.00    0.4102827790E+00
   2043.00    0.4100706304E+00
   2044.00    0.4098584770E+00
   2045.00    0.4096463218E+00
   2046.00    0.4094341677E+00
   2047.00    0.4092220177E+00
   2048.00    0.4090098745E+00
   2049.00    0.4087977410E+00
   2050.00    0.4085856199E+00
   2051.00    0.4083735141E+00
   2052.00    0.4081614262E+00
   2053.00    0.4079493590E+00
   2054.00    0.4077373150E+00
   2055.00    0.4075252968E+00
   2056.00    0.4073133070E+00
   2057.00    0.4071013482E+00
   2058.00    0.4068894228E+00
   2059.00    0.4066775334E+00
   2060.00    0.4064656823E+00
   2061.00    0.4062538720E+00
   2062.00    0.4060421048E+00
   2063.00    0.4058303830E+00
   2064.00    0.4056187090E+00
   2065.00    0.4054070851E+00
   2066.00    0.4051955135E+00
   2067.00    0.4049839964E+00
   2068.00    0.4047725360E+00
   2069.00    0.4045611344E+00
   2070.00    0.4043497939E+00
   2071.00    0.4041385165E+00
   2072.00    0.4039273042E+00
   2073.00    0.4037161592E+00
   2074.00    0.4035050835E+00
   2075.00    0.4032940790E+00
   2076.00    0.4030831477E+00
   2077.00    0.4028722915E+00
   2078.00    0.4026615125E+00
   2079.00    0.4024508124E+00
   2080.00    0.4022401932E+00
   2081.00    0.4020296566E+00
   2082.00    0.4018192046E+00
   2083.00    0.4016088389E+00
   2084.00    0.4013985612E+00
   2085.00    0.4011883734E+00
   2086.00    0.4009782771E+00
   2087.00    0.4007682741E+00
   2088.00    0.4005583661E+00
   2089.00    0.4003485546E+00
   2090.00    0.4001388414E+00
   2091.00    0.3999292280E+00
   2092.00    0.3997197161E+00
   2093.00    0.3995103072E+00
   2094.00    0.3993010029E+00
   2095.00    0.3990918047E+00
   2096.00    0.3988827142E+00
   2097.00    0.3986737328E+00
   2098.00    0.3984648620E+00
   2099.00    0.3982561032E+00
   2100.00    0.3980474580E+00
   2101.00    0.3978389277E+00
   2102.00    0.3976305137E+00
   2103.00    0.3974222174E+00
   2104.00    0.3972140402E+00
   2105.00    0.3970059834E+00
   2106.00    0.3967980484E+00
   2107.00    0.3965902364E+00
   2108.00    0.3963825488E+00
   2109.00    0.3961749869E+00
   2110.00    0.3959675518E+00
   2111.00    0.3957602448E+00
   2112.00    0.3955530673E+00
   2113.00    0.3953460203E+00
   2114.00    0.3951391052E+00
   2115.00    0.3949323230E+00
   2116.00    0.3947256749E+00
   2117.00    0.3945191622E+00
   2118.00    0.3943127858E+00
   2119.00    0.3941065471E+00
   2120.00    0.3939004470E+00
   2121.00    0.3936944866E+00
   2122.00    0.3934886671E+00
   2123.00    0.3932829896E+00
   2124.00    0.3930774549E+00
   2125.00    0.3928720643E+00
   2126.00    0.3926668187E+00
   2127.00    0.3924617192E+00
   2128.00    0.3922567667E+00
   2129.00    0.3920519622E+00
   2130.00    0.3918473067E+00
   2131.00    0.3916428012E+00
   2132.00    0.3914384466E+00
   2133.00    0.3912342439E+00
   2134.00    0.3910301939E+00
   2135.00    0.3908262977E+00
   2136.00    0.3906225560E+00
   2137.00    0.3904189699E+00
   2138.00    0.3902155401E+00
   2139.00    0.3900122675E+00
   2140.00    0.3898091530E+00
   2141.00    0.3896061975E+00
   2142.00    0.3894034017E+00
   2143.00    0.3892007666E+00
   2144.00    0.3889982929E+00
   2145.00    0.3887959813E+00
   2146.00    0.3885938328E+00
   2147.00    0.3883918481E+00
   2148.00    0.3881900280E+00
   2149.00    0.3879883732E+00
   2150.00    0.3877868845E+00
   2151.00    0.3875855626E+00
   2152.00    0.3873844083E+00
   2153.00    0.3871834223E+00
   2154.00    0.3869826053E+00
   2155.00    0.3867819580E+00
   2156.00    0.3865814812E+00
   2157.00    0.3863811755E+00
   2158.00    0.3861810415E+00
   2159.00    0.3859810800E+00
   2160.00    0.3857812917E+00
   2161.00    0.3855816771E+00
   2162.00    0.3853822370E+00
   2163.00    0.3851829719E+00
   2164.00    0.3849838826E+00
   2165.00    0.3847849696E+00
   2166.00    0.3845862335E+00
   2167.00    0.3843876750E+00
   2168.00    0.3841892946E+00
   2169.00    0.3839910930E+00
   2170.00    0.3837930707E+00
   2171.00    0.3835952283E+00
   2172.00    0.3833975665E+00
   2173.00    0.3832000856E+00
   2174.00    0.3830027864E+00
   2175.00    0.3828056694E+00
   2176.00    0.3826087350E+00
   2177.00    0.3824119839E+00
   2178.00    0.3822154166E+00
   2179.00    0.3820190335E+00
   2180.00    0.3818228353E+00
   2181.00    0.3816268224E+00
   2182.00    0.3814309953E+00
   2183.00    0.3812353545E+00
   2184.00    0.3810399006E+00
   2185.00    0.3808446340E+00
   2186.00    0.3806495552E+00
   2187.00    0.3804546646E+00
   2188.00    0.3802599628E+00
   2189.00    0.3800654502E+00
   2190.00    0.3798711272E+00
   2191.00    0.3796769944E+00
   2192.00    0.3794830521E+00
   2193.00    0.3792893008E+00
   2194.00    0.3790957410E+00
   2195.00    0.3789023730E+00
   2196.00    0.3787091973E+00
   2197.00    0.3785162144E+00
   2198.00    0.3783234246E+00
   2199.00    0.3781308283E+00
   2200.00    0.3779384260E+00
   2201.00    0.3777462181E+00
   2202.00    0.3775542049E+00
   2203.00    0.3773623868E+00
   2204.00    0.3771707644E+00
   2205.00    0.3769793378E+00
   2206.00    0.3767881075E+00
   2207.00    0.3765970740E+00
   2208.00    0.3764062375E+00
   2209.00    0.3762155984E+00
   2210.00    0.3760251571E+00
   2211.00    0.3758349139E+00
   2212.00    0.3756448692E+00
   2213.00    0.3754550234E+00
   2214.00    0.3752653768E+00
   2215.00    0.3750759297E+00
   2216.00    0.3748866826E+00
   2217.00    0.3746976356E+00
   2218.00    0.3745087892E+00
   2219.00    0.3743201437E+00
   2220.00    0.3741316994E+00
   2221.00    0.3739434566E+00
   2222.00    0.3737554157E+00
   2223.00    0.3735675769E+00
   2224.00    0.3733799406E+00
   2225.00    0.3731925071E+00
   2226.00    0.3730052768E+00
   2227.00    0.3728182498E+00
   2228.00    0.3726314265E+00
   2229.00    0.3724448072E+00
   2230.00    0.3722583922E+00
   2231.00    0.3720721818E+00
   2232.00    0.3718861763E+00
   2233.00    0.3717003759E+00
   2234.00    0.3715147810E+00
   2235.00    0.3713293918E+00
   2236.00    0.3711442086E+00
   2237.00    0.3709592316E+00
   2238.00    0.3707744613E+00
   2239.00    0.3705898977E+00
   2240.00    0.3704055413E+00
   2241.00    0.3702213922E+00
   2242.00    0.3700374507E+00
   2243.00    0.3698537171E+00
   2244.00    0.3696701917E+00
   2245.00    0.3694868746E+00
   2246.00    0.3693037662E+00
   2247.00    0.3691208667E+00
   2248.00    0.3689381764E+00
   2249.00    0.3687556955E+00
   2250.00    0.3685734242E+00
   2251.00    0.3683913629E+00
   2252.00    0.3682095116E+00
   2253.00    0.3680278708E+00
   2254.00    0.3678464406E+00
   2255.00    0.3676652212E+00
   2256.00    0.3674842130E+00
   2257.00    0.3673034161E+00
   2258.00    0.3671228308E+00
   2259.00    0.3669424572E+00
   2260.00    0.3667622957E+00
   2261.00    0.3665823465E+00
   2262.00    0.3664026097E+00
   2263.00    0.3662230857E+00
   2264.00    0.3660437746E+00
   2265.00    0.3658646766E+00
   2266.00    0.3656857921E+00
   2267.00    0.3655071211E+00
   2268.00    0.3653286640E+00
   2269.00    0.3651504209E+00
   2270.00    0.3649723921E+00
   2271.00    0.3647945778E+00
   2272.00    0.3646169782E+00
   2273.00    0.3644395934E+00
   2274.00    0.3642624239E+00
   2275.00    0.3640854696E+00
   2276.00    0.3639087309E+00
   2277.00    0.3637322080E+00
   2278.00    0.3635559010E+00
   2279.00    0.3633798102E+00
   2280.00    0.3632039358E+00
   2281.00    0.3630282780E+00
   2282.00    0.3628528371E+00
   2283.00    0.3626776131E+00
   2284.00    0.3625026064E+00
   2285.00    0.3623278171E+00
   2286.00    0.3621532454E+00
   2287.00    0.3619788916E+00
   2288.00    0.3618047558E+00
   2289.00    0.3616308383E+00
   2290.00    0.3614571392E+00
   2291.00    0.3612836588E+00
   2292.00    0.3611103973E+00
   2293.00    0.3609373548E+00
   2294.00    0.3607645316E+00
   2295.00    0.3605919279E+00
   2296.00    0.3604195438E+00
   2297.00    0.3602473797E+00
   2298.00    0.3600754356E+00
   2299.00    0.3599037118E+00
   2300.00    0.3597322085E+00
   2301.00    0.3595609259E+00
   2302.00    0.3593898642E+00
   2303.00    0.3592190236E+00
   2304.00    0.3590484043E+00
   2305.00    0.3588780065E+00
   2306.00    0.3587078304E+00
   2307.00    0.3585378762E+00
   2308.00    0.3583681442E+00
   2309.00    0.3581986344E+00
   2310.00    0.3580293473E+00
   2311.00    0.3578602828E+00
   2312.00    0.3576914413E+00
   2313.00    0.3575228229E+00
   2314.00    0.3573544279E+00
   2315.00    0.3571862564E+00
   2316.00    0.3570183087E+00
   2317.00    0.3568505850E+00
   2318.00    0.3566830855E+00
   2319.00    0.3565158104E+00
   2320.00    0.3563487599E+00
   2321.00    0.3561819342E+00
   2322.00    0.3560153335E+00
   2323.00    0.3558489581E+00
   2324.00    0.3556828081E+00
   2325.00    0.3555168838E+00
   2326.00    0.3553511854E+00
   2327.00    0.3551857131E+00
   2328.00    0.3550204671E+00
   2329.00    0.3548554476E+00
   2330.00    0.3546906549E+00
   2331.00    0.3545260892E+00
   2332.00    0.3543617507E+00
   2333.00    0.3541976396E+00
   2334.00    0.3540337561E+00
   2335.00    0.3538701005E+00
   2336.00    0.3537066730E+00
   2337.00    0.3535434738E+00
   2338.00    0.3533805031E+00
   2339.00    0.3532177613E+00
   2340.00    0.3530552484E+00
   2341.00    0.3528929648E+00
   2342.00    0.3527309106E+00
   2343.00    0.3525690862E+00
   2344.00    0.3524074917E+00
   2345.00    0.3522461274E+00
   2346.00    0.3520849935E+00
   2347.00    0.3519240902E+00
   2348.00    0.3517634179E+00
   2349.00    0.3516029767E+00
   2350.00    0.3514427669E+00
   2351.00    0.3512827888E+00
   2352.00    0.3511230425E+00
   2353.00    0.3509635284E+00
   2354.00    0.3508042466E+00
   2355.00    0.3506451976E+00
   2356.00    0.3504863814E+00
   2357.00    0.3503277984E+00
   2358.00    0.3501694488E+00
   2359.00    0.3500113328E+00
   2360.00    0.3498534509E+00
   2361.00    0.3496958031E+00
   2362.00    0.3495383899E+00
   2363.00    0.3493812113E+00
   2364.00    0.3492242679E+00
   2365.00    0.3490675597E+00
   2366.00    0.3489110870E+00
   2367.00    0.3487548503E+00
   2368.00    0.3485988496E+00
   2369.00    0.3484430854E+00
   2370.00    0.3482875579E+00
   2371.00    0.3481322674E+00
   2372.00    0.3479772142E+00
   2373.00    0.3478223985E+00
   2374.00    0.3476678207E+00
   2375.00    0.3475134811E+00
   2376.00    0.3473593799E+00
   2377.00    0.3472055175E+00
   2378.00    0.3470518942E+00
   2379.00    0.3468985102E+00
   2380.00    0.3467453660E+00
   2381.00    0.3465924618E+00
   2382.00    0.3464397979E+00
   2383.00    0.3462873746E+00
   2384.00    0.3461351923E+00
   2385.00    0.3459832513E+00
   2386.00    0.3458315519E+00
   2387.00    0.3456800944E+00
   2388.00    0.3455288792E+00
   2389.00    0.3453779067E+00
   2390.00    0.3452271771E+00
   2391.00    0.3450766908E+00
   2392.00    0.3449264481E+00
   2393.00    0.3447764494E+00
   2394.00    0.3446266951E+00
   2395.00    0.3444771855E+00
   2396.00    0.3443279209E+00
   2397.00    0.3441789017E+00
   2398.00    0.3440301284E+00
   2399.00    0.3438816011E+00
   2400.00    0.3437333204E+00
   2401.00    0.3435852867E+00
   2402.00    0.3434375001E+00
   2403.00    0.3432899613E+00
   2404.00    0.3431426705E+00
   2405.00    0.3429956281E+00
   2406.00    0.3428488346E+00
   2407.00    0.3427022903E+00
   2408.00    0.3425559956E+00
   2409.00    0.3424099510E+00
   2410.00    0.3422641568E+00
   2411.00    0.3421186134E+00
   2412.00    0.3419733214E+00
   2413.00    0.3418282810E+00
   2414.00    0.3416834927E+00
   2415.00    0.3415389570E+00
   2416.00    0.3413946743E+00
   2417.00    0.3412506450E+00
   2418.00    0.3411068695E+00
   2419.00    0.3409633483E+00
   2420.00    0.3408200819E+00
   2421.00    0.3406770707E+00
   2422.00    0.3405343152E+00
   2423.00    0.3403918158E+00
   2424.00    0.3402495729E+00
   2425.00    0.3401075872E+00
   2426.00    0.3399658590E+00
   2427.00    0.3398243888E+00
   2428.00    0.3396831771E+00
   2429.00    0.3395422245E+00
   2430.00    0.3394015313E+00
   2431.00    0.3392610981E+00
   2432.00    0.3391209254E+00
   2433.00    0.3389810138E+00
   2434.00    0.3388413636E+00
   2435.00    0.3387019756E+00
   2436.00    0.3385628500E+00
   2437.00    0.3384239876E+00
   2438.00    0.3382853889E+00
   2439.00    0.3381470543E+00
   2440.00    0.3380089844E+00
   2441.00    0.3378711799E+00
   2442.00    0.3377336411E+00
   2443.00    0.3375963688E+00
   2444.00    0.3374593634E+00
   2445.00    0.3373226256E+00
   2446.00    0.3371861559E+00
   2447.00    0.3370499549E+00
   2448.00    0.3369140232E+00
   2449.00    0.3367783614E+00
   2450.00    0.3366429701E+00
   2451.00    0.3365078499E+00
   2452.00    0.3363730014E+00
   2453.00    0.3362384253E+00
   2454.00    0.3361041221E+00
   2455.00    0.3359700926E+00
   2456.00    0.3358363373E+00
   2457.00    0.3357028569E+00
   2458.00    0.3355696520E+00
   2459.00    0.3354367233E+00
   2460.00    0.3353040715E+00
   2461.00    0.3351716973E+00
   2462.00    0.3350396013E+00
   2463.00    0.3349077841E+00
   2464.00    0.3347762466E+00
   2465.00    0.3346449894E+00
   2466.00    0.3345140132E+00
   2467.00    0.3343833187E+00
   2468.00    0.3342529066E+00
   2469.00    0.3341227777E+00
   2470.00    0.3339929328E+00
   2471.00    0.3338633724E+00
   2472.00    0.3337340975E+00
   2473.00    0.3336051087E+00
   2474.00    0.3334764068E+00
   2475.00    0.3333479926E+00
   2476.00    0.3332198669E+00
   2477.00    0.3330920305E+00
   2478.00    0.3329644841E+00
   2479.00    0.3328372286E+00
   2480.00    0.3327102648E+00
   2481.00    0.3325835934E+00
   2482.00    0.3324572154E+00
   2483.00    0.3323311315E+00
   2484.00    0.3322053427E+00
   2485.00    0.3320798497E+00
   2486.00    0.3319546534E+00
   2487.00    0.3318297547E+00
   2488.00    0.3317051545E+00
   2489.00    0.3315808537E+00
   2490.00    0.3314568531E+00
   2491.00    0.3313331537E+00
   2492.00    0.3312097563E+00
   2493.00    0.3310866620E+00
   2494.00    0.3309638716E+00
   2495.00    0.3308413861E+00
   2496.00    0.3307192065E+00
   2497.00    0.3305973336E+00
   2498.00    0.3304757685E+00
   2499.00    0.3303545122E+00
   2500.00    0.3302335657E+00
   2501.00    0.3301129299E+00
   2502.00    0.3299926058E+00
   2503.00    0.3298725946E+00
   2504.00    0.3297528971E+00
   2505.00    0.3296335146E+00
   2506.00    0.3295144479E+00
   2507.00    0.3293956983E+00
   2508.00    0.3292772667E+00
   2509.00    0.3291591542E+00
   2510.00    0.3290413620E+00
   2511.00    0.3289238912E+00
   2512.00    0.3288067428E+00
   2513.00    0.3286899180E+00
   2514.00    0.3285734180E+00
   2515.00    0.3284572439E+00
   2516.00    0.3283413969E+00
   2517.00    0.3282258781E+00
   2518.00    0.3281106887E+00
   2519.00    0.3279958300E+00
   2520.00    0.3278813031E+00
   2521.00    0.3277671094E+00
   2522.00    0.3276532499E+00
   2523.00    0.3275397260E+00
   2524.00    0.3274265390E+00
   2525.00    0.3273136901E+00
   2526.00    0.3272011805E+00
   2527.00    0.3270890117E+00
   2528.00    0.3269771849E+00
   2529.00    0.3268657015E+00
   2530.00    0.3267545628E+00
   2531.00    0.3266437701E+00
   2532.00    0.3265333249E+00
   2533.00    0.3264232285E+00
   2534.00    0.3263134823E+00
   2535.00    0.3262040878E+00
   2536.00    0.3260950463E+00
   2537.00    0.3259863594E+00
   2538.00    0.3258780284E+00
   2539.00    0.3257700548E+00
   2540.00    0.3256624402E+00
   2541.00    0.3255551860E+00
   2542.00    0.3254482938E+00
   2543.00    0.3253417651E+00
   2544.00    0.3252356014E+00
   2545.00    0.3251298043E+00
   2546.00    0.3250243755E+00
   2547.00    0.3249193164E+00
   2548.00    0.3248146288E+00
   2549.00    0.3247103142E+00
   2550.00    0.3246063743E+00
   2551.00    0.3245028108E+00
   2552.00    0.3243996253E+00
   2553.00    0.3242968196E+00
   2554.00    0.3241943954E+00
   2555.00    0.3240923544E+00
   2556.00    0.3239906984E+00
   2557.00    0.3238894291E+00
   2558.00    0.3237885484E+00
   2559.00    0.3236880580E+00
   2560.00    0.3235879599E+00
   2561.00    0.3234882557E+00
   2562.00    0.3233889475E+00
   2563.00    0.3232900371E+00
   2564.00    0.3231915264E+00
   2565.00    0.3230934174E+00
   2566.00    0.3229957120E+00
   2567.00    0.3228984121E+00
   2568.00    0.3228015198E+00
   2569.00    0.3227050370E+00
   2570.00    0.3226089659E+00
   2571.00    0.3225133084E+00
   2572.00    0.3224180667E+00
   2573.00    0.3223232428E+00
   2574.00    0.3222288389E+00
   2575.00    0.3221348571E+00
   2576.00    0.3220412996E+00
   2577.00    0.3219481685E+00
   2578.00    0.3218554661E+00
   2579.00    0.3217631947E+00
   2580.00    0.3216713564E+00
   2581.00    0.3215799536E+00
   2582.00    0.3214889886E+00
   2583.00    0.3213984637E+00
   2584.00    0.3213083813E+00
   2585.00    0.3212187437E+00
   2586.00    0.3211295534E+00
   2587.00    0.3210408129E+00
   2588.00    0.3209525245E+00
   2589.00    0.3208646907E+00
   2590.00    0.3207773142E+00
   2591.00    0.3206903974E+00
   2592.00    0.3206039429E+00
   2593.00    0.3205179533E+00
   2594.00    0.3204324312E+00
   2595.00    0.3203473794E+00
   2596.00    0.3202628004E+00
   2597.00    0.3201786970E+00
   2598.00    0.3200950720E+00
   2599.00    0.3200119280E+00
   2600.00    0.3199292680E+00
   2601.00    0.3198470948E+00
   2602.00    0.3197654112E+00
   2603.00    0.3196842201E+00
   2604.00    0.3196035245E+00
   2605.00    0.3195233273E+00
   2606.00    0.3194436315E+00
   2607.00    0.3193644402E+00
   2608.00    0.3192857564E+00
   2609.00    0.3192075832E+00
   2610.00    0.3191299238E+00
   2611.00    0.3190527813E+00
   2612.00    0.3189761589E+00
   2613.00    0.3189000599E+00
   2614.00    0.3188244875E+00
   2615.00    0.3187494450E+00
   2616.00    0.3186749359E+00
   2617.00    0.3186009634E+00
   2618.00    0.3185275310E+00
   2619.00    0.3184546422E+00
   2620.00    0.3183823005E+00
   2621.00    0.3183105094E+00
   2622.00    0.3182392724E+00
   2623.00    0.3181685933E+00
   2624.00    0.3180984757E+00
   2625.00    0.3180289233E+00
   2626.00    0.3179599398E+00
   2627.00    0.3178915290E+00
   2628.00    0.3178236948E+00
   2629.00    0.3177564410E+00
   2630.00    0.3176897715E+00
   2631.00    0.3176236904E+00
   2632.00    0.3175582017E+00
   2633.00    0.3174933093E+00
   2634.00    0.3174290174E+00
   2635.00    0.3173653302E+00
   2636.00    0.3173022519E+00
   2637.00    0.3172397867E+00
   2638.00    0.3171779388E+00
   2639.00    0.3171167128E+00
   2640.00    0.3170561129E+00
   2641.00    0.3169961436E+00
   2642.00    0.3169368094E+00
   2643.00    0.3168781149E+00
   2644.00    0.3168200647E+00
   2645.00    0.3167626634E+00
   2646.00    0.3167059158E+00
   2647.00    0.3166498266E+00
   2648.00    0.3165944007E+00
   2649.00    0.3165396430E+00
   2650.00    0.3164855584E+00
   2651.00    0.3164321520E+00
   2652.00    0.3163794287E+00
   2653.00    0.3163273937E+00
   2654.00    0.3162760522E+00
   2655.00    0.3162254095E+00
   2656.00    0.3161754708E+00
   2657.00    0.3161262416E+00
   2658.00    0.3160777273E+00
   2659.00    0.3160299333E+00
   2660.00    0.3159828654E+00
   2661.00    0.3159365290E+00
   2662.00    0.3158909299E+00
   2663.00    0.3158460740E+00
   2664.00    0.3158019670E+00
   2665.00    0.3157586149E+00
   2666.00    0.3157160236E+00
   2667.00    0.3156741993E+00
   2668.00    0.3156331480E+00
   2669.00    0.3155928761E+00
   2670.00    0.3155533897E+00
   2671.00    0.3155146953E+00
   2672.00    0.3154767994E+00
   2673.00    0.3154397083E+00
   2674.00    0.3154034289E+00
   2675.00    0.3153679677E+00
   2676.00    0.3153333315E+00
   2677.00    0.3152995272E+00
   2678.00    0.3152665618E+00
   2679.00    0.3152344423E+00
   2680.00    0.3152031758E+00
   2681.00    0.3151727695E+00
   2682.00    0.3151432308E+00
   2683.00    0.3151145671E+00
   2684.00    0.3150867857E+00
   2685.00    0.3150598945E+00
   2686.00    0.3150339009E+00
   2687.00    0.3150088128E+00
   2688.00    0.3149846382E+00
   2689.00    0.3149613849E+00
   2690.00    0.3149390611E+00
   2691.00    0.3149176749E+00
   2692.00    0.3148972347E+00
   2693.00    0.3148777489E+00
   2694.00    0.3148592260E+00
   2695.00    0.3148416746E+00
   2696.00    0.3148251035E+00
   2697.00    0.3148095215E+00
   2698.00    0.3147949376E+00
   2699.00    0.3147813609E+00
   2700.00    0.3147688006E+00
   2701.00    0.3147572660E+00
   2702.00    0.3147467665E+00
   2703.00    0.3147373119E+00
   2704.00    0.3147289117E+00
   2705.00    0.3147215758E+00
   2706.00    0.3147153142E+00
   2707.00    0.3147101370E+00
   2708.00    0.3147060544E+00
   2709.00    0.3147030767E+00
   2710.00    0.3147012146E+00
   2711.00    0.3147004787E+00
   2712.00    0.3147008798E+00
   2713.00    0.3147024287E+00
   2714.00    0.3147051367E+00
   2715.00    0.3147090150E+00
   2716.00    0.3147140749E+00
   2717.00    0.3147203281E+00
   2718.00    0.3147277863E+00
   2719.00    0.3147364613E+00
   2720.00    0.3147463652E+00
   2721.00    0.3147575102E+00
   2722.00    0.3147699087E+00
   2723.00    0.3147835733E+00
   2724.00    0.3147985166E+00
   2725.00    0.3148147517E+00
   2726.00    0.3148322915E+00
   2727.00    0.3148511494E+00
   2728.00    0.3148713388E+00
   2729.00    0.3148928735E+00
   2730.00    0.3149157671E+00
   2731.00    0.3149400339E+00
   2732.00    0.3149656879E+00
   2733.00    0.3149927438E+00
   2734.00    0.3150212161E+00
   2735.00    0.3150511197E+00
   2736.00    0.3150824698E+00
   2737.00    0.3151152815E+00
   2738.00    0.3151495704E+00
   2739.00    0.3151853523E+00
   2740.00    0.3152226432E+00
   2741.00    0.3152614592E+00
   2742.00    0.3153018169E+00
   2743.00    0.3153437329E+00
   2744.00    0.3153872241E+00
   2745.00    0.3154323078E+00
   2746.00    0.3154790014E+00
   2747.00    0.3155273225E+00
   2748.00    0.3155772893E+00
   2749.00    0.3156289198E+00
   2750.00    0.3156822327E+00
   2751.00    0.3157372467E+00
   2752.00    0.3157939808E+00
   2753.00    0.3158524545E+00
   2754.00    0.3159126874E+00
   2755.00    0.3159746995E+00
   2756.00    0.3160385110E+00
   2757.00    0.3161041425E+00
   2758.00    0.3161716148E+00
   2759.00    0.3162409493E+00
   2760.00    0.3163121673E+00
   2761.00    0.3163852909E+00
   2762.00    0.3164603422E+00
   2763.00    0.3165373437E+00
   2764.00    0.3166163184E+00
   2765.00    0.3166972896E+00
   2766.00    0.3167802808E+00
   2767.00    0.3168653161E+00
   2768.00    0.3169524199E+00
   2769.00    0.3170416169E+00
   2770.00    0.3171329323E+00
   2771.00    0.3172263917E+00
   2772.00    0.3173220211E+00
   2773.00    0.3174198469E+00
   2774.00    0.3175198958E+00
   2775.00    0.3176221952E+00
   2776.00    0.3177267727E+00
   2777.00    0.3178336565E+00
   2778.00    0.3179428753E+00
   2779.00    0.3180544580E+00
   2780.00    0.3181684343E+00
   2781.00    0.3182848342E+00
   2782.00    0.3184036882E+00
   2783.00    0.3185250274E+00
   2784.00    0.3186488834E+00
   2785.00    0.3187752883E+00
   2786.00    0.3189042746E+00
   2787.00    0.3190358756E+00
   2788.00    0.3191701250E+00
   2789.00    0.3193070571E+00
   2790.00    0.3194467069E+00
   2791.00    0.3195891097E+00
   2792.00    0.3197343018E+00
   2793.00    0.3198823198E+00
   2794.00    0.3200332011E+00
   2795.00    0.3201869837E+00
   2796.00    0.3203437062E+00
   2797.00    0.3205034079E+00
   2798.00    0.3206661290E+00
   2799.00    0.3208319100E+00
   2800.00    0.3210007924E+00
   2801.00    0.3211728185E+00
   2802.00    0.3213480310E+00
   2803.00    0.3215264737E+00
   2804.00    0.3217081910E+00
   2805.00    0.3218932281E+00
   2806.00    0.3220816312E+00
   2807.00    0.3222734471E+00
   2808.00    0.3224687235E+00
   2809.00    0.3226675091E+00
   2810.00    0.3228698534E+00
   2811.00    0.3230758066E+00
   2812.00    0.3232854203E+00
   2813.00    0.3234987466E+00
   2814.00    0.3237158387E+00
   2815.00    0.3239367510E+00
   2816.00    0.3241615385E+00
   2817.00    0.3243902577E+00
   2818.00    0.3246229657E+00
   2819.00    0.3248597211E+00
   2820.00    0.3251005833E+00
   2821.00    0.3253456130E+00
   2822.00    0.3255948719E+00
   2823.00    0.3258484231E+00
   2824.00    0.3261063307E+00
   2825.00    0.3263686602E+00
   2826.00    0.3266354783E+00
   2827.00    0.3269068529E+00
   2828.00    0.3271828533E+00
   2829.00    0.3274635503E+00
   2830.00    0.3277490159E+00
   2831.00    0.3280393237E+00
   2832.00    0.3283345485E+00
   2833.00    0.3286347668E+00
   2834.00    0.3289400566E+00
   2835.00    0.3292504974E+00
   2836.00    0.3295661704E+00
   2837.00    0.3298871583E+00
   2838.00    0.3302135456E+00
   2839.00    0.3305454186E+00
   2840.00    0.3308828651E+00
   2841.00    0.3312259750E+00
   2842.00    0.3315748399E+00
   2843.00    0.3319295533E+00
   2844.00    0.3322902106E+00
   2845.00    0.3326569094E+00
   2846.00    0.3330297493E+00
   2847.00    0.3334088318E+00
   2848.00    0.3337942607E+00
   2849.00    0.3341861420E+00
   2850.00    0.3345845841E+00
   2851.00    0.3349896974E+00
   2852.00    0.3354015951E+00
   2853.00    0.3358203925E+00
   2854.00    0.3362462076E+00
   2855.00    0.3366791609E+00
   2856.00    0.3371193756E+00
   2857.00    0.3375669777E+00
   2858.00    0.3380220958E+00
   2859.00    0.3384848615E+00
   2860.00    0.3389554092E+00
   2861.00    0.3394338767E+00
   2862.00    0.3399204045E+00
   2863.00    0.3404151364E+00
   2864.00    0.3409182196E+00
   2865.00    0.3414298046E+00
   2866.00    0.3419500454E+00
   2867.00    0.3424790995E+00
   2868.00    0.3430171280E+00
   2869.00    0.3435642960E+00
   2870.00    0.3441207723E+00
   2871.00    0.3446867298E+00
   2872.00    0.3452623452E+00
   2873.00    0.3458477999E+00
   2874.00    0.3464432792E+00
   2875.00    0.3470489731E+00
   2876.00    0.3476650762E+00
   2877.00    0.3482917877E+00
   2878.00    0.3489293117E+00
   2879.00    0.3495778575E+00
   2880.00    0.3502376393E+00
   2881.00    0.3509088767E+00
   2882.00    0.3515917950E+00
   2883.00    0.3522866248E+00
   2884.00    0.3529936028E+00
   2885.00    0.3537129715E+00
   2886.00    0.3544449797E+00
   2887.00    0.3551898826E+00
   2888.00    0.3559479418E+00
   2889.00    0.3567194258E+00
   2890.00    0.3575046101E+00
   2891.00    0.3583037774E+00
   2892.00    0.3591172179E+00
   2893.00    0.3599452292E+00
   2894.00    0.3607881173E+00
   2895.00    0.3616461960E+00
   2896.00    0.3625197876E+00
   2897.00    0.3634092233E+00
   2898.00    0.3643148432E+00
   2899.00    0.3652369967E+00
   2900.00    0.3661760429E+00
   2901.00    0.3671323507E+00
   2902.00    0.3681062995E+00
   2903.00    0.3690982791E+00
   2904.00    0.3701086904E+00
   2905.00    0.3711379458E+00
   2906.00    0.3721864692E+00
   2907.00    0.3732546969E+00
   2908.00    0.3743430776E+00
   2909.00    0.3754520732E+00
   2910.00    0.3765821590E+00
   2911.00    0.3777338243E+00
   2912.00    0.3789075730E+00
   2913.00    0.3801039237E+00
   2914.00    0.3813234109E+00
   2915.00    0.3825665851E+00
   2916.00    0.3838340132E+00
   2917.00    0.3851262799E+00
   2918.00    0.3864439876E+00
   2919.00    0.3877877573E+00
   2920.00    0.3891582294E+00
   2921.00    0.3905560645E+00
   2922.00    0.3919819438E+00
   2923.00    0.3934365703E+00
   2924.00    0.3949206694E+00
   2925.00    0.3964349899E+00
   2926.00    0.3979803048E+00
   2927.00    0.3995574124E+00
   2928.00    0.4011671370E+00
   2929.00    0.4028103304E+00
   2930.00    0.4044878726E+00
   2931.00    0.4062006733E+00
   2932.00    0.4079496727E+00
   2933.00    0.4097358431E+00
   2934.00    0.4115601899E+00
   2935.00    0.4134237534E+00
   2936.00    0.4153276099E+00
   2937.00    0.4172728733E+00
   2938.00    0.4192606969E+00
   2939.00    0.4212922747E+00
   2940.00    0.4233688435E+00
   2941.00    0.4254916847E+00
   2942.00    0.4276621260E+00
   2943.00    0.4298815436E+00
   2944.00    0.4321513646E+00
   2945.00    0.4344730688E+00
   2946.00    0.4368481912E+00
   2947.00    0.4392783248E+00
   2948.00    0.4417651227E+00
   2949.00    0.4443103015E+00
   2950.00    0.4469156435E+00
   2951.00    0.4495830005E+00
   2952.00    0.4523142964E+00
   2953.00    0.4551115308E+00
   2954.00    0.4579767827E+00
   2955.00    0.4609122144E+00
   2956.00    0.4639200750E+00
   2957.00    0.4670027049E+00
   2958.00    0.4701625403E+00
   2959.00    0.4734021177E+00
   2960.00    0.4767240788E+00
   2961.00    0.4801311760E+00
   2962.00    0.4836262773E+00
   2963.00    0.4872123726E+00
   2964.00    0.4908925796E+00
   2965.00    0.4946701501E+00
   2966.00    0.4985484770E+00
   2967.00    0.5025311013E+00
   2968.00    0.5066217196E+00
   2969.00    0.5108241922E+00
   2970.00    0.5151425512E+00
   2971.00    0.5195810095E+00
   2972.00    0.5241439702E+00
   2973.00    0.5288360357E+00
   2974.00    0.5336620187E+00
   2975.00    0.5386269523E+00
   2976.00    0.5437361015E+00
   2977.00    0.5489949748E+00
   2978.00    0.5544093366E+00
   2979.00    0.5599852194E+00
   2980.00    0.5657289379E+00
   2981.00    0.5716471013E+00
   2982.00    0.5777466287E+00
   2983.00    0.5840347621E+00
   2984.00    0.5905190818E+00
   2985.00    0.5972075206E+00
   2986.00    0.6041083781E+00
   2987.00    0.6112303350E+00
   2988.00    0.6185824668E+00
   2989.00    0.6261742558E+00
   2990.00    0.6340156024E+00
   2991.00    0.6421168339E+00
   2992.00    0.6504887105E+00
   2993.00    0.6591424276E+00
   2994.00    0.6680896126E+00
   2995.00    0.6773423157E+00
   2996.00    0.6869129914E+00
   2997.00    0.6968144695E+00
   2998.00    0.7070599113E+00
   2999.00    0.7176627485E+00
   3000.00    0.7286365977E+00
   3001.00    0.7399951462E+00
   3002.00    0.7517520001E+00
   3003.00    0.7639204835E+00
   3004.00    0.7765133777E+00
   3005.00    0.7895425812E+00
   3006.00    0.8030186705E+00
   3007.00    0.8169503327E+00
   3008.00    0.8313436345E+00
   3009.00    0.8462010801E+00
   3010.00    0.8615203987E+00
   3011.00    0.8772929808E+00
   3012.00    0.8935018632E+00
   3013.00    0.9101191276E+00
   3014.00    0.9271025414E+00
   3015.00    0.9443912179E+00
   3016.00    0.9619000122E+00
   3017.00    0.9795123012E+00
   3018.00    0.9970707252E+00
   3019.00    0.1014365431E+01
   3020.00    0.1031119411E+01
   3021.00    0.1046970859E+01
   3022.00    0.1061453415E+01
   3023.00    0.1073977686E+01
   3024.00    0.1083823621E+01
   3025.00    0.1090168322E+01
   3026.00    0.1092210475E+01
   3027.00    0.1089542396E+01
   3028.00    0.1083141229E+01
   3029.00    0.1077869272E+01
   3030.00    0.1088379533E+01
   3031.00    0.1150958504E+01
   3032.00    0.1338596457E+01
   3033.00    0.1762757511E+01
   3034.00    0.2559467492E+01
   3035.00    0.3884908756E+01
   3036.00    0.5862403530E+01
   3037.00    0.8345137351E+01
   3038.00    0.1072213487E+02
   3039.00    0.1249814930E+02
   3040.00    0.1385853857E+02
   3041.00    0.1523269600E+02
   3042.00    0.1688202373E+02
   3043.00    0.1876756909E+02
   3044.00    0.2033016193E+02
   3045.00    0.2046733857E+02
   3046.00    0.1865915905E+02
   3047.00    0.1583519535E+02
   3048.00    0.1309821923E+02
   3049.00    0.1086542284E+02
   3050.00    0.9139225575E+01
   3051.00    0.7813640185E+01
   3052.00    0.6784888220E+01
   3053.00    0.5973622258E+01
   3054.00    0.5323003209E+01
   3055.00    0.4792831690E+01
   3056.00    0.4354497033E+01
   3057.00    0.3987359236E+01
   3058.00    0.3676289322E+01
   3059.00    0.3410016157E+01
   3060.00    0.3180010123E+01
   3061.00    0.2979720629E+01
   3062.00    0.2804047883E+01
   3063.00    0.2648971392E+01
   3064.00    0.2511284760E+01
   3065.00    0.2388403602E+01
   3066.00    0.2278224498E+01
   3067.00    0.2179020065E+01
   3068.00    0.2089359951E+01
   3069.00    0.2008050660E+01
   3070.00    0.1934089216E+01
   3071.00    0.1866627134E+01
   3072.00    0.1804942109E+01
   3073.00    0.1748415579E+01
   3074.00    0.1696514760E+01
   3075.00    0.1648778119E+01
   3076.00    0.1604803516E+01
   3077.00    0.1564238385E+01
   3078.00    0.1526771504E+01
   3079.00    0.1492125944E+01
   3080.00    0.1460052910E+01
   3081.00    0.1430326173E+01
   3082.00    0.1402736880E+01
   3083.00    0.1377088522E+01
   3084.00    0.1353191930E+01
   3085.00    0.1330860300E+01
   3086.00    0.1309904615E+01
   3087.00    0.1290130757E+01
   3088.00    0.1271341907E+01
   3089.00    0.1253355590E+01
   3090.00    0.1236059493E+01
   3091.00    0.1219568216E+01
   3092.00    0.1204641897E+01
   3093.00    0.1193773994E+01
   3094.00    0.1193863799E+01
   3095.00    0.1221635967E+01
   3096.00    0.1308041157E+01
   3097.00    0.1477260857E+01
   3098.00    0.1688085517E+01
   3099.00    0.1856180472E+01
   3100.00    0.1961847934E+01
   3101.00    0.2037386622E+01
   3102.00    0.2107193967E+01
   3103.00    0.2168496988E+01
   3104.00    0.2179799156E+01
   3105.00    0.2055461992E+01
   3106.00    0.1739805086E+01
   3107.00    0.1325168000E+01
   3108.00    0.9626211098E+00
   3109.00    0.7193830231E+00
   3110.00    0.5915853365E+00
   3111.00    0.5472492413E+00
   3112.00    0.5497107311E+00
   3113.00    0.5726843471E+00
   3114.00    0.6024344754E+00
   3115.00    0.6330047356E+00
   3116.00    0.6621447442E+00
   3117.00    0.6891933709E+00
   3118.00    0.7141328419E+00
   3119.00    0.7371848596E+00
   3120.00    0.7586413903E+00
   3121.00    0.7787959891E+00
   3122.00    0.7979182747E+00
   3123.00    0.8162468040E+00
   3124.00    0.8339895363E+00
   3125.00    0.8513271403E+00
   3126.00    0.8684170786E+00
   3127.00    0.8853976099E+00
   3128.00    0.9023913905E+00
   3129.00    0.9195085931E+00
   3130.00    0.9368495650E+00
   3131.00    0.9545070827E+00
   3132.00    0.9725682710E+00
   3133.00    0.9911162492E+00
   3134.00    0.1010231564E+01
   3135.00    0.1029993457E+01
   3136.00    0.1050481006E+01
   3137.00    0.1071774186E+01
   3138.00    0.1093954865E+01
   3139.00    0.1117107776E+01
   3140.00    0.1141321484E+01
   3141.00    0.1166689366E+01
   3142.00    0.1193310639E+01
   3143.00    0.1221291439E+01
   3144.00    0.1250745988E+01
   3145.00    0.1281797871E+01
   3146.00    0.1314581432E+01
   3147.00    0.1349243336E+01
   3148.00    0.1385944317E+01
   3149.00    0.1424861130E+01
   3150.00    0.1466188769E+01
   3151.00    0.1510142961E+01
   3152.00    0.1556962985E+01
   3153.00    0.1606914852E+01
   3154.00    0.1660294885E+01
   3155.00    0.1717433726E+01
   3156.00    0.1778700819E+01
   3157.00    0.1844509432E+01
   3158.00    0.1915322382E+01
   3159.00    0.1991658915E+01
   3160.00    0.2074104052E+01
   3161.00    0.2163323988E+01
   3162.00    0.2260097480E+01
   3163.00    0.2365390478E+01
   3164.00    0.2480549452E+01
   3165.00    0.2607822710E+01
   3166.00    0.2751774800E+01
   3167.00    0.2922929597E+01
   3168.00    0.3145279492E+01
   3169.00    0.3460853983E+01
   3170.00    0.3895425740E+01
   3171.00    0.4395952943E+01
   3172.00    0.4896137095E+01
   3173.00    0.5408228568E+01
   3174.00    0.5982975292E+01
   3175.00    0.6671076194E+01
   3176.00    0.7523686603E+01
   3177.00    0.8601027501E+01
   3178.00    0.9975636891E+01
   3179.00    0.1171610697E+02
   3180.00    0.1380786380E+02
   3181.00    0.1592983772E+02
   3182.00    0.1720530379E+02
   3183.00    0.1676423374E+02
   3184.00    0.1494326329E+02
   3185.00    0.1276970097E+02
   3186.00    0.1083826080E+02
   3187.00    0.9280840843E+01
   3188.00    0.8055108959E+01
   3189.00    0.7087529931E+01
   3190.00    0.6314103858E+01
   3191.00    0.5686438544E+01
   3192.00    0.5169318992E+01
   3193.00    0.4737237688E+01
   3194.00    0.4371564700E+01
   3195.00    0.4058510867E+01
   3196.00    0.3787715768E+01
   3197.00    0.3551275795E+01
   3198.00    0.3343071523E+01
   3199.00    0.3158297003E+01
   3200.00    0.2993125868E+01
   3201.00    0.2844470971E+01
   3202.00    0.2709808670E+01
   3203.00    0.2587048341E+01
   3204.00    0.2474433817E+01
   3205.00    0.2370467594E+01
   3206.00    0.2273851337E+01
   3207.00    0.2183438113E+01
   3208.00    0.2098193091E+01
   3209.00    0.2017160507E+01
   3210.00    0.1939435726E+01
   3211.00    0.1864142657E+01
   3212.00    0.1790419340E+01
   3213.00    0.1717419857E+01
   3214.00    0.1644352805E+01
   3215.00    0.1570604586E+01
   3216.00    0.1496062852E+01
   3217.00    0.1421916879E+01
   3218.00    0.1352586874E+01
   3219.00    0.1300164642E+01
   3220.00    0.1293215466E+01
   3221.00    0.1387024648E+01
   3222.00    0.1652764240E+01
   3223.00    0.2111848206E+01
   3224.00    0.2640694547E+01
   3225.00    0.3007061685E+01
   3226.00    0.3119618504E+01
   3227.00    0.3074883617E+01
   3228.00    0.2978425427E+01
   3229.00    0.2881024955E+01
   3230.00    0.2799741249E+01
   3231.00    0.2738953621E+01
   3232.00    0.2700461960E+01
   3233.00    0.2688502920E+01
   3234.00    0.2711015688E+01
   3235.00    0.2769496229E+01
   3236.00    0.2844993664E+01
   3237.00    0.2919890601E+01
   3238.00    0.2998454788E+01
   3239.00    0.3092512519E+01
   3240.00    0.3211839466E+01
   3241.00    0.3364889212E+01
   3242.00    0.3561056981E+01
   3243.00    0.3812316762E+01
   3244.00    0.4134151494E+01
   3245.00    0.4544754591E+01
   3246.00    0.5058058043E+01
   3247.00    0.5657253716E+01
   3248.00    0.6224727402E+01
   3249.00    0.6461873879E+01
   3250.00    0.6066376862E+01
   3251.00    0.5169326449E+01
   3252.00    0.4180907172E+01
   3253.00    0.3337062731E+01
   3254.00    0.2677662415E+01
   3255.00    0.2172538736E+01
   3256.00    0.1783220191E+01
   3257.00    0.1478686019E+01
   3258.00    0.1236460451E+01
   3259.00    0.1040671339E+01
   3260.00    0.8800870706E+00
   3261.00    0.7466614749E+00
   3262.00    0.6345391124E+00
   3263.00    0.5393895695E+00
   3264.00    0.4579618594E+00
   3265.00    0.3877838805E+00
   3266.00    0.3269582451E+00
   3267.00    0.2740238420E+00
   3268.00    0.2278647789E+00
   3269.00    0.1876574573E+00
   3270.00    0.1528547522E+00
   3271.00    0.1232149458E+00
   3272.00    0.9888733368E-01
   3273.00    0.8052873291E-01
   3274.00    0.6922161865E-01
   3275.00    0.6565228578E-01
   3276.00    0.6886268154E-01
   3277.00    0.7653005879E-01
   3278.00    0.8646548805E-01
   3279.00    0.9727281992E-01
   3280.00    0.1081964080E+00
   3281.00    0.1188529022E+00
   3282.00    0.1290566528E+00
   3283.00    0.1387257043E+00
   3284.00    0.1478329733E+00
   3285.00    0.1563806050E+00
   3286.00    0.1643861718E+00
   3287.00    0.1718750603E+00
   3288.00    0.1788761918E+00
   3289.00    0.1854195915E+00
   3290.00    0.1915350104E+00
   3291.00    0.1972511601E+00
   3292.00    0.2025953084E+00
   3293.00    0.2075930915E+00
   3294.00    0.2122684544E+00
   3295.00    0.2166436674E+00
   3296.00    0.2207393868E+00
   3297.00    0.2245747385E+00
   3298.00    0.2281674144E+00
   3299.00    0.2315337714E+00
   3300.00    0.2346889303E+00
   3301.00    0.2376468716E+00
   3302.00    0.2404205251E+00
   3303.00    0.2430218551E+00
   3304.00    0.2454619384E+00
   3305.00    0.2477510369E+00
   3306.00    0.2498986642E+00
   3307.00    0.2519136466E+00
   3308.00    0.2538041788E+00
   3309.00    0.2555778752E+00
   3310.00    0.2572418162E+00
   3311.00    0.2588025910E+00
   3312.00    0.2602663363E+00
   3313.00    0.2616387715E+00
   3314.00    0.2629252318E+00
   3315.00    0.2641306969E+00
   3316.00    0.2652598186E+00
   3317.00    0.2663169457E+00
   3318.00    0.2673061459E+00
   3319.00    0.2682312274E+00
   3320.00    0.2690957572E+00
   3321.00    0.2699030791E+00
   3322.00    0.2706563295E+00
   3323.00    0.2713584519E+00
   3324.00    0.2720122110E+00
   3325.00    0.2726202046E+00
   3326.00    0.2731848754E+00
   3327.00    0.2737085215E+00
   3328.00    0.2741933062E+00
   3329.00    0.2746412670E+00
   3330.00    0.2750543240E+00
   3331.00    0.2754342872E+00
   3332.00    0.2757828646E+00
   3333.00    0.2761016676E+00
   3334.00    0.2763922181E+00
   3335.00    0.2766559537E+00
   3336.00    0.2768942331E+00
   3337.00    0.2771083410E+00
   3338.00    0.2772994926E+00
   3339.00    0.2774688380E+00
   3340.00    0.2776174659E+00
   3341.00    0.2777464076E+00
   3342.00    0.2778566402E+00
   3343.00    0.2779490896E+00
   3344.00    0.2780246341E+00
   3345.00    0.2780841067E+00
   3346.00    0.2781282976E+00
   3347.00    0.2781579572E+00
   3348.00    0.2781737978E+00
   3349.00    0.2781764960E+00
   3350.00    0.2781666948E+00
   3351.00    0.2781450052E+00
   3352.00    0.2781120081E+00
   3353.00    0.2780682560E+00
   3354.00    0.2780142744E+00
   3355.00    0.2779505635E+00
   3356.00    0.2778775992E+00
   3357.00    0.2777958346E+00
   3358.00    0.2777057013E+00
   3359.00    0.2776076104E+00
   3360.00    0.2775019535E+00
   3361.00    0.2773891037E+00
   3362.00    0.2772694170E+00
   3363.00    0.2771432324E+00
   3364.00    0.2770108734E+00
   3365.00    0.2768726486E+00
   3366.00    0.2767288522E+00
   3367.00    0.2765797651E+00
   3368.00    0.2764256554E+00
   3369.00    0.2762667788E+00
   3370.00    0.2761033797E+00
   3371.00    0.2759356913E+00
   3372.00    0.2757639364E+00
   3373.00    0.2755883277E+00
   3374.00    0.2754090685E+00
   3375.00    0.2752263531E+00
   3376.00    0.2750403670E+00
   3377.00    0.2748512876E+00
   3378.00    0.2746592845E+00
   3379.00    0.2744645198E+00
   3380.00    0.2742671484E+00
   3381.00    0.2740673185E+00
   3382.00    0.2738651719E+00
   3383.00    0.2736608440E+00
   3384.00    0.2734544645E+00
   3385.00    0.2732461574E+00
   3386.00    0.2730360413E+00
   3387.00    0.2728242296E+00
   3388.00    0.2726108310E+00
   3389.00    0.2723959494E+00
   3390.00    0.2721796841E+00
   3391.00    0.2719621302E+00
   3392.00    0.2717433788E+00
   3393.00    0.2715235171E+00
   3394.00    0.2713026283E+00
   3395.00    0.2710807923E+00
   3396.00    0.2708580855E+00
   3397.00    0.2706345808E+00
   3398.00    0.2704103484E+00
   3399.00    0.2701854550E+00
   3400.00    0.2699599649E+00
   3401.00    0.2697339392E+00
   3402.00    0.2695074367E+00
   3403.00    0.2692805136E+00
   3404.00    0.2690532235E+00
   3405.00    0.2688256180E+00
   3406.00    0.2685977461E+00
   3407.00    0.2683696549E+00
   3408.00    0.2681413896E+00
   3409.00    0.2679129931E+00
   3410.00    0.2676845066E+00
   3411.00    0.2674559697E+00
   3412.00    0.2672274198E+00
   3413.00    0.2669988932E+00
   3414.00    0.2667704241E+00
   3415.00    0.2665420456E+00
   3416.00    0.2663137890E+00
   3417.00    0.2660856845E+00
   3418.00    0.2658577608E+00
   3419.00    0.2656300453E+00
   3420.00    0.2654025641E+00
   3421.00    0.2651753424E+00
   3422.00    0.2649484039E+00
   3423.00    0.2647217714E+00
   3424.00    0.2644954667E+00
   3425.00    0.2642695105E+00
   3426.00    0.2640439225E+00
   3427.00    0.2638187215E+00
   3428.00    0.2635939255E+00
   3429.00    0.2633695516E+00
   3430.00    0.2631456159E+00
   3431.00    0.2629221339E+00
   3432.00    0.2626991203E+00
   3433.00    0.2624765891E+00
   3434.00    0.2622545536E+00
   3435.00    0.2620330263E+00
   3436.00    0.2618120192E+00
   3437.00    0.2615915436E+00
   3438.00    0.2613716102E+00
   3439.00    0.2611522292E+00
   3440.00    0.2609334102E+00
   3441.00    0.2607151623E+00
   3442.00    0.2604974940E+00
   3443.00    0.2602804135E+00
   3444.00    0.2600639282E+00
   3445.00    0.2598480454E+00
   3446.00    0.2596327719E+00
   3447.00    0.2594181138E+00
   3448.00    0.2592040772E+00
   3449.00    0.2589906675E+00
   3450.00    0.2587778899E+00
   3451.00    0.2585657492E+00
   3452.00    0.2583542499E+00
   3453.00    0.2581433961E+00
   3454.00    0.2579331916E+00
   3455.00    0.2577236400E+00
   3456.00    0.2575147445E+00
   3457.00    0.2573065080E+00
   3458.00    0.2570989332E+00
   3459.00    0.2568920225E+00
   3460.00    0.2566857782E+00
   3461.00    0.2564802021E+00
   3462.00    0.2562752961E+00
   3463.00    0.2560710616E+00
   3464.00    0.2558674998E+00
   3465.00    0.2556646119E+00
   3466.00    0.2554623988E+00
   3467.00    0.2552608613E+00
   3468.00    0.2550599997E+00
   3469.00    0.2548598146E+00
   3470.00    0.2546603061E+00
   3471.00    0.2544614742E+00
   3472.00    0.2542633190E+00
   3473.00    0.2540658400E+00
   3474.00    0.2538690370E+00
   3475.00    0.2536729095E+00
   3476.00    0.2534774567E+00
   3477.00    0.2532826780E+00
   3478.00    0.2530885725E+00
   3479.00    0.2528951392E+00
   3480.00    0.2527023769E+00
   3481.00    0.2525102846E+00
   3482.00    0.2523188609E+00
   3483.00    0.2521281044E+00
   3484.00    0.2519380137E+00
   3485.00    0.2517485873E+00
   3486.00    0.2515598234E+00
   3487.00    0.2513717205E+00
   3488.00    0.2511842766E+00
   3489.00    0.2509974900E+00
   3490.00    0.2508113588E+00
   3491.00    0.2506258809E+00
   3492.00    0.2504410543E+00
   3493.00    0.2502568769E+00
   3494.00    0.2500733466E+00
   3495.00    0.2498904612E+00
   3496.00    0.2497082184E+00
   3497.00    0.2495266158E+00
   3498.00    0.2493456513E+00
   3499.00    0.2491653223E+00
   3500.00    0.2489856265E+00
   3501.00    0.2488065613E+00
   3502.00    0.2486281244E+00
   3503.00    0.2484503131E+00
   3504.00    0.2482731249E+00
   3505.00    0.2480965573E+00
   3506.00    0.2479206075E+00
   3507.00    0.2477452729E+00
   3508.00    0.2475705510E+00
   3509.00    0.2473964389E+00
   3510.00    0.2472229340E+00
   3511.00    0.2470500335E+00
   3512.00    0.2468777347E+00
   3513.00    0.2467060348E+00
   3514.00    0.2465349311E+00
   3515.00    0.2463644207E+00
   3516.00    0.2461945008E+00
   3517.00    0.2460251686E+00
   3518.00    0.2458564213E+00
   3519.00    0.2456882561E+00
   3520.00    0.2455206700E+00
   3521.00    0.2453536603E+00
   3522.00    0.2451872241E+00
   3523.00    0.2450213584E+00
   3524.00    0.2448560605E+00
   3525.00    0.2446913274E+00
   3526.00    0.2445271563E+00
   3527.00    0.2443635442E+00
   3528.00    0.2442004884E+00
   3529.00    0.2440379859E+00
   3530.00    0.2438760339E+00
   3531.00    0.2437146294E+00
   3532.00    0.2435537696E+00
   3533.00    0.2433934516E+00
   3534.00    0.2432336725E+00
   3535.00    0.2430744294E+00
   3536.00    0.2429157196E+00
   3537.00    0.2427575400E+00
   3538.00    0.2425998880E+00
   3539.00    0.2424427605E+00
   3540.00    0.2422861548E+00
   3541.00    0.2421300680E+00
   3542.00    0.2419744972E+00
   3543.00    0.2418194398E+00
   3544.00    0.2416648927E+00
   3545.00    0.2415108533E+00
   3546.00    0.2413573187E+00
   3547.00    0.2412042861E+00
   3548.00    0.2410517527E+00
   3549.00    0.2408997158E+00
   3550.00    0.2407481726E+00
   3551.00    0.2405971203E+00
   3552.00    0.2404465562E+00
   3553.00    0.2402964775E+00
   3554.00    0.2401468816E+00
   3555.00    0.2399977656E+00
   3556.00    0.2398491269E+00
   3557.00    0.2397009629E+00
   3558.00    0.2395532707E+00
   3559.00    0.2394060478E+00
   3560.00    0.2392592914E+00
   3561.00    0.2391129990E+00
   3562.00    0.2389671679E+00
   3563.00    0.2388217955E+00
   3564.00    0.2386768791E+00
   3565.00    0.2385324162E+00
   3566.00    0.2383884041E+00
   3567.00    0.2382448404E+00
   3568.00    0.2381017224E+00
   3569.00    0.2379590476E+00
   3570.00    0.2378168135E+00
   3571.00    0.2376750175E+00
   3572.00    0.2375336571E+00
   3573.00    0.2373927299E+00
   3574.00    0.2372522333E+00
   3575.00    0.2371121649E+00
   3576.00    0.2369725222E+00
   3577.00    0.2368333028E+00
   3578.00    0.2366945042E+00
   3579.00    0.2365561241E+00
   3580.00    0.2364181601E+00
   3581.00    0.2362806096E+00
   3582.00    0.2361434705E+00
   3583.00    0.2360067403E+00
   3584.00    0.2358704166E+00
   3585.00    0.2357344972E+00
   3586.00    0.2355989797E+00
   3587.00    0.2354638618E+00
   3588.00    0.2353291413E+00
   3589.00    0.2351948158E+00
   3590.00    0.2350608830E+00
   3591.00    0.2349273408E+00
   3592.00    0.2347941868E+00
   3593.00    0.2346614190E+00
   3594.00    0.2345290350E+00
   3595.00    0.2343970326E+00
   3596.00    0.2342654097E+00
   3597.00    0.2341341641E+00
   3598.00    0.2340032937E+00
   3599.00    0.2338727962E+00
   3600.00    0.2337426697E+00
   3601.00    0.2336129119E+00
   3602.00    0.2334835207E+00
   3603.00    0.2333544941E+00
   3604.00    0.2332258300E+00
   3605.00    0.2330975264E+00
   3606.00    0.2329695811E+00
   3607.00    0.2328419922E+00
   3608.00    0.2327147576E+00
   3609.00    0.2325878753E+00
   3610.00    0.2324613433E+00
   3611.00    0.2323351597E+00
   3612.00    0.2322093224E+00
   3613.00    0.2320838295E+00
   3614.00    0.2319586791E+00
   3615.00    0.2318338692E+00
   3616.00    0.2317093979E+00
   3617.00    0.2315852633E+00
   3618.00    0.2314614635E+00
   3619.00    0.2313379966E+00
   3620.00    0.2312148608E+00
   3621.00    0.2310920542E+00
   3622.00    0.2309695749E+00
   3623.00    0.2308474211E+00
   3624.00    0.2307255911E+00
   3625.00    0.2306040829E+00
   3626.00    0.2304828948E+00
   3627.00    0.2303620251E+00
   3628.00    0.2302414718E+00
   3629.00    0.2301212334E+00
   3630.00    0.2300013080E+00
   3631.00    0.2298816939E+00
   3632.00    0.2297623893E+00
   3633.00    0.2296433926E+00
   3634.00    0.2295247021E+00
   3635.00    0.2294063160E+00
   3636.00    0.2292882327E+00
   3637.00    0.2291704505E+00
   3638.00    0.2290529678E+00
   3639.00    0.2289357830E+00
   3640.00    0.2288188943E+00
   3641.00    0.2287023001E+00
   3642.00    0.2285859989E+00
   3643.00    0.2284699891E+00
   3644.00    0.2283542690E+00
   3645.00    0.2282388371E+00
   3646.00    0.2281236919E+00
   3647.00    0.2280088317E+00
   3648.00    0.2278942550E+00
   3649.00    0.2277799602E+00
   3650.00    0.2276659460E+00
   3651.00    0.2275522106E+00
   3652.00    0.2274387527E+00
   3653.00    0.2273255708E+00
   3654.00    0.2272126632E+00
   3655.00    0.2271000287E+00
   3656.00    0.2269876657E+00
   3657.00    0.2268755727E+00
   3658.00    0.2267637484E+00
   3659.00    0.2266521912E+00
   3660.00    0.2265408998E+00
   3661.00    0.2264298728E+00
   3662.00    0.2263191087E+00
   3663.00    0.2262086061E+00
   3664.00    0.2260983637E+00
   3665.00    0.2259883801E+00
   3666.00    0.2258786538E+00
   3667.00    0.2257691837E+00
   3668.00    0.2256599682E+00
   3669.00    0.2255510062E+00
   3670.00    0.2254422961E+00
   3671.00    0.2253338368E+00
   3672.00    0.2252256269E+00
   3673.00    0.2251176651E+00
   3674.00    0.2250099502E+00
   3675.00    0.2249024807E+00
   3676.00    0.2247952555E+00
   3677.00    0.2246882733E+00
   3678.00    0.2245815328E+00
   3679.00    0.2244750328E+00
   3680.00    0.2243687720E+00
   3681.00    0.2242627492E+00
   3682.00    0.2241569632E+00
   3683.00    0.2240514128E+00
   3684.00    0.2239460967E+00
   3685.00    0.2238410138E+00
   3686.00    0.2237361628E+00
   3687.00    0.2236315426E+00
   3688.00    0.2235271520E+00
   3689.00    0.2234229898E+00
   3690.00    0.2233190549E+00
   3691.00    0.2232153461E+00
   3692.00    0.2231118624E+00
   3693.00    0.2230086024E+00
   3694.00    0.2229055652E+00
   3695.00    0.2228027495E+00
   3696.00    0.2227001543E+00
   3697.00    0.2225977785E+00
   3698.00    0.2224956210E+00
   3699.00    0.2223936807E+00
   3700.00    0.2222919564E+00
   3701.00    0.2221904472E+00
   3702.00    0.2220891519E+00
   3703.00    0.2219880696E+00
   3704.00    0.2218871990E+00
   3705.00    0.2217865393E+00
   3706.00    0.2216860893E+00
   3707.00    0.2215858480E+00
   3708.00    0.2214858144E+00
   3709.00    0.2213859875E+00
   3710.00    0.2212863662E+00
   3711.00    0.2211869496E+00
   3712.00    0.2210877367E+00
   3713.00    0.2209887264E+00
   3714.00    0.2208899178E+00
   3715.00    0.2207913098E+00
   3716.00    0.2206929016E+00
   3717.00    0.2205946922E+00
   3718.00    0.2204966805E+00
   3719.00    0.2203988657E+00
   3720.00    0.2203012468E+00
   3721.00    0.2202038229E+00
   3722.00    0.2201065929E+00
   3723.00    0.2200095561E+00
   3724.00    0.2199127114E+00
   3725.00    0.2198160580E+00
   3726.00    0.2197195949E+00
   3727.00    0.2196233213E+00
   3728.00    0.2195272362E+00
   3729.00    0.2194313387E+00
   3730.00    0.2193356280E+00
   3731.00    0.2192401032E+00
   3732.00    0.2191447635E+00
   3733.00    0.2190496078E+00
   3734.00    0.2189546355E+00
   3735.00    0.2188598455E+00
   3736.00    0.2187652371E+00
   3737.00    0.2186708095E+00
   3738.00    0.2185765617E+00
   3739.00    0.2184824930E+00
   3740.00    0.2183886026E+00
   3741.00    0.2182948895E+00
   3742.00    0.2182013530E+00
   3743.00    0.2181079923E+00
   3744.00    0.2180148066E+00
   3745.00    0.2179217951E+00
   3746.00    0.2178289569E+00
   3747.00    0.2177362914E+00
   3748.00    0.2176437977E+00
   3749.00    0.2175514750E+00
   3750.00    0.2174593227E+00
   3751.00    0.2173673398E+00
   3752.00    0.2172755258E+00
   3753.00    0.2171838798E+00
   3754.00    0.2170924010E+00
   3755.00    0.2170010883E+00
   3756.00    0.2169099405E+00
   3757.00    0.2168189552E+00
   3758.00    0.2167281301E+00
   3759.00    0.2166374658E+00
   3760.00    0.2165469662E+00
   3761.00    0.2164566326E+00
   3762.00    0.2163664629E+00
   3763.00    0.2162764547E+00
   3764.00    0.2161866067E+00
   3765.00    0.2160969177E+00
   3766.00    0.2160073870E+00
   3767.00    0.2159180139E+00
   3768.00    0.2158287977E+00
   3769.00    0.2157397378E+00
   3770.00    0.2156508334E+00
   3771.00    0.2155620839E+00
   3772.00    0.2154734887E+00
   3773.00    0.2153850470E+00
   3774.00    0.2152967583E+00
   3775.00    0.2152086218E+00
   3776.00    0.2151206369E+00
   3777.00    0.2150328029E+00
   3778.00    0.2149451193E+00
   3779.00    0.2148575854E+00
   3780.00    0.2147702004E+00
   3781.00    0.2146829639E+00
   3782.00    0.2145958751E+00
   3783.00    0.2145089335E+00
   3784.00    0.2144221383E+00
   3785.00    0.2143354891E+00
   3786.00    0.2142489851E+00
   3787.00    0.2141626257E+00
   3788.00    0.2140764104E+00
   3789.00    0.2139903385E+00
   3790.00    0.2139044095E+00
   3791.00    0.2138186227E+00
   3792.00    0.2137329775E+00
   3793.00    0.2136474734E+00
   3794.00    0.2135621097E+00
   3795.00    0.2134768859E+00
   3796.00    0.2133918014E+00
   3797.00    0.2133068556E+00
   3798.00    0.2132220479E+00
   3799.00    0.2131373778E+00
   3800.00    0.2130528447E+00
   3801.00    0.2129684480E+00
   3802.00    0.2128841872E+00
   3803.00    0.2128000618E+00
   3804.00    0.2127160710E+00
   3805.00    0.2126322145E+00
   3806.00    0.2125484917E+00
   3807.00    0.2124649020E+00
   3808.00    0.2123814449E+00
   3809.00    0.2122981198E+00
   3810.00    0.2122149262E+00
   3811.00    0.2121318636E+00
   3812.00    0.2120489315E+00
   3813.00    0.2119661293E+00
   3814.00    0.2118834565E+00
   3815.00    0.2118009126E+00
   3816.00    0.2117184971E+00
   3817.00    0.2116362094E+00
   3818.00    0.2115540491E+00
   3819.00    0.2114720156E+00
   3820.00    0.2113901085E+00
   3821.00    0.2113083272E+00
   3822.00    0.2112266713E+00
   3823.00    0.2111451402E+00
   3824.00    0.2110637335E+00
   3825.00    0.2109824506E+00
   3826.00    0.2109012912E+00
   3827.00    0.2108202547E+00
   3828.00    0.2107393405E+00
   3829.00    0.2106585484E+00
   3830.00    0.2105778777E+00
   3831.00    0.2104973280E+00
   3832.00    0.2104168989E+00
   3833.00    0.2103365898E+00
   3834.00    0.2102564004E+00
   3835.00    0.2101763301E+00
   3836.00    0.2100963785E+00
   3837.00    0.2100165451E+00
   3838.00    0.2099368295E+00
   3839.00    0.2098572312E+00
   3840.00    0.2097777499E+00
   3841.00    0.2096983849E+00
   3842.00    0.2096191360E+00
   3843.00    0.2095400027E+00
   3844.00    0.2094609844E+00
   3845.00    0.2093820809E+00
   3846.00    0.2093032916E+00
   3847.00    0.2092246162E+00
   3848.00    0.2091460541E+00
   3849.00    0.2090676051E+00
   3850.00    0.2089892686E+00
   3851.00    0.2089110442E+00
   3852.00    0.2088329316E+00
   3853.00    0.2087549303E+00
   3854.00    0.2086770398E+00
   3855.00    0.2085992599E+00
   3856.00    0.2085215900E+00
   3857.00    0.2084440298E+00
   3858.00    0.2083665789E+00
   3859.00    0.2082892368E+00
   3860.00    0.2082120032E+00
   3861.00    0.2081348777E+00
   3862.00    0.2080578598E+00
   3863.00    0.2079809493E+00
   3864.00    0.2079041456E+00
   3865.00    0.2078274485E+00
   3866.00    0.2077508575E+00
   3867.00    0.2076743722E+00
   3868.00    0.2075979923E+00
   3869.00    0.2075217174E+00
   3870.00    0.2074455471E+00
   3871.00    0.2073694810E+00
   3872.00    0.2072935188E+00
   3873.00    0.2072176600E+00
   3874.00    0.2071419044E+00
   3875.00    0.2070662516E+00
   3876.00    0.2069907011E+00
   3877.00    0.2069152527E+00
   3878.00    0.2068399059E+00
   3879.00    0.2067646604E+00
   3880.00    0.2066895159E+00
   3881.00    0.2066144720E+00
   3882.00    0.2065395284E+00
   3883.00    0.2064646846E+00
   3884.00    0.2063899404E+00
   3885.00    0.2063152954E+00
   3886.00    0.2062407492E+00
   3887.00    0.2061663016E+00
   3888.00    0.2060919521E+00
   3889.00    0.2060177005E+00
   3890.00    0.2059435463E+00
   3891.00    0.2058694893E+00
   3892.00    0.2057955292E+00
   3893.00    0.2057216655E+00
   3894.00    0.2056478981E+00
   3895.00    0.2055742264E+00
   3896.00    0.2055006503E+00
   3897.00    0.2054271693E+00
   3898.00    0.2053537832E+00
   3899.00    0.2052804917E+00
   3900.00    0.2052072944E+00
   3901.00    0.2051341909E+00
   3902.00    0.2050611811E+00
   3903.00    0.2049882646E+00
   3904.00    0.2049154410E+00
   3905.00    0.2048427100E+00
   3906.00    0.2047700714E+00
   3907.00    0.2046975249E+00
   3908.00    0.2046250700E+00
   3909.00    0.2045527066E+00
   3910.00    0.2044804343E+00
   3911.00    0.2044082528E+00
   3912.00    0.2043361619E+00
   3913.00    0.2042641612E+00
   3914.00    0.2041922503E+00
   3915.00    0.2041204292E+00
   3916.00    0.2040486973E+00
   3917.00    0.2039770545E+00
   3918.00    0.2039055005E+00
   3919.00    0.2038340349E+00
   3920.00    0.2037626575E+00
   3921.00    0.2036913680E+00
   3922.00    0.2036201661E+00
   3923.00    0.2035490515E+00
   3924.00    0.2034780240E+00
   3925.00    0.2034070832E+00
   3926.00    0.2033362289E+00
   3927.00    0.2032654608E+00
   3928.00    0.2031947787E+00
   3929.00    0.2031241822E+00
   3930.00    0.2030536711E+00
   3931.00    0.2029832451E+00
   3932.00    0.2029129040E+00
   3933.00    0.2028426474E+00
   3934.00    0.2027724751E+00
   3935.00    0.2027023869E+00
   3936.00    0.2026323825E+00
   3937.00    0.2025624615E+00
   3938.00    0.2024926239E+00
   3939.00    0.2024228692E+00
   3940.00    0.2023531972E+00
   3941.00    0.2022836078E+00
   3942.00    0.2022141005E+00
   3943.00    0.2021446752E+00
   3944.00    0.2020753316E+00
   3945.00    0.2020060695E+00
   3946.00    0.2019368886E+00
   3947.00    0.2018677886E+00
   3948.00    0.2017987694E+00
   3949.00    0.2017298306E+00
   3950.00    0.2016609720E+00
   3951.00    0.2015921934E+00
   3952.00    0.2015234945E+00
   3953.00    0.2014548751E+00
   3954.00    0.2013863349E+00
   3955.00    0.2013178737E+00
   3956.00    0.2012494913E+00
   3957.00    0.2011811874E+00
   3958.00    0.2011129618E+00
   3959.00    0.2010448143E+00
   3960.00    0.2009767445E+00
   3961.00    0.2009087524E+00
   3962.00    0.2008408376E+00
   3963.00    0.2007729999E+00
   3964.00    0.2007052391E+00
   3965.00    0.2006375549E+00
   3966.00    0.2005699472E+00
   3967.00    0.2005024157E+00
   3968.00    0.2004349602E+00
   3969.00    0.2003675805E+00
   3970.00    0.2003002762E+00
   3971.00    0.2002330473E+00
   3972.00    0.2001658935E+00
   3973.00    0.2000988146E+00
   3974.00    0.2000318103E+00
   3975.00    0.1999648804E+00
   3976.00    0.1998980248E+00
   3977.00    0.1998312431E+00
   3978.00    0.1997645353E+00
   3979.00    0.1996979010E+00
   3980.00    0.1996313401E+00
   3981.00    0.1995648523E+00
   3982.00    0.1994984375E+00
   3983.00    0.1994320954E+00
   3984.00    0.1993658258E+00
   3985.00    0.1992996286E+00
   3986.00    0.1992335034E+00
   3987.00    0.1991674502E+00
   3988.00    0.1991014686E+00
   3989.00    0.1990355586E+00
   3990.00    0.1989697198E+00
   3991.00    0.1989039521E+00
   3992.00    0.1988382553E+00
   3993.00    0.1987726292E+00
   3994.00    0.1987070736E+00
   3995.00    0.1986415883E+00
   3996.00    0.1985761731E+00
   3997.00    0.1985108278E+00
   3998.00    0.1984455522E+00
   3999.00    0.1983803461E+00
   4000.00    0.1983152093E+00
