Frequencies(cm-1)    polar_2nd_zxz        
   1000.00    0.1103453838E-02
   1001.00    0.9808160670E-03
   1002.00    0.7293679002E-03
   1003.00    0.4948693140E-03
   1004.00    0.3317984240E-03
   1005.00    0.2347369601E-03
   1006.00    0.1854209952E-03
   1007.00    0.1660324874E-03
   1008.00    0.1621179747E-03
   1009.00    0.1646693399E-03
   1010.00    0.1693284159E-03
   1011.00    0.1743094819E-03
   1012.00    0.1789741072E-03
   1013.00    0.1831494181E-03
   1014.00    0.1868400276E-03
   1015.00    0.1901113404E-03
   1016.00    0.1930436040E-03
   1017.00    0.1957148839E-03
   1018.00    0.1981958147E-03
   1019.00    0.2005490623E-03
   1020.00    0.2028305742E-03
   1021.00    0.2050914359E-03
   1022.00    0.2073798887E-03
   1023.00    0.2097433880E-03
   1024.00    0.2122307263E-03
   1025.00    0.2148943206E-03
   1026.00    0.2177928126E-03
   1027.00    0.2209941786E-03
   1028.00    0.2245795929E-03
   1029.00    0.2286483419E-03
   1030.00    0.2333240832E-03
   1031.00    0.2387625889E-03
   1032.00    0.2451604043E-03
   1033.00    0.2527615349E-03
   1034.00    0.2618521970E-03
   1035.00    0.2727127176E-03
   1036.00    0.2854352282E-03
   1037.00    0.2993544481E-03
   1038.00    0.3115224041E-03
   1039.00    0.3138325740E-03
   1040.00    0.2928500185E-03
   1041.00    0.2438798559E-03
   1042.00    0.1848472845E-03
   1043.00    0.1370366052E-03
   1044.00    0.1078715623E-03
   1045.00    0.9495634563E-04
   1046.00    0.9235479392E-04
   1047.00    0.9470803750E-04
   1048.00    0.9889475850E-04
   1049.00    0.1035049490E-03
   1050.00    0.1079488288E-03
   1051.00    0.1119999518E-03
   1052.00    0.1156005342E-03
   1053.00    0.1187649977E-03
   1054.00    0.1215340048E-03
   1055.00    0.1239545232E-03
   1056.00    0.1260718785E-03
   1057.00    0.1279270301E-03
   1058.00    0.1295560597E-03
   1059.00    0.1309905582E-03
   1060.00    0.1322583494E-03
   1061.00    0.1333843167E-03
   1062.00    0.1343912525E-03
   1063.00    0.1353007142E-03
   1064.00    0.1361339087E-03
   1065.00    0.1369126369E-03
   1066.00    0.1376603359E-03
   1067.00    0.1384032360E-03
   1068.00    0.1391715836E-03
   1069.00    0.1400007010E-03
   1070.00    0.1409311753E-03
   1071.00    0.1420062457E-03
   1072.00    0.1432613267E-03
   1073.00    0.1446925110E-03
   1074.00    0.1461698308E-03
   1075.00    0.1472067074E-03
   1076.00    0.1463659748E-03
   1077.00    0.1398478515E-03
   1078.00    0.1189769858E-03
   1079.00    0.7073927072E-04
   1080.00    0.3225093651E-04
   1081.00    0.1045200701E-03
   1082.00    0.1511045102E-03
   1083.00    0.1661073428E-03
   1084.00    0.1655825526E-03
   1085.00    0.1596692767E-03
   1086.00    0.1524879735E-03
   1087.00    0.1453796938E-03
   1088.00    0.1386476018E-03
   1089.00    0.1322476124E-03
   1090.00    0.1260384118E-03
   1091.00    0.1198712245E-03
   1092.00    0.1136304218E-03
   1093.00    0.1072754485E-03
   1094.00    0.1009255425E-03
   1095.00    0.9505339393E-04
   1096.00    0.9090228293E-04
   1097.00    0.9120236407E-04
   1098.00    0.1007013798E-03
   1099.00    0.1250814436E-03
   1100.00    0.1681511233E-03
   1101.00    0.2278885919E-03
   1102.00    0.2894417568E-03
   1103.00    0.3281084304E-03
   1104.00    0.3354223247E-03
   1105.00    0.3241696754E-03
   1106.00    0.3073964828E-03
   1107.00    0.2910515737E-03
   1108.00    0.2768650931E-03
   1109.00    0.2649932838E-03
   1110.00    0.2551445195E-03
   1111.00    0.2469601347E-03
   1112.00    0.2401236375E-03
   1113.00    0.2343814298E-03
   1114.00    0.2295377549E-03
   1115.00    0.2254441951E-03
   1116.00    0.2219898090E-03
   1117.00    0.2190933667E-03
   1118.00    0.2166977337E-03
   1119.00    0.2147661092E-03
   1120.00    0.2132798234E-03
   1121.00    0.2122374821E-03
   1122.00    0.2116553364E-03
   1123.00    0.2115688002E-03
   1124.00    0.2120349568E-03
   1125.00    0.2131354840E-03
   1126.00    0.2149781196E-03
   1127.00    0.2176909841E-03
   1128.00    0.2213933303E-03
   1129.00    0.2260962758E-03
   1130.00    0.2314071953E-03
   1131.00    0.2357364211E-03
   1132.00    0.2346055352E-03
   1133.00    0.2192858364E-03
   1134.00    0.1827824889E-03
   1135.00    0.1330449159E-03
   1136.00    0.8655532930E-04
   1137.00    0.5122979161E-04
   1138.00    0.2867072893E-04
   1139.00    0.2725889723E-04
   1140.00    0.4755869462E-04
   1141.00    0.8024463163E-04
   1142.00    0.1245808720E-03
   1143.00    0.1756088674E-03
   1144.00    0.2141266751E-03
   1145.00    0.2218321433E-03
   1146.00    0.2096394559E-03
   1147.00    0.1956929406E-03
   1148.00    0.1849837570E-03
   1149.00    0.1768219075E-03
   1150.00    0.1702178339E-03
   1151.00    0.1645984358E-03
   1152.00    0.1596535588E-03
   1153.00    0.1552265330E-03
   1154.00    0.1513026838E-03
   1155.00    0.1480840082E-03
   1156.00    0.1460841923E-03
   1157.00    0.1457866017E-03
   1158.00    0.1463774853E-03
   1159.00    0.1459535548E-03
   1160.00    0.1439637939E-03
   1161.00    0.1410624214E-03
   1162.00    0.1378227499E-03
   1163.00    0.1344974844E-03
   1164.00    0.1311637388E-03
   1165.00    0.1278290494E-03
   1166.00    0.1244770009E-03
   1167.00    0.1210841282E-03
   1168.00    0.1176256499E-03
   1169.00    0.1140771168E-03
   1170.00    0.1104146264E-03
   1171.00    0.1066145909E-03
   1172.00    0.1026534395E-03
   1173.00    0.9850743888E-04
   1174.00    0.9415278661E-04
   1175.00    0.8956621002E-04
   1176.00    0.8472651024E-04
   1177.00    0.7961792618E-04
   1178.00    0.7423711343E-04
   1179.00    0.6860750140E-04
   1180.00    0.6280903824E-04
   1181.00    0.5704010270E-04
   1182.00    0.5174296031E-04
   1183.00    0.4782643679E-04
   1184.00    0.4690160677E-04
   1185.00    0.5106611515E-04
   1186.00    0.6191995890E-04
   1187.00    0.7995252327E-04
   1188.00    0.1045737147E-03
   1189.00    0.1326120967E-03
   1190.00    0.1550251632E-03
   1191.00    0.1599756450E-03
   1192.00    0.1468616871E-03
   1193.00    0.1266351266E-03
   1194.00    0.1090931657E-03
   1195.00    0.9987810415E-04
   1196.00    0.1021412447E-03
   1197.00    0.1165111707E-03
   1198.00    0.1418219945E-03
   1199.00    0.1771576666E-03
   1200.00    0.2229067830E-03
   1201.00    0.2808128975E-03
   1202.00    0.3536983672E-03
   1203.00    0.4447396754E-03
   1204.00    0.5564150098E-03
   1205.00    0.6934603917E-03
   1206.00    0.8688737266E-03
   1207.00    0.1073587379E-02
   1208.00    0.1230140086E-02
   1209.00    0.1257520849E-02
   1210.00    0.1175995795E-02
   1211.00    0.1057404382E-02
   1212.00    0.9447174727E-03
   1213.00    0.8502432545E-03
   1214.00    0.7738607934E-03
   1215.00    0.7123774262E-03
   1216.00    0.6625349224E-03
   1217.00    0.6216945135E-03
   1218.00    0.5878510640E-03
   1219.00    0.5594930473E-03
   1220.00    0.5354392050E-03
   1221.00    0.5146529106E-03
   1222.00    0.4959797382E-03
   1223.00    0.4778122979E-03
   1224.00    0.4583166771E-03
   1225.00    0.4377544685E-03
   1226.00    0.4198359107E-03
   1227.00    0.4067126283E-03
   1228.00    0.3971381625E-03
   1229.00    0.3894714065E-03
   1230.00    0.3828206187E-03
   1231.00    0.3768000949E-03
   1232.00    0.3712461181E-03
   1233.00    0.3660819157E-03
   1234.00    0.3612643119E-03
   1235.00    0.3567636428E-03
   1236.00    0.3525562682E-03
   1237.00    0.3486217901E-03
   1238.00    0.3449420247E-03
   1239.00    0.3415006233E-03
   1240.00    0.3382829275E-03
   1241.00    0.3352759067E-03
   1242.00    0.3324681256E-03
   1243.00    0.3298497275E-03
   1244.00    0.3274124339E-03
   1245.00    0.3251495658E-03
   1246.00    0.3230560934E-03
   1247.00    0.3211287262E-03
   1248.00    0.3193660520E-03
   1249.00    0.3177687420E-03
   1250.00    0.3163398383E-03
   1251.00    0.3150851503E-03
   1252.00    0.3140137892E-03
   1253.00    0.3131388801E-03
   1254.00    0.3124784971E-03
   1255.00    0.3120568645E-03
   1256.00    0.3119058376E-03
   1257.00    0.3120665799E-03
   1258.00    0.3125910615E-03
   1259.00    0.3135422238E-03
   1260.00    0.3149895818E-03
   1261.00    0.3169915363E-03
   1262.00    0.3195409214E-03
   1263.00    0.3224107551E-03
   1264.00    0.3247350484E-03
   1265.00    0.3239400371E-03
   1266.00    0.3135154520E-03
   1267.00    0.2813610784E-03
   1268.00    0.2214573931E-03
   1269.00    0.1727101538E-03
   1270.00    0.1892922574E-03
   1271.00    0.2259626627E-03
   1272.00    0.2471781344E-03
   1273.00    0.2557163656E-03
   1274.00    0.2583559121E-03
   1275.00    0.2586523624E-03
   1276.00    0.2580642317E-03
   1277.00    0.2571424203E-03
   1278.00    0.2560818588E-03
   1279.00    0.2549406284E-03
   1280.00    0.2537237678E-03
   1281.00    0.2524150713E-03
   1282.00    0.2509892977E-03
   1283.00    0.2494178312E-03
   1284.00    0.2476745779E-03
   1285.00    0.2457492540E-03
   1286.00    0.2436825020E-03
   1287.00    0.2416575774E-03
   1288.00    0.2402248995E-03
   1289.00    0.2407476829E-03
   1290.00    0.2456932471E-03
   1291.00    0.2566095764E-03
   1292.00    0.2695709663E-03
   1293.00    0.2787258802E-03
   1294.00    0.2833558449E-03
   1295.00    0.2846608746E-03
   1296.00    0.2837193428E-03
   1297.00    0.2817476040E-03
   1298.00    0.2795516245E-03
   1299.00    0.2774715639E-03
   1300.00    0.2756062192E-03
   1301.00    0.2739611879E-03
   1302.00    0.2725125615E-03
   1303.00    0.2712305112E-03
   1304.00    0.2700871301E-03
   1305.00    0.2690584985E-03
   1306.00    0.2681247498E-03
   1307.00    0.2672695277E-03
   1308.00    0.2664793355E-03
   1309.00    0.2657429394E-03
   1310.00    0.2650508681E-03
   1311.00    0.2643950065E-03
   1312.00    0.2637682668E-03
   1313.00    0.2631643215E-03
   1314.00    0.2625773813E-03
   1315.00    0.2620020057E-03
   1316.00    0.2614329339E-03
   1317.00    0.2608649270E-03
   1318.00    0.2602926126E-03
   1319.00    0.2597103232E-03
   1320.00    0.2591119182E-03
   1321.00    0.2584905824E-03
   1322.00    0.2578385874E-03
   1323.00    0.2571470047E-03
   1324.00    0.2564053582E-03
   1325.00    0.2556012052E-03
   1326.00    0.2547196492E-03
   1327.00    0.2537428183E-03
   1328.00    0.2526494389E-03
   1329.00    0.2514148613E-03
   1330.00    0.2500124806E-03
   1331.00    0.2484189903E-03
   1332.00    0.2466297518E-03
   1333.00    0.2447005104E-03
   1334.00    0.2428562612E-03
   1335.00    0.2417573368E-03
   1336.00    0.2430251004E-03
   1337.00    0.2495679116E-03
   1338.00    0.2630857535E-03
   1339.00    0.2784045829E-03
   1340.00    0.2877149939E-03
   1341.00    0.2903179207E-03
   1342.00    0.2894231094E-03
   1343.00    0.2873419292E-03
   1344.00    0.2850761129E-03
   1345.00    0.2829675534E-03
   1346.00    0.2810997492E-03
   1347.00    0.2794662622E-03
   1348.00    0.2780338448E-03
   1349.00    0.2767647118E-03
   1350.00    0.2756236380E-03
   1351.00    0.2745795519E-03
   1352.00    0.2736052173E-03
   1353.00    0.2726763257E-03
   1354.00    0.2717704621E-03
   1355.00    0.2708660896E-03
   1356.00    0.2699415794E-03
   1357.00    0.2689742954E-03
   1358.00    0.2679397797E-03
   1359.00    0.2668112207E-03
   1360.00    0.2655597332E-03
   1361.00    0.2641568572E-03
   1362.00    0.2625829450E-03
   1363.00    0.2608509521E-03
   1364.00    0.2590700791E-03
   1365.00    0.2576079605E-03
   1366.00    0.2574565235E-03
   1367.00    0.2607503342E-03
   1368.00    0.2700921249E-03
   1369.00    0.2839936706E-03
   1370.00    0.2951116216E-03
   1371.00    0.2996169392E-03
   1372.00    0.2996026246E-03
   1373.00    0.2976903005E-03
   1374.00    0.2952082614E-03
   1375.00    0.2926484717E-03
   1376.00    0.2901609421E-03
   1377.00    0.2878124196E-03
   1378.00    0.2857601426E-03
   1379.00    0.2844936504E-03
   1380.00    0.2852552545E-03
   1381.00    0.2902551758E-03
   1382.00    0.3005905441E-03
   1383.00    0.3120348765E-03
   1384.00    0.3189231400E-03
   1385.00    0.3210682159E-03
   1386.00    0.3208625357E-03
   1387.00    0.3199415474E-03
   1388.00    0.3190086550E-03
   1389.00    0.3183117074E-03
   1390.00    0.3179263004E-03
   1391.00    0.3178794068E-03
   1392.00    0.3182100297E-03
   1393.00    0.3190269102E-03
   1394.00    0.3206143332E-03
   1395.00    0.3236174599E-03
   1396.00    0.3290239799E-03
   1397.00    0.3365564625E-03
   1398.00    0.3413870836E-03
   1399.00    0.3362939465E-03
   1400.00    0.3202863824E-03
   1401.00    0.3022480962E-03
   1402.00    0.2894824437E-03
   1403.00    0.2812422169E-03
   1404.00    0.2765376855E-03
   1405.00    0.2752553400E-03
   1406.00    0.2760766965E-03
   1407.00    0.2776630322E-03
   1408.00    0.2793189061E-03
   1409.00    0.2807758849E-03
   1410.00    0.2819514031E-03
   1411.00    0.2828304022E-03
   1412.00    0.2834174237E-03
   1413.00    0.2837185126E-03
   1414.00    0.2837348577E-03
   1415.00    0.2834613076E-03
   1416.00    0.2828879290E-03
   1417.00    0.2820055329E-03
   1418.00    0.2808156998E-03
   1419.00    0.2793274634E-03
   1420.00    0.2774815292E-03
   1421.00    0.2750706664E-03
   1422.00    0.2719010919E-03
   1423.00    0.2679135188E-03
   1424.00    0.2631078622E-03
   1425.00    0.2575591534E-03
   1426.00    0.2516068410E-03
   1427.00    0.2463206372E-03
   1428.00    0.2445522713E-03
   1429.00    0.2528352310E-03
   1430.00    0.2824205499E-03
   1431.00    0.3421064051E-03
   1432.00    0.4193583176E-03
   1433.00    0.4792583902E-03
   1434.00    0.5035817114E-03
   1435.00    0.5034539779E-03
   1436.00    0.4937800862E-03
   1437.00    0.4822444368E-03
   1438.00    0.4715945051E-03
   1439.00    0.4625163378E-03
   1440.00    0.4549860550E-03
   1441.00    0.4487771349E-03
   1442.00    0.4436326534E-03
   1443.00    0.4393165981E-03
   1444.00    0.4356234648E-03
   1445.00    0.4323743771E-03
   1446.00    0.4294095723E-03
   1447.00    0.4265805645E-03
   1448.00    0.4237431252E-03
   1449.00    0.4207518647E-03
   1450.00    0.4174580585E-03
   1451.00    0.4137150412E-03
   1452.00    0.4094023186E-03
   1453.00    0.4044970222E-03
   1454.00    0.3992673732E-03
   1455.00    0.3947882248E-03
   1456.00    0.3943127549E-03
   1457.00    0.4065384675E-03
   1458.00    0.4484810560E-03
   1459.00    0.5277513755E-03
   1460.00    0.6100662378E-03
   1461.00    0.6574715215E-03
   1462.00    0.6724573387E-03
   1463.00    0.6722830658E-03
   1464.00    0.6677976026E-03
   1465.00    0.6634265786E-03
   1466.00    0.6605965925E-03
   1467.00    0.6596113515E-03
   1468.00    0.6604065181E-03
   1469.00    0.6628245965E-03
   1470.00    0.6667086598E-03
   1471.00    0.6719305077E-03
   1472.00    0.6783959777E-03
   1473.00    0.6860430331E-03
   1474.00    0.6948382564E-03
   1475.00    0.7047736977E-03
   1476.00    0.7158646822E-03
   1477.00    0.7281487271E-03
   1478.00    0.7416856036E-03
   1479.00    0.7565586098E-03
   1480.00    0.7728772414E-03
   1481.00    0.7907816855E-03
   1482.00    0.8104500599E-03
   1483.00    0.8321104625E-03
   1484.00    0.8560627651E-03
   1485.00    0.8827224974E-03
   1486.00    0.9127172250E-03
   1487.00    0.9470959538E-03
   1488.00    0.9876609896E-03
   1489.00    0.1036814363E-02
   1490.00    0.1095446613E-02
   1491.00    0.1161661461E-02
   1492.00    0.1234161347E-02
   1493.00    0.1310368013E-02
   1494.00    0.1375965690E-02
   1495.00    0.1391743869E-02
   1496.00    0.1294118137E-02
   1497.00    0.1061311442E-02
   1498.00    0.7803113086E-03
   1499.00    0.5499402742E-03
   1500.00    0.4118339757E-03
   1501.00    0.3898496911E-03
   1502.00    0.5085379197E-03
   1503.00    0.7935802206E-03
   1504.00    0.1312133029E-02
   1505.00    0.2207060555E-02
   1506.00    0.3727965481E-02
   1507.00    0.6223049103E-02
   1508.00    0.9842566711E-02
   1509.00    0.1358154627E-01
   1510.00    0.1510008260E-01
   1511.00    0.1372776674E-01
   1512.00    0.1116851523E-01
   1513.00    0.8750927782E-02
   1514.00    0.6852382495E-02
   1515.00    0.5485494207E-02
   1516.00    0.4533665853E-02
   1517.00    0.3846886157E-02
   1518.00    0.3309067156E-02
   1519.00    0.2836054185E-02
   1520.00    0.2380268269E-02
   1521.00    0.1970830381E-02
   1522.00    0.1669782999E-02
   1523.00    0.1473580747E-02
   1524.00    0.1341572637E-02
   1525.00    0.1241684507E-02
   1526.00    0.1154382233E-02
   1527.00    0.1069046703E-02
   1528.00    0.9869272764E-03
   1529.00    0.9184121250E-03
   1530.00    0.8664456844E-03
   1531.00    0.8260085915E-03
   1532.00    0.7925503661E-03
   1533.00    0.7635508895E-03
   1534.00    0.7370295537E-03
   1535.00    0.7096711503E-03
   1536.00    0.6745108085E-03
   1537.00    0.6206123621E-03
   1538.00    0.5439386984E-03
   1539.00    0.4625779528E-03
   1540.00    0.4011915983E-03
   1541.00    0.3658996918E-03
   1542.00    0.3473733504E-03
   1543.00    0.3358252231E-03
   1544.00    0.3258055384E-03
   1545.00    0.3149303327E-03
   1546.00    0.3033464385E-03
   1547.00    0.2926505158E-03
   1548.00    0.2833199036E-03
   1549.00    0.2747967448E-03
   1550.00    0.2666144320E-03
   1551.00    0.2585874403E-03
   1552.00    0.2506752789E-03
   1553.00    0.2428882557E-03
   1554.00    0.2352486372E-03
   1555.00    0.2277774974E-03
   1556.00    0.2204912454E-03
   1557.00    0.2134014661E-03
   1558.00    0.2065157534E-03
   1559.00    0.1998387307E-03
   1560.00    0.1933730090E-03
   1561.00    0.1871200225E-03
   1562.00    0.1810807468E-03
   1563.00    0.1752563038E-03
   1564.00    0.1696484263E-03
   1565.00    0.1642596557E-03
   1566.00    0.1590929199E-03
   1567.00    0.1541495857E-03
   1568.00    0.1494237164E-03
   1569.00    0.1448868318E-03
   1570.00    0.1404487654E-03
   1571.00    0.1358589035E-03
   1572.00    0.1304681853E-03
   1573.00    0.1227448077E-03
   1574.00    0.1098255898E-03
   1575.00    0.8923557914E-04
   1576.00    0.6480323734E-04
   1577.00    0.4830371539E-04
   1578.00    0.5055079726E-04
   1579.00    0.6941708268E-04
   1580.00    0.9560268844E-04
   1581.00    0.1182325344E-03
   1582.00    0.1286083892E-03
   1583.00    0.1279424394E-03
   1584.00    0.1221109758E-03
   1585.00    0.1149632650E-03
   1586.00    0.1080099774E-03
   1587.00    0.1016678376E-03
   1588.00    0.9597091481E-04
   1589.00    0.9084773493E-04
   1590.00    0.8621825412E-04
   1591.00    0.8202911116E-04
   1592.00    0.7825747737E-04
   1593.00    0.7485158346E-04
   1594.00    0.7165625984E-04
   1595.00    0.6853745014E-04
   1596.00    0.6549041065E-04
   1597.00    0.6254814925E-04
   1598.00    0.5972419536E-04
   1599.00    0.5701621372E-04
   1600.00    0.5441601772E-04
   1601.00    0.5191438153E-04
   1602.00    0.4950269509E-04
   1603.00    0.4717337748E-04
   1604.00    0.4491987193E-04
   1605.00    0.4273652239E-04
   1606.00    0.4061843328E-04
   1607.00    0.3856134344E-04
   1608.00    0.3656152118E-04
   1609.00    0.3461567958E-04
   1610.00    0.3272090924E-04
   1611.00    0.3087462529E-04
   1612.00    0.2907452648E-04
   1613.00    0.2731856437E-04
   1614.00    0.2560492149E-04
   1615.00    0.2393199818E-04
   1616.00    0.2229840827E-04
   1617.00    0.2070298498E-04
   1618.00    0.1914479959E-04
   1619.00    0.1762319764E-04
   1620.00    0.1613786047E-04
   1621.00    0.1468890593E-04
   1622.00    0.1327705181E-04
   1623.00    0.1190388402E-04
   1624.00    0.1057230667E-04
   1625.00    0.9287318848E-05
   1626.00    0.8057397743E-05
   1627.00    0.6897027602E-05
   1628.00    0.5831353285E-05
   1629.00    0.4904262259E-05
   1630.00    0.4188999994E-05
   1631.00    0.3787369729E-05
   1632.00    0.3782499537E-05
   1633.00    0.4161525341E-05
   1634.00    0.4824339372E-05
   1635.00    0.5664775388E-05
   1636.00    0.6610494259E-05
   1637.00    0.7619566067E-05
   1638.00    0.8668954684E-05
   1639.00    0.9746501133E-05
   1640.00    0.1084650005E-04
   1641.00    0.1196742805E-04
   1642.00    0.1311085050E-04
   1643.00    0.1428098675E-04
   1644.00    0.1548465354E-04
   1645.00    0.1673137457E-04
   1646.00    0.1803331848E-04
   1647.00    0.1940420010E-04
   1648.00    0.2085468119E-04
   1649.00    0.2237726573E-04
   1650.00    0.2390203878E-04
   1651.00    0.2518480250E-04
   1652.00    0.2562354320E-04
   1653.00    0.2437687776E-04
   1654.00    0.2154621289E-04
   1655.00    0.1881391905E-04
   1656.00    0.1746105998E-04
   1657.00    0.1736083832E-04
   1658.00    0.1792406572E-04
   1659.00    0.1874173247E-04
   1660.00    0.1961720936E-04
   1661.00    0.2046782275E-04
   1662.00    0.2126062345E-04
   1663.00    0.2198257447E-04
   1664.00    0.2262783467E-04
   1665.00    0.2319237593E-04
   1666.00    0.2367165486E-04
   1667.00    0.2405959783E-04
   1668.00    0.2434827956E-04
   1669.00    0.2452829288E-04
   1670.00    0.2459044292E-04
   1671.00    0.2453060444E-04
   1672.00    0.2436243139E-04
   1673.00    0.2414950043E-04
   1674.00    0.2408331960E-04
   1675.00    0.2465110875E-04
   1676.00    0.2687527830E-04
   1677.00    0.3221151217E-04
   1678.00    0.4120784874E-04
   1679.00    0.5140622931E-04
   1680.00    0.5850991973E-04
   1681.00    0.6123133189E-04
   1682.00    0.6133209450E-04
   1683.00    0.6050332541E-04
   1684.00    0.5953995473E-04
   1685.00    0.5871302918E-04
   1686.00    0.5808466311E-04
   1687.00    0.5764685601E-04
   1688.00    0.5737273512E-04
   1689.00    0.5723385345E-04
   1690.00    0.5720529624E-04
   1691.00    0.5726660441E-04
   1692.00    0.5740138196E-04
   1693.00    0.5759659055E-04
   1694.00    0.5784186281E-04
   1695.00    0.5812892541E-04
   1696.00    0.5845114102E-04
   1697.00    0.5880315287E-04
   1698.00    0.5918061149E-04
   1699.00    0.5957996466E-04
   1700.00    0.5999829574E-04
   1701.00    0.6043319842E-04
   1702.00    0.6088267927E-04
   1703.00    0.6134508133E-04
   1704.00    0.6181902383E-04
   1705.00    0.6230335428E-04
   1706.00    0.6279711025E-04
   1707.00    0.6329948854E-04
   1708.00    0.6380982025E-04
   1709.00    0.6432755056E-04
   1710.00    0.6485222209E-04
   1711.00    0.6538346131E-04
   1712.00    0.6592096726E-04
   1713.00    0.6646450226E-04
   1714.00    0.6701388416E-04
   1715.00    0.6756897986E-04
   1716.00    0.6812969994E-04
   1717.00    0.6869599412E-04
   1718.00    0.6926784756E-04
   1719.00    0.6984527762E-04
   1720.00    0.7042833128E-04
   1721.00    0.7101708298E-04
   1722.00    0.7161163275E-04
   1723.00    0.7221210481E-04
   1724.00    0.7281864634E-04
   1725.00    0.7343142659E-04
   1726.00    0.7405063611E-04
   1727.00    0.7467648629E-04
   1728.00    0.7530920902E-04
   1729.00    0.7594905649E-04
   1730.00    0.7659630121E-04
   1731.00    0.7725123614E-04
   1732.00    0.7791417491E-04
   1733.00    0.7858545226E-04
   1734.00    0.7926542454E-04
   1735.00    0.7995447035E-04
   1736.00    0.8065299133E-04
   1737.00    0.8136141304E-04
   1738.00    0.8208018599E-04
   1739.00    0.8280978681E-04
   1740.00    0.8355071957E-04
   1741.00    0.8430351720E-04
   1742.00    0.8506874311E-04
   1743.00    0.8584699299E-04
   1744.00    0.8663889672E-04
   1745.00    0.8744512056E-04
   1746.00    0.8826636948E-04
   1747.00    0.8910338978E-04
   1748.00    0.8995697187E-04
   1749.00    0.9082795342E-04
   1750.00    0.9171722275E-04
   1751.00    0.9262572256E-04
   1752.00    0.9355445402E-04
   1753.00    0.9450448127E-04
   1754.00    0.9547693636E-04
   1755.00    0.9647302465E-04
   1756.00    0.9749403086E-04
   1757.00    0.9854132558E-04
   1758.00    0.9961637260E-04
   1759.00    0.1007207369E-03
   1760.00    0.1018560937E-03
   1761.00    0.1030242380E-03
   1762.00    0.1042270960E-03
   1763.00    0.1054667368E-03
   1764.00    0.1067453866E-03
   1765.00    0.1080654432E-03
   1766.00    0.1094294933E-03
   1767.00    0.1108403318E-03
   1768.00    0.1123009828E-03
   1769.00    0.1138147235E-03
   1770.00    0.1153851122E-03
   1771.00    0.1170160181E-03
   1772.00    0.1187116569E-03
   1773.00    0.1204766299E-03
   1774.00    0.1223159697E-03
   1775.00    0.1242351918E-03
   1776.00    0.1262403538E-03
   1777.00    0.1283381237E-03
   1778.00    0.1305358591E-03
   1779.00    0.1328416981E-03
   1780.00    0.1352646660E-03
   1781.00    0.1378147987E-03
   1782.00    0.1405032888E-03
   1783.00    0.1433426557E-03
   1784.00    0.1463469483E-03
   1785.00    0.1495319849E-03
   1786.00    0.1529156392E-03
   1787.00    0.1565181843E-03
   1788.00    0.1603627066E-03
   1789.00    0.1644756086E-03
   1790.00    0.1688872223E-03
   1791.00    0.1736325628E-03
   1792.00    0.1787522608E-03
   1793.00    0.1842937247E-03
   1794.00    0.1903126002E-03
   1795.00    0.1968746197E-03
   1796.00    0.2040579651E-03
   1797.00    0.2119563180E-03
   1798.00    0.2206828347E-03
   1799.00    0.2303753844E-03
   1800.00    0.2412035329E-03
   1801.00    0.2533779646E-03
   1802.00    0.2671633590E-03
   1803.00    0.2828962202E-03
   1804.00    0.3010098874E-03
   1805.00    0.3220700529E-03
   1806.00    0.3468257012E-03
   1807.00    0.3762824874E-03
   1808.00    0.4118075840E-03
   1809.00    0.4552739071E-03
   1810.00    0.5092354480E-03
   1811.00    0.5770512963E-03
   1812.00    0.6625994471E-03
   1813.00    0.7683238464E-03
   1814.00    0.8882151630E-03
   1815.00    0.9922100087E-03
   1816.00    0.1021636521E-02
   1817.00    0.9464787775E-03
   1818.00    0.8125091925E-03
   1819.00    0.6771512265E-03
   1820.00    0.5638494818E-03
   1821.00    0.4744205883E-03
   1822.00    0.4044676449E-03
   1823.00    0.3492424059E-03
   1824.00    0.3049822288E-03
   1825.00    0.2689337556E-03
   1826.00    0.2391189437E-03
   1827.00    0.2141117665E-03
   1828.00    0.1928718342E-03
   1829.00    0.1746287027E-03
   1830.00    0.1588028880E-03
   1831.00    0.1449518795E-03
   1832.00    0.1327328922E-03
   1833.00    0.1218768340E-03
   1834.00    0.1121698513E-03
   1835.00    0.1034400587E-03
   1836.00    0.9554786063E-04
   1837.00    0.8837879891E-04
   1838.00    0.8183819899E-04
   1839.00    0.7584711513E-04
   1840.00    0.7033922487E-04
   1841.00    0.6525842597E-04
   1842.00    0.6055695869E-04
   1843.00    0.5619392555E-04
   1844.00    0.5213411451E-04
   1845.00    0.4834705622E-04
   1846.00    0.4480626353E-04
   1847.00    0.4148861402E-04
   1848.00    0.3837384608E-04
   1849.00    0.3544414568E-04
   1850.00    0.3268380683E-04
   1851.00    0.3007895220E-04
   1852.00    0.2761730427E-04
   1853.00    0.2528799983E-04
   1854.00    0.2308144316E-04
   1855.00    0.2098919610E-04
   1856.00    0.1900390613E-04
   1857.00    0.1711927815E-04
   1858.00    0.1533010249E-04
   1859.00    0.1363236338E-04
   1860.00    0.1202347346E-04
   1861.00    0.1050271985E-04
   1862.00    0.9072085154E-05
   1863.00    0.7737759134E-05
   1864.00    0.6512939335E-05
   1865.00    0.5422928078E-05
   1866.00    0.4513413645E-05
   1867.00    0.3858431692E-05
   1868.00    0.3547469026E-05
   1869.00    0.3623375391E-05
   1870.00    0.4027737746E-05
   1871.00    0.4647525820E-05
   1872.00    0.5387063693E-05
   1873.00    0.6186369290E-05
   1874.00    0.7011346080E-05
   1875.00    0.7842866279E-05
   1876.00    0.8670050427E-05
   1877.00    0.9486615196E-05
   1878.00    0.1028891488E-04
   1879.00    0.1107486725E-04
   1880.00    0.1184334462E-04
   1881.00    0.1259381642E-04
   1882.00    0.1332613246E-04
   1883.00    0.1404038772E-04
   1884.00    0.1473683566E-04
   1885.00    0.1541583161E-04
   1886.00    0.1607779500E-04
   1887.00    0.1672318381E-04
   1888.00    0.1735247717E-04
   1889.00    0.1796616337E-04
   1890.00    0.1856473153E-04
   1891.00    0.1914866595E-04
   1892.00    0.1971844214E-04
   1893.00    0.2027452428E-04
   1894.00    0.2081736344E-04
   1895.00    0.2134739655E-04
   1896.00    0.2186504579E-04
   1897.00    0.2237071838E-04
   1898.00    0.2286480652E-04
   1899.00    0.2334768760E-04
   1900.00    0.2381972447E-04
   1901.00    0.2428126581E-04
   1902.00    0.2473264656E-04
   1903.00    0.2517418838E-04
   1904.00    0.2560620015E-04
   1905.00    0.2602897845E-04
   1906.00    0.2644280809E-04
   1907.00    0.2684796252E-04
   1908.00    0.2724470442E-04
   1909.00    0.2763328609E-04
   1910.00    0.2801394993E-04
   1911.00    0.2838692888E-04
   1912.00    0.2875244685E-04
   1913.00    0.2911071911E-04
   1914.00    0.2946195268E-04
   1915.00    0.2980634672E-04
   1916.00    0.3014409286E-04
   1917.00    0.3047537555E-04
   1918.00    0.3080037236E-04
   1919.00    0.3111925435E-04
   1920.00    0.3143218626E-04
   1921.00    0.3173932689E-04
   1922.00    0.3204082928E-04
   1923.00    0.3233684104E-04
   1924.00    0.3262750450E-04
   1925.00    0.3291295702E-04
   1926.00    0.3319333114E-04
   1927.00    0.3346875485E-04
   1928.00    0.3373935171E-04
   1929.00    0.3400524109E-04
   1930.00    0.3426653835E-04
   1931.00    0.3452335497E-04
   1932.00    0.3477579872E-04
   1933.00    0.3502397384E-04
   1934.00    0.3526798116E-04
   1935.00    0.3550791823E-04
   1936.00    0.3574387950E-04
   1937.00    0.3597595637E-04
   1938.00    0.3620423737E-04
   1939.00    0.3642880827E-04
   1940.00    0.3664975213E-04
   1941.00    0.3686714950E-04
   1942.00    0.3708107841E-04
   1943.00    0.3729161456E-04
   1944.00    0.3749883135E-04
   1945.00    0.3770280000E-04
   1946.00    0.3790358960E-04
   1947.00    0.3810126721E-04
   1948.00    0.3829589794E-04
   1949.00    0.3848754502E-04
   1950.00    0.3867626983E-04
   1951.00    0.3886213203E-04
   1952.00    0.3904518958E-04
   1953.00    0.3922549880E-04
   1954.00    0.3940311446E-04
   1955.00    0.3957808979E-04
   1956.00    0.3975047656E-04
   1957.00    0.3992032516E-04
   1958.00    0.4008768457E-04
   1959.00    0.4025260247E-04
   1960.00    0.4041512528E-04
   1961.00    0.4057529817E-04
   1962.00    0.4073316514E-04
   1963.00    0.4088876903E-04
   1964.00    0.4104215156E-04
   1965.00    0.4119335340E-04
   1966.00    0.4134241415E-04
   1967.00    0.4148937243E-04
   1968.00    0.4163426586E-04
   1969.00    0.4177713116E-04
   1970.00    0.4191800408E-04
   1971.00    0.4205691953E-04
   1972.00    0.4219391155E-04
   1973.00    0.4232901335E-04
   1974.00    0.4246225734E-04
   1975.00    0.4259367514E-04
   1976.00    0.4272329761E-04
   1977.00    0.4285115491E-04
   1978.00    0.4297727646E-04
   1979.00    0.4310169100E-04
   1980.00    0.4322442660E-04
   1981.00    0.4334551067E-04
   1982.00    0.4346497002E-04
   1983.00    0.4358283082E-04
   1984.00    0.4369911867E-04
   1985.00    0.4381385856E-04
   1986.00    0.4392707496E-04
   1987.00    0.4403879176E-04
   1988.00    0.4414903235E-04
   1989.00    0.4425781958E-04
   1990.00    0.4436517584E-04
   1991.00    0.4447112298E-04
   1992.00    0.4457568244E-04
   1993.00    0.4467887514E-04
   1994.00    0.4478072160E-04
   1995.00    0.4488124188E-04
   1996.00    0.4498045563E-04
   1997.00    0.4507838208E-04
   1998.00    0.4517504007E-04
   1999.00    0.4527044804E-04
   2000.00    0.4536462407E-04
   2001.00    0.4545758584E-04
   2002.00    0.4554935069E-04
   2003.00    0.4563993561E-04
   2004.00    0.4572935725E-04
   2005.00    0.4581763191E-04
   2006.00    0.4590477559E-04
   2007.00    0.4599080397E-04
   2008.00    0.4607573240E-04
   2009.00    0.4615957595E-04
   2010.00    0.4624234940E-04
   2011.00    0.4632406723E-04
   2012.00    0.4640474365E-04
   2013.00    0.4648439261E-04
   2014.00    0.4656302777E-04
   2015.00    0.4664066255E-04
   2016.00    0.4671731011E-04
   2017.00    0.4679298338E-04
   2018.00    0.4686769502E-04
   2019.00    0.4694145749E-04
   2020.00    0.4701428299E-04
   2021.00    0.4708618351E-04
   2022.00    0.4715717084E-04
   2023.00    0.4722725652E-04
   2024.00    0.4729645191E-04
   2025.00    0.4736476816E-04
   2026.00    0.4743221621E-04
   2027.00    0.4749880683E-04
   2028.00    0.4756455057E-04
   2029.00    0.4762945782E-04
   2030.00    0.4769353878E-04
   2031.00    0.4775680346E-04
   2032.00    0.4781926171E-04
   2033.00    0.4788092322E-04
   2034.00    0.4794179749E-04
   2035.00    0.4800189389E-04
   2036.00    0.4806122159E-04
   2037.00    0.4811978964E-04
   2038.00    0.4817760692E-04
   2039.00    0.4823468217E-04
   2040.00    0.4829102399E-04
   2041.00    0.4834664081E-04
   2042.00    0.4840154096E-04
   2043.00    0.4845573260E-04
   2044.00    0.4850922379E-04
   2045.00    0.4856202242E-04
   2046.00    0.4861413628E-04
   2047.00    0.4866557303E-04
   2048.00    0.4871634020E-04
   2049.00    0.4876644521E-04
   2050.00    0.4881589536E-04
   2051.00    0.4886469782E-04
   2052.00    0.4891285966E-04
   2053.00    0.4896038785E-04
   2054.00    0.4900728923E-04
   2055.00    0.4905357054E-04
   2056.00    0.4909923843E-04
   2057.00    0.4914429944E-04
   2058.00    0.4918875999E-04
   2059.00    0.4923262642E-04
   2060.00    0.4927590499E-04
   2061.00    0.4931860183E-04
   2062.00    0.4936072301E-04
   2063.00    0.4940227448E-04
   2064.00    0.4944326213E-04
   2065.00    0.4948369174E-04
   2066.00    0.4952356901E-04
   2067.00    0.4956289956E-04
   2068.00    0.4960168894E-04
   2069.00    0.4963994259E-04
   2070.00    0.4967766589E-04
   2071.00    0.4971486413E-04
   2072.00    0.4975154255E-04
   2073.00    0.4978770628E-04
   2074.00    0.4982336039E-04
   2075.00    0.4985850990E-04
   2076.00    0.4989315972E-04
   2077.00    0.4992731471E-04
   2078.00    0.4996097967E-04
   2079.00    0.4999415932E-04
   2080.00    0.5002685832E-04
   2081.00    0.5005908125E-04
   2082.00    0.5009083265E-04
   2083.00    0.5012211698E-04
   2084.00    0.5015293865E-04
   2085.00    0.5018330200E-04
   2086.00    0.5021321132E-04
   2087.00    0.5024267082E-04
   2088.00    0.5027168469E-04
   2089.00    0.5030025702E-04
   2090.00    0.5032839189E-04
   2091.00    0.5035609328E-04
   2092.00    0.5038336515E-04
   2093.00    0.5041021140E-04
   2094.00    0.5043663586E-04
   2095.00    0.5046264234E-04
   2096.00    0.5048823457E-04
   2097.00    0.5051341625E-04
   2098.00    0.5053819102E-04
   2099.00    0.5056256248E-04
   2100.00    0.5058653419E-04
   2101.00    0.5061010964E-04
   2102.00    0.5063329230E-04
   2103.00    0.5065608559E-04
   2104.00    0.5067849286E-04
   2105.00    0.5070051746E-04
   2106.00    0.5072216266E-04
   2107.00    0.5074343171E-04
   2108.00    0.5076432782E-04
   2109.00    0.5078485414E-04
   2110.00    0.5080501379E-04
   2111.00    0.5082480987E-04
   2112.00    0.5084424541E-04
   2113.00    0.5086332341E-04
   2114.00    0.5088204686E-04
   2115.00    0.5090041868E-04
   2116.00    0.5091844177E-04
   2117.00    0.5093611898E-04
   2118.00    0.5095345315E-04
   2119.00    0.5097044706E-04
   2120.00    0.5098710347E-04
   2121.00    0.5100342510E-04
   2122.00    0.5101941464E-04
   2123.00    0.5103507475E-04
   2124.00    0.5105040805E-04
   2125.00    0.5106541713E-04
   2126.00    0.5108010457E-04
   2127.00    0.5109447288E-04
   2128.00    0.5110852457E-04
   2129.00    0.5112226212E-04
   2130.00    0.5113568796E-04
   2131.00    0.5114880451E-04
   2132.00    0.5116161414E-04
   2133.00    0.5117411923E-04
   2134.00    0.5118632209E-04
   2135.00    0.5119822503E-04
   2136.00    0.5120983032E-04
   2137.00    0.5122114020E-04
   2138.00    0.5123215692E-04
   2139.00    0.5124288264E-04
   2140.00    0.5125331956E-04
   2141.00    0.5126346981E-04
   2142.00    0.5127333551E-04
   2143.00    0.5128291876E-04
   2144.00    0.5129222163E-04
   2145.00    0.5130124618E-04
   2146.00    0.5130999441E-04
   2147.00    0.5131846835E-04
   2148.00    0.5132666996E-04
   2149.00    0.5133460121E-04
   2150.00    0.5134226402E-04
   2151.00    0.5134966032E-04
   2152.00    0.5135679198E-04
   2153.00    0.5136366089E-04
   2154.00    0.5137026889E-04
   2155.00    0.5137661781E-04
   2156.00    0.5138270945E-04
   2157.00    0.5138854561E-04
   2158.00    0.5139412805E-04
   2159.00    0.5139945852E-04
   2160.00    0.5140453875E-04
   2161.00    0.5140937045E-04
   2162.00    0.5141395531E-04
   2163.00    0.5141829499E-04
   2164.00    0.5142239116E-04
   2165.00    0.5142624546E-04
   2166.00    0.5142985948E-04
   2167.00    0.5143323485E-04
   2168.00    0.5143637313E-04
   2169.00    0.5143927590E-04
   2170.00    0.5144194470E-04
   2171.00    0.5144438106E-04
   2172.00    0.5144658650E-04
   2173.00    0.5144856252E-04
   2174.00    0.5145031059E-04
   2175.00    0.5145183219E-04
   2176.00    0.5145312875E-04
   2177.00    0.5145420173E-04
   2178.00    0.5145505253E-04
   2179.00    0.5145568256E-04
   2180.00    0.5145609321E-04
   2181.00    0.5145628585E-04
   2182.00    0.5145626183E-04
   2183.00    0.5145602252E-04
   2184.00    0.5145556923E-04
   2185.00    0.5145490327E-04
   2186.00    0.5145402596E-04
   2187.00    0.5145293858E-04
   2188.00    0.5145164240E-04
   2189.00    0.5145013869E-04
   2190.00    0.5144842869E-04
   2191.00    0.5144651363E-04
   2192.00    0.5144439474E-04
   2193.00    0.5144207322E-04
   2194.00    0.5143955028E-04
   2195.00    0.5143682708E-04
   2196.00    0.5143390480E-04
   2197.00    0.5143078461E-04
   2198.00    0.5142746764E-04
   2199.00    0.5142395502E-04
   2200.00    0.5142024789E-04
   2201.00    0.5141634734E-04
   2202.00    0.5141225448E-04
   2203.00    0.5140797039E-04
   2204.00    0.5140349615E-04
   2205.00    0.5139883282E-04
   2206.00    0.5139398145E-04
   2207.00    0.5138894309E-04
   2208.00    0.5138371876E-04
   2209.00    0.5137830949E-04
   2210.00    0.5137271628E-04
   2211.00    0.5136694014E-04
   2212.00    0.5136098204E-04
   2213.00    0.5135484296E-04
   2214.00    0.5134852389E-04
   2215.00    0.5134202576E-04
   2216.00    0.5133534953E-04
   2217.00    0.5132849613E-04
   2218.00    0.5132146649E-04
   2219.00    0.5131426154E-04
   2220.00    0.5130688217E-04
   2221.00    0.5129932928E-04
   2222.00    0.5129160376E-04
   2223.00    0.5128370650E-04
   2224.00    0.5127563836E-04
   2225.00    0.5126740021E-04
   2226.00    0.5125899289E-04
   2227.00    0.5125041725E-04
   2228.00    0.5124167412E-04
   2229.00    0.5123276432E-04
   2230.00    0.5122368868E-04
   2231.00    0.5121444800E-04
   2232.00    0.5120504308E-04
   2233.00    0.5119547471E-04
   2234.00    0.5118574368E-04
   2235.00    0.5117585075E-04
   2236.00    0.5116579670E-04
   2237.00    0.5115558227E-04
   2238.00    0.5114520823E-04
   2239.00    0.5113467531E-04
   2240.00    0.5112398425E-04
   2241.00    0.5111313576E-04
   2242.00    0.5110213058E-04
   2243.00    0.5109096940E-04
   2244.00    0.5107965294E-04
   2245.00    0.5106818188E-04
   2246.00    0.5105655692E-04
   2247.00    0.5104477873E-04
   2248.00    0.5103284800E-04
   2249.00    0.5102076537E-04
   2250.00    0.5100853152E-04
   2251.00    0.5099614708E-04
   2252.00    0.5098361272E-04
   2253.00    0.5097092906E-04
   2254.00    0.5095809673E-04
   2255.00    0.5094511636E-04
   2256.00    0.5093198856E-04
   2257.00    0.5091871394E-04
   2258.00    0.5090529310E-04
   2259.00    0.5089172665E-04
   2260.00    0.5087801516E-04
   2261.00    0.5086415923E-04
   2262.00    0.5085015942E-04
   2263.00    0.5083601632E-04
   2264.00    0.5082173047E-04
   2265.00    0.5080730244E-04
   2266.00    0.5079273278E-04
   2267.00    0.5077802203E-04
   2268.00    0.5076317073E-04
   2269.00    0.5074817942E-04
   2270.00    0.5073304861E-04
   2271.00    0.5071777883E-04
   2272.00    0.5070237059E-04
   2273.00    0.5068682440E-04
   2274.00    0.5067114076E-04
   2275.00    0.5065532017E-04
   2276.00    0.5063936311E-04
   2277.00    0.5062327008E-04
   2278.00    0.5060704154E-04
   2279.00    0.5059067798E-04
   2280.00    0.5057417985E-04
   2281.00    0.5055754763E-04
   2282.00    0.5054078176E-04
   2283.00    0.5052388270E-04
   2284.00    0.5050685089E-04
   2285.00    0.5048968678E-04
   2286.00    0.5047239079E-04
   2287.00    0.5045496335E-04
   2288.00    0.5043740489E-04
   2289.00    0.5041971582E-04
   2290.00    0.5040189656E-04
   2291.00    0.5038394751E-04
   2292.00    0.5036586909E-04
   2293.00    0.5034766167E-04
   2294.00    0.5032932566E-04
   2295.00    0.5031086144E-04
   2296.00    0.5029226940E-04
   2297.00    0.5027354991E-04
   2298.00    0.5025470334E-04
   2299.00    0.5023573006E-04
   2300.00    0.5021663043E-04
   2301.00    0.5019740480E-04
   2302.00    0.5017805354E-04
   2303.00    0.5015857698E-04
   2304.00    0.5013897547E-04
   2305.00    0.5011924934E-04
   2306.00    0.5009939894E-04
   2307.00    0.5007942458E-04
   2308.00    0.5005932659E-04
   2309.00    0.5003910529E-04
   2310.00    0.5001876099E-04
   2311.00    0.4999829400E-04
   2312.00    0.4997770463E-04
   2313.00    0.4995699318E-04
   2314.00    0.4993615993E-04
   2315.00    0.4991520519E-04
   2316.00    0.4989412924E-04
   2317.00    0.4987293236E-04
   2318.00    0.4985161483E-04
   2319.00    0.4983017692E-04
   2320.00    0.4980861890E-04
   2321.00    0.4978694104E-04
   2322.00    0.4976514359E-04
   2323.00    0.4974322681E-04
   2324.00    0.4972119096E-04
   2325.00    0.4969903627E-04
   2326.00    0.4967676299E-04
   2327.00    0.4965437137E-04
   2328.00    0.4963186163E-04
   2329.00    0.4960923400E-04
   2330.00    0.4958648872E-04
   2331.00    0.4956362599E-04
   2332.00    0.4954064605E-04
   2333.00    0.4951754910E-04
   2334.00    0.4949433535E-04
   2335.00    0.4947100501E-04
   2336.00    0.4944755827E-04
   2337.00    0.4942399534E-04
   2338.00    0.4940031641E-04
   2339.00    0.4937652167E-04
   2340.00    0.4935261129E-04
   2341.00    0.4932858547E-04
   2342.00    0.4930444438E-04
   2343.00    0.4928018819E-04
   2344.00    0.4925581707E-04
   2345.00    0.4923133119E-04
   2346.00    0.4920673070E-04
   2347.00    0.4918201576E-04
   2348.00    0.4915718653E-04
   2349.00    0.4913224316E-04
   2350.00    0.4910718579E-04
   2351.00    0.4908201456E-04
   2352.00    0.4905672961E-04
   2353.00    0.4903133108E-04
   2354.00    0.4900581908E-04
   2355.00    0.4898019376E-04
   2356.00    0.4895445523E-04
   2357.00    0.4892860361E-04
   2358.00    0.4890263901E-04
   2359.00    0.4887656155E-04
   2360.00    0.4885037133E-04
   2361.00    0.4882406846E-04
   2362.00    0.4879765303E-04
   2363.00    0.4877112514E-04
   2364.00    0.4874448489E-04
   2365.00    0.4871773235E-04
   2366.00    0.4869086762E-04
   2367.00    0.4866389078E-04
   2368.00    0.4863680191E-04
   2369.00    0.4860960106E-04
   2370.00    0.4858228833E-04
   2371.00    0.4855486377E-04
   2372.00    0.4852732744E-04
   2373.00    0.4849967941E-04
   2374.00    0.4847191973E-04
   2375.00    0.4844404844E-04
   2376.00    0.4841606560E-04
   2377.00    0.4838797126E-04
   2378.00    0.4835976545E-04
   2379.00    0.4833144820E-04
   2380.00    0.4830301956E-04
   2381.00    0.4827447954E-04
   2382.00    0.4824582819E-04
   2383.00    0.4821706551E-04
   2384.00    0.4818819153E-04
   2385.00    0.4815920626E-04
   2386.00    0.4813010971E-04
   2387.00    0.4810090190E-04
   2388.00    0.4807158282E-04
   2389.00    0.4804215248E-04
   2390.00    0.4801261086E-04
   2391.00    0.4798295798E-04
   2392.00    0.4795319380E-04
   2393.00    0.4792331833E-04
   2394.00    0.4789333154E-04
   2395.00    0.4786323341E-04
   2396.00    0.4783302392E-04
   2397.00    0.4780270304E-04
   2398.00    0.4777227073E-04
   2399.00    0.4774172696E-04
   2400.00    0.4771107170E-04
   2401.00    0.4768030489E-04
   2402.00    0.4764942649E-04
   2403.00    0.4761843645E-04
   2404.00    0.4758733472E-04
   2405.00    0.4755612124E-04
   2406.00    0.4752479595E-04
   2407.00    0.4749335878E-04
   2408.00    0.4746180966E-04
   2409.00    0.4743014853E-04
   2410.00    0.4739837531E-04
   2411.00    0.4736648992E-04
   2412.00    0.4733449227E-04
   2413.00    0.4730238227E-04
   2414.00    0.4727015985E-04
   2415.00    0.4723782490E-04
   2416.00    0.4720537733E-04
   2417.00    0.4717281704E-04
   2418.00    0.4714014391E-04
   2419.00    0.4710735785E-04
   2420.00    0.4707445874E-04
   2421.00    0.4704144646E-04
   2422.00    0.4700832090E-04
   2423.00    0.4697508192E-04
   2424.00    0.4694172941E-04
   2425.00    0.4690826324E-04
   2426.00    0.4687468326E-04
   2427.00    0.4684098934E-04
   2428.00    0.4680718134E-04
   2429.00    0.4677325912E-04
   2430.00    0.4673922251E-04
   2431.00    0.4670507138E-04
   2432.00    0.4667080555E-04
   2433.00    0.4663642488E-04
   2434.00    0.4660192920E-04
   2435.00    0.4656731833E-04
   2436.00    0.4653259211E-04
   2437.00    0.4649775036E-04
   2438.00    0.4646279290E-04
   2439.00    0.4642771954E-04
   2440.00    0.4639253010E-04
   2441.00    0.4635722439E-04
   2442.00    0.4632180221E-04
   2443.00    0.4628626336E-04
   2444.00    0.4625060764E-04
   2445.00    0.4621483484E-04
   2446.00    0.4617894475E-04
   2447.00    0.4614293716E-04
   2448.00    0.4610681184E-04
   2449.00    0.4607056857E-04
   2450.00    0.4603420713E-04
   2451.00    0.4599772728E-04
   2452.00    0.4596112879E-04
   2453.00    0.4592441142E-04
   2454.00    0.4588757493E-04
   2455.00    0.4585061907E-04
   2456.00    0.4581354358E-04
   2457.00    0.4577634822E-04
   2458.00    0.4573903272E-04
   2459.00    0.4570159682E-04
   2460.00    0.4566404025E-04
   2461.00    0.4562636274E-04
   2462.00    0.4558856402E-04
   2463.00    0.4555064379E-04
   2464.00    0.4551260178E-04
   2465.00    0.4547443771E-04
   2466.00    0.4543615126E-04
   2467.00    0.4539774216E-04
   2468.00    0.4535921009E-04
   2469.00    0.4532055475E-04
   2470.00    0.4528177583E-04
   2471.00    0.4524287301E-04
   2472.00    0.4520384598E-04
   2473.00    0.4516469441E-04
   2474.00    0.4512541797E-04
   2475.00    0.4508601634E-04
   2476.00    0.4504648917E-04
   2477.00    0.4500683612E-04
   2478.00    0.4496705684E-04
   2479.00    0.4492715099E-04
   2480.00    0.4488711821E-04
   2481.00    0.4484695814E-04
   2482.00    0.4480667041E-04
   2483.00    0.4476625466E-04
   2484.00    0.4472571052E-04
   2485.00    0.4468503759E-04
   2486.00    0.4464423551E-04
   2487.00    0.4460330388E-04
   2488.00    0.4456224231E-04
   2489.00    0.4452105040E-04
   2490.00    0.4447972775E-04
   2491.00    0.4443827396E-04
   2492.00    0.4439668860E-04
   2493.00    0.4435497126E-04
   2494.00    0.4431312153E-04
   2495.00    0.4427113897E-04
   2496.00    0.4422902315E-04
   2497.00    0.4418677363E-04
   2498.00    0.4414438998E-04
   2499.00    0.4410187174E-04
   2500.00    0.4405921846E-04
   2501.00    0.4401642968E-04
   2502.00    0.4397350495E-04
   2503.00    0.4393044379E-04
   2504.00    0.4388724572E-04
   2505.00    0.4384391028E-04
   2506.00    0.4380043697E-04
   2507.00    0.4375682531E-04
   2508.00    0.4371307480E-04
   2509.00    0.4366918494E-04
   2510.00    0.4362515522E-04
   2511.00    0.4358098514E-04
   2512.00    0.4353667418E-04
   2513.00    0.4349222180E-04
   2514.00    0.4344762750E-04
   2515.00    0.4340289072E-04
   2516.00    0.4335801093E-04
   2517.00    0.4331298759E-04
   2518.00    0.4326782014E-04
   2519.00    0.4322250803E-04
   2520.00    0.4317705069E-04
   2521.00    0.4313144755E-04
   2522.00    0.4308569804E-04
   2523.00    0.4303980158E-04
   2524.00    0.4299375758E-04
   2525.00    0.4294756545E-04
   2526.00    0.4290122458E-04
   2527.00    0.4285473438E-04
   2528.00    0.4280809422E-04
   2529.00    0.4276130349E-04
   2530.00    0.4271436157E-04
   2531.00    0.4266726782E-04
   2532.00    0.4262002161E-04
   2533.00    0.4257262229E-04
   2534.00    0.4252506921E-04
   2535.00    0.4247736172E-04
   2536.00    0.4242949915E-04
   2537.00    0.4238148082E-04
   2538.00    0.4233330607E-04
   2539.00    0.4228497420E-04
   2540.00    0.4223648453E-04
   2541.00    0.4218783635E-04
   2542.00    0.4213902897E-04
   2543.00    0.4209006167E-04
   2544.00    0.4204093372E-04
   2545.00    0.4199164441E-04
   2546.00    0.4194219300E-04
   2547.00    0.4189257875E-04
   2548.00    0.4184280090E-04
   2549.00    0.4179285871E-04
   2550.00    0.4174275141E-04
   2551.00    0.4169247822E-04
   2552.00    0.4164203838E-04
   2553.00    0.4159143109E-04
   2554.00    0.4154065556E-04
   2555.00    0.4148971098E-04
   2556.00    0.4143859655E-04
   2557.00    0.4138731145E-04
   2558.00    0.4133585485E-04
   2559.00    0.4128422593E-04
   2560.00    0.4123242382E-04
   2561.00    0.4118044770E-04
   2562.00    0.4112829669E-04
   2563.00    0.4107596993E-04
   2564.00    0.4102346655E-04
   2565.00    0.4097078566E-04
   2566.00    0.4091792637E-04
   2567.00    0.4086488777E-04
   2568.00    0.4081166896E-04
   2569.00    0.4075826901E-04
   2570.00    0.4070468701E-04
   2571.00    0.4065092200E-04
   2572.00    0.4059697305E-04
   2573.00    0.4054283920E-04
   2574.00    0.4048851948E-04
   2575.00    0.4043401293E-04
   2576.00    0.4037931855E-04
   2577.00    0.4032443536E-04
   2578.00    0.4026936234E-04
   2579.00    0.4021409850E-04
   2580.00    0.4015864280E-04
   2581.00    0.4010299421E-04
   2582.00    0.4004715170E-04
   2583.00    0.3999111420E-04
   2584.00    0.3993488066E-04
   2585.00    0.3987845000E-04
   2586.00    0.3982182115E-04
   2587.00    0.3976499299E-04
   2588.00    0.3970796444E-04
   2589.00    0.3965073438E-04
   2590.00    0.3959330167E-04
   2591.00    0.3953566519E-04
   2592.00    0.3947782378E-04
   2593.00    0.3941977628E-04
   2594.00    0.3936152153E-04
   2595.00    0.3930305834E-04
   2596.00    0.3924438552E-04
   2597.00    0.3918550186E-04
   2598.00    0.3912640615E-04
   2599.00    0.3906709716E-04
   2600.00    0.3900757364E-04
   2601.00    0.3894783435E-04
   2602.00    0.3888787801E-04
   2603.00    0.3882770336E-04
   2604.00    0.3876730910E-04
   2605.00    0.3870669393E-04
   2606.00    0.3864585653E-04
   2607.00    0.3858479557E-04
   2608.00    0.3852350972E-04
   2609.00    0.3846199762E-04
   2610.00    0.3840025790E-04
   2611.00    0.3833828917E-04
   2612.00    0.3827609006E-04
   2613.00    0.3821365914E-04
   2614.00    0.3815099500E-04
   2615.00    0.3808809619E-04
   2616.00    0.3802496127E-04
   2617.00    0.3796158877E-04
   2618.00    0.3789797722E-04
   2619.00    0.3783412511E-04
   2620.00    0.3777003094E-04
   2621.00    0.3770569319E-04
   2622.00    0.3764111032E-04
   2623.00    0.3757628076E-04
   2624.00    0.3751120296E-04
   2625.00    0.3744587533E-04
   2626.00    0.3738029626E-04
   2627.00    0.3731446414E-04
   2628.00    0.3724837733E-04
   2629.00    0.3718203419E-04
   2630.00    0.3711543305E-04
   2631.00    0.3704857222E-04
   2632.00    0.3698145000E-04
   2633.00    0.3691406469E-04
   2634.00    0.3684641453E-04
   2635.00    0.3677849779E-04
   2636.00    0.3671031269E-04
   2637.00    0.3664185744E-04
   2638.00    0.3657313024E-04
   2639.00    0.3650412926E-04
   2640.00    0.3643485267E-04
   2641.00    0.3636529859E-04
   2642.00    0.3629546516E-04
   2643.00    0.3622535046E-04
   2644.00    0.3615495258E-04
   2645.00    0.3608426959E-04
   2646.00    0.3601329952E-04
   2647.00    0.3594204039E-04
   2648.00    0.3587049021E-04
   2649.00    0.3579864695E-04
   2650.00    0.3572650858E-04
   2651.00    0.3565407303E-04
   2652.00    0.3558133823E-04
   2653.00    0.3550830206E-04
   2654.00    0.3543496239E-04
   2655.00    0.3536131709E-04
   2656.00    0.3528736398E-04
   2657.00    0.3521310087E-04
   2658.00    0.3513852553E-04
   2659.00    0.3506363574E-04
   2660.00    0.3498842922E-04
   2661.00    0.3491290369E-04
   2662.00    0.3483705684E-04
   2663.00    0.3476088632E-04
   2664.00    0.3468438979E-04
   2665.00    0.3460756486E-04
   2666.00    0.3453040911E-04
   2667.00    0.3445292011E-04
   2668.00    0.3437509540E-04
   2669.00    0.3429693248E-04
   2670.00    0.3421842885E-04
   2671.00    0.3413958195E-04
   2672.00    0.3406038922E-04
   2673.00    0.3398084807E-04
   2674.00    0.3390095586E-04
   2675.00    0.3382070995E-04
   2676.00    0.3374010765E-04
   2677.00    0.3365914625E-04
   2678.00    0.3357782300E-04
   2679.00    0.3349613515E-04
   2680.00    0.3341407987E-04
   2681.00    0.3333165436E-04
   2682.00    0.3324885573E-04
   2683.00    0.3316568110E-04
   2684.00    0.3308212755E-04
   2685.00    0.3299819210E-04
   2686.00    0.3291387177E-04
   2687.00    0.3282916355E-04
   2688.00    0.3274406435E-04
   2689.00    0.3265857111E-04
   2690.00    0.3257268068E-04
   2691.00    0.3248638992E-04
   2692.00    0.3239969561E-04
   2693.00    0.3231259453E-04
   2694.00    0.3222508341E-04
   2695.00    0.3213715894E-04
   2696.00    0.3204881778E-04
   2697.00    0.3196005655E-04
   2698.00    0.3187087182E-04
   2699.00    0.3178126015E-04
   2700.00    0.3169121802E-04
   2701.00    0.3160074190E-04
   2702.00    0.3150982821E-04
   2703.00    0.3141847334E-04
   2704.00    0.3132667361E-04
   2705.00    0.3123442533E-04
   2706.00    0.3114172475E-04
   2707.00    0.3104856808E-04
   2708.00    0.3095495148E-04
   2709.00    0.3086087107E-04
   2710.00    0.3076632292E-04
   2711.00    0.3067130308E-04
   2712.00    0.3057580751E-04
   2713.00    0.3047983215E-04
   2714.00    0.3038337290E-04
   2715.00    0.3028642558E-04
   2716.00    0.3018898599E-04
   2717.00    0.3009104987E-04
   2718.00    0.2999261290E-04
   2719.00    0.2989367071E-04
   2720.00    0.2979421890E-04
   2721.00    0.2969425300E-04
   2722.00    0.2959376847E-04
   2723.00    0.2949276074E-04
   2724.00    0.2939122518E-04
   2725.00    0.2928915710E-04
   2726.00    0.2918655175E-04
   2727.00    0.2908340432E-04
   2728.00    0.2897970996E-04
   2729.00    0.2887546373E-04
   2730.00    0.2877066065E-04
   2731.00    0.2866529568E-04
   2732.00    0.2855936371E-04
   2733.00    0.2845285956E-04
   2734.00    0.2834577800E-04
   2735.00    0.2823811372E-04
   2736.00    0.2812986136E-04
   2737.00    0.2802101549E-04
   2738.00    0.2791157058E-04
   2739.00    0.2780152108E-04
   2740.00    0.2769086134E-04
   2741.00    0.2757958564E-04
   2742.00    0.2746768819E-04
   2743.00    0.2735516313E-04
   2744.00    0.2724200452E-04
   2745.00    0.2712820634E-04
   2746.00    0.2701376251E-04
   2747.00    0.2689866684E-04
   2748.00    0.2678291310E-04
   2749.00    0.2666649494E-04
   2750.00    0.2654940596E-04
   2751.00    0.2643163965E-04
   2752.00    0.2631318943E-04
   2753.00    0.2619404863E-04
   2754.00    0.2607421049E-04
   2755.00    0.2595366816E-04
   2756.00    0.2583241470E-04
   2757.00    0.2571044308E-04
   2758.00    0.2558774617E-04
   2759.00    0.2546431677E-04
   2760.00    0.2534014753E-04
   2761.00    0.2521523106E-04
   2762.00    0.2508955983E-04
   2763.00    0.2496312622E-04
   2764.00    0.2483592251E-04
   2765.00    0.2470794088E-04
   2766.00    0.2457917339E-04
   2767.00    0.2444961200E-04
   2768.00    0.2431924854E-04
   2769.00    0.2418807476E-04
   2770.00    0.2405608228E-04
   2771.00    0.2392326258E-04
   2772.00    0.2378960707E-04
   2773.00    0.2365510701E-04
   2774.00    0.2351975352E-04
   2775.00    0.2338353764E-04
   2776.00    0.2324645024E-04
   2777.00    0.2310848210E-04
   2778.00    0.2296962384E-04
   2779.00    0.2282986595E-04
   2780.00    0.2268919880E-04
   2781.00    0.2254761261E-04
   2782.00    0.2240509746E-04
   2783.00    0.2226164329E-04
   2784.00    0.2211723990E-04
   2785.00    0.2197187693E-04
   2786.00    0.2182554387E-04
   2787.00    0.2167823007E-04
   2788.00    0.2152992471E-04
   2789.00    0.2138061682E-04
   2790.00    0.2123029527E-04
   2791.00    0.2107894876E-04
   2792.00    0.2092656582E-04
   2793.00    0.2077313481E-04
   2794.00    0.2061864393E-04
   2795.00    0.2046308119E-04
   2796.00    0.2030643443E-04
   2797.00    0.2014869130E-04
   2798.00    0.1998983926E-04
   2799.00    0.1982986559E-04
   2800.00    0.1966875737E-04
   2801.00    0.1950650150E-04
   2802.00    0.1934308467E-04
   2803.00    0.1917849335E-04
   2804.00    0.1901271383E-04
   2805.00    0.1884573218E-04
   2806.00    0.1867753425E-04
   2807.00    0.1850810567E-04
   2808.00    0.1833743188E-04
   2809.00    0.1816549804E-04
   2810.00    0.1799228913E-04
   2811.00    0.1781778988E-04
   2812.00    0.1764198476E-04
   2813.00    0.1746485804E-04
   2814.00    0.1728639371E-04
   2815.00    0.1710657554E-04
   2816.00    0.1692538701E-04
   2817.00    0.1674281137E-04
   2818.00    0.1655883160E-04
   2819.00    0.1637343042E-04
   2820.00    0.1618659028E-04
   2821.00    0.1599829334E-04
   2822.00    0.1580852150E-04
   2823.00    0.1561725637E-04
   2824.00    0.1542447928E-04
   2825.00    0.1523017127E-04
   2826.00    0.1503431307E-04
   2827.00    0.1483688514E-04
   2828.00    0.1463786763E-04
   2829.00    0.1443724038E-04
   2830.00    0.1423498294E-04
   2831.00    0.1403107455E-04
   2832.00    0.1382549414E-04
   2833.00    0.1361822033E-04
   2834.00    0.1340923143E-04
   2835.00    0.1319850545E-04
   2836.00    0.1298602009E-04
   2837.00    0.1277175274E-04
   2838.00    0.1255568049E-04
   2839.00    0.1233778014E-04
   2840.00    0.1211802820E-04
   2841.00    0.1189640092E-04
   2842.00    0.1167287425E-04
   2843.00    0.1144742391E-04
   2844.00    0.1122002539E-04
   2845.00    0.1099065396E-04
   2846.00    0.1075928472E-04
   2847.00    0.1052589261E-04
   2848.00    0.1029045247E-04
   2849.00    0.1005293909E-04
   2850.00    0.9813327252E-05
   2851.00    0.9571591831E-05
   2852.00    0.9327707862E-05
   2853.00    0.9081650658E-05
   2854.00    0.8833395945E-05
   2855.00    0.8582920021E-05
   2856.00    0.8330199955E-05
   2857.00    0.8075213838E-05
   2858.00    0.7817941082E-05
   2859.00    0.7558362803E-05
   2860.00    0.7296462295E-05
   2861.00    0.7032225634E-05
   2862.00    0.6765642437E-05
   2863.00    0.6496706844E-05
   2864.00    0.6225418783E-05
   2865.00    0.5951785632E-05
   2866.00    0.5675824403E-05
   2867.00    0.5397564678E-05
   2868.00    0.5117052588E-05
   2869.00    0.4834356295E-05
   2870.00    0.4549573672E-05
   2871.00    0.4262843254E-05
   2872.00    0.3974360198E-05
   2873.00    0.3684400052E-05
   2874.00    0.3393355080E-05
   2875.00    0.3101791363E-05
   2876.00    0.2810541386E-05
   2877.00    0.2520859333E-05
   2878.00    0.2234691012E-05
   2879.00    0.1955159423E-05
   2880.00    0.1687460592E-05
   2881.00    0.1440508147E-05
   2882.00    0.1229670791E-05
   2883.00    0.1079656086E-05
   2884.00    0.1021304141E-05
   2885.00    0.1073244938E-05
   2886.00    0.1224682381E-05
   2887.00    0.1447454104E-05
   2888.00    0.1716406655E-05
   2889.00    0.2015265343E-05
   2890.00    0.2334484859E-05
   2891.00    0.2668504090E-05
   2892.00    0.3014000003E-05
   2893.00    0.3368920907E-05
   2894.00    0.3731960831E-05
   2895.00    0.4102267844E-05
   2896.00    0.4479276844E-05
   2897.00    0.4862610278E-05
   2898.00    0.5252017185E-05
   2899.00    0.5647334582E-05
   2900.00    0.6048462295E-05
   2901.00    0.6455346153E-05
   2902.00    0.6867966491E-05
   2903.00    0.7286330138E-05
   2904.00    0.7710464733E-05
   2905.00    0.8140414629E-05
   2906.00    0.8576237899E-05
   2907.00    0.9018004132E-05
   2908.00    0.9465792790E-05
   2909.00    0.9919691973E-05
   2910.00    0.1037979750E-04
   2911.00    0.1084621221E-04
   2912.00    0.1131904545E-04
   2913.00    0.1179841266E-04
   2914.00    0.1228443517E-04
   2915.00    0.1277723990E-04
   2916.00    0.1327695933E-04
   2917.00    0.1378373138E-04
   2918.00    0.1429769939E-04
   2919.00    0.1481901213E-04
   2920.00    0.1534782389E-04
   2921.00    0.1588429448E-04
   2922.00    0.1642858939E-04
   2923.00    0.1698087991E-04
   2924.00    0.1754134322E-04
   2925.00    0.1811016264E-04
   2926.00    0.1868752775E-04
   2927.00    0.1927363461E-04
   2928.00    0.1986868598E-04
   2929.00    0.2047289158E-04
   2930.00    0.2108646830E-04
   2931.00    0.2170964054E-04
   2932.00    0.2234264043E-04
   2933.00    0.2298570821E-04
   2934.00    0.2363909252E-04
   2935.00    0.2430305078E-04
   2936.00    0.2497784955E-04
   2937.00    0.2566376494E-04
   2938.00    0.2636108305E-04
   2939.00    0.2707010039E-04
   2940.00    0.2779112438E-04
   2941.00    0.2852447386E-04
   2942.00    0.2927047964E-04
   2943.00    0.3002948504E-04
   2944.00    0.3080184654E-04
   2945.00    0.3158793443E-04
   2946.00    0.3238813347E-04
   2947.00    0.3320284365E-04
   2948.00    0.3403248099E-04
   2949.00    0.3487747833E-04
   2950.00    0.3573828628E-04
   2951.00    0.3661537415E-04
   2952.00    0.3750923095E-04
   2953.00    0.3842036652E-04
   2954.00    0.3934931267E-04
   2955.00    0.4029662444E-04
   2956.00    0.4126288143E-04
   2957.00    0.4224868928E-04
   2958.00    0.4325468117E-04
   2959.00    0.4428151950E-04
   2960.00    0.4532989770E-04
   2961.00    0.4640054213E-04
   2962.00    0.4749421420E-04
   2963.00    0.4861171257E-04
   2964.00    0.4975387564E-04
   2965.00    0.5092158415E-04
   2966.00    0.5211576405E-04
   2967.00    0.5333738958E-04
   2968.00    0.5458748666E-04
   2969.00    0.5586713655E-04
   2970.00    0.5717747986E-04
   2971.00    0.5851972086E-04
   2972.00    0.5989513231E-04
   2973.00    0.6130506064E-04
   2974.00    0.6275093165E-04
   2975.00    0.6423425684E-04
   2976.00    0.6575664026E-04
   2977.00    0.6731978616E-04
   2978.00    0.6892550732E-04
   2979.00    0.7057573443E-04
   2980.00    0.7227252625E-04
   2981.00    0.7401808110E-04
   2982.00    0.7581474952E-04
   2983.00    0.7766504837E-04
   2984.00    0.7957167664E-04
   2985.00    0.8153753312E-04
   2986.00    0.8356573614E-04
   2987.00    0.8565964588E-04
   2988.00    0.8782288945E-04
   2989.00    0.9005938922E-04
   2990.00    0.9237339490E-04
   2991.00    0.9476952004E-04
   2992.00    0.9725278352E-04
   2993.00    0.9982865695E-04
   2994.00    0.1025031191E-03
   2995.00    0.1052827182E-03
   2996.00    0.1081746441E-03
   2997.00    0.1111868115E-03
   2998.00    0.1143279566E-03
   2999.00    0.1176077500E-03
   3000.00    0.1210369285E-03
   3001.00    0.1246274501E-03
   3002.00    0.1283926765E-03
   3003.00    0.1323475899E-03
   3004.00    0.1365090510E-03
   3005.00    0.1408961068E-03
   3006.00    0.1455303619E-03
   3007.00    0.1504364267E-03
   3008.00    0.1556424625E-03
   3009.00    0.1611808483E-03
   3010.00    0.1670890019E-03
   3011.00    0.1734103972E-03
   3012.00    0.1801958349E-03
   3013.00    0.1875050399E-03
   3014.00    0.1954086885E-03
   3015.00    0.2039910008E-03
   3016.00    0.2133530879E-03
   3017.00    0.2236173176E-03
   3018.00    0.2349330670E-03
   3019.00    0.2474843915E-03
   3020.00    0.2615003728E-03
   3021.00    0.2772692666E-03
   3022.00    0.2951581176E-03
   3023.00    0.3156403663E-03
   3024.00    0.3393353263E-03
   3025.00    0.3670655839E-03
   3026.00    0.3999419005E-03
   3027.00    0.4394909213E-03
   3028.00    0.4878501720E-03
   3029.00    0.5480687514E-03
   3030.00    0.6245698221E-03
   3031.00    0.7238383577E-03
   3032.00    0.8553225267E-03
   3033.00    0.1032075656E-02
   3034.00    0.1268684448E-02
   3035.00    0.1567295891E-02
   3036.00    0.1870173970E-02
   3037.00    0.1992781246E-02
   3038.00    0.1753677971E-02
   3039.00    0.1303966840E-02
   3040.00    0.9328645337E-03
   3041.00    0.7315346499E-03
   3042.00    0.6603156547E-03
   3043.00    0.6638194900E-03
   3044.00    0.6979814485E-03
   3045.00    0.7185464585E-03
   3046.00    0.6921261741E-03
   3047.00    0.6280520567E-03
   3048.00    0.5583595490E-03
   3049.00    0.5011008283E-03
   3050.00    0.4592405722E-03
   3051.00    0.4303425649E-03
   3052.00    0.4113254664E-03
   3053.00    0.3997074088E-03
   3054.00    0.3937016761E-03
   3055.00    0.3920645186E-03
   3056.00    0.3939374401E-03
   3057.00    0.3987292416E-03
   3058.00    0.4060352531E-03
   3059.00    0.4155835212E-03
   3060.00    0.4271991897E-03
   3061.00    0.4407809439E-03
   3062.00    0.4562855033E-03
   3063.00    0.4737175889E-03
   3064.00    0.4931237341E-03
   3065.00    0.5145889138E-03
   3066.00    0.5382353658E-03
   3067.00    0.5642232441E-03
   3068.00    0.5927529406E-03
   3069.00    0.6240690604E-03
   3070.00    0.6584661673E-03
   3071.00    0.6962965511E-03
   3072.00    0.7379804118E-03
   3073.00    0.7840190397E-03
   3074.00    0.8350118016E-03
   3075.00    0.8916780613E-03
   3076.00    0.9548856005E-03
   3077.00    0.1025687728E-02
   3078.00    0.1105372165E-02
   3079.00    0.1195526099E-02
   3080.00    0.1298123767E-02
   3081.00    0.1415645857E-02
   3082.00    0.1551244549E-02
   3083.00    0.1708975058E-02
   3084.00    0.1894125614E-02
   3085.00    0.2113695667E-02
   3086.00    0.2377100762E-02
   3087.00    0.2697229135E-02
   3088.00    0.3092049284E-02
   3089.00    0.3587080046E-02
   3090.00    0.4219176784E-02
   3091.00    0.5042147304E-02
   3092.00    0.6134122982E-02
   3093.00    0.7602998065E-02
   3094.00    0.9570673476E-02
   3095.00    0.1206230555E-01
   3096.00    0.1460891950E-01
   3097.00    0.1555425601E-01
   3098.00    0.1280543979E-01
   3099.00    0.7122231904E-02
   3100.00    0.1413186595E-02
   3101.00    0.4406077468E-02
   3102.00    0.9821062249E-02
   3103.00    0.1632559189E-01
   3104.00    0.2411722841E-01
   3105.00    0.3091054102E-01
   3106.00    0.3207111255E-01
   3107.00    0.2703021530E-01
   3108.00    0.2023189641E-01
   3109.00    0.1462703400E-01
   3110.00    0.1065397128E-01
   3111.00    0.7931899108E-02
   3112.00    0.6051178433E-02
   3113.00    0.4722418003E-02
   3114.00    0.3759450029E-02
   3115.00    0.3044230053E-02
   3116.00    0.2501000275E-02
   3117.00    0.2080098277E-02
   3118.00    0.1748187286E-02
   3119.00    0.1482358090E-02
   3120.00    0.1266514915E-02
   3121.00    0.1089115535E-02
   3122.00    0.9417269957E-03
   3123.00    0.8180824157E-03
   3124.00    0.7134520977E-03
   3125.00    0.6242159749E-03
   3126.00    0.5475676086E-03
   3127.00    0.4813057902E-03
   3128.00    0.4236855237E-03
   3129.00    0.3733099350E-03
   3130.00    0.3290508289E-03
   3131.00    0.2899895970E-03
   3132.00    0.2553727847E-03
   3133.00    0.2245783658E-03
   3134.00    0.1970899508E-03
   3135.00    0.1724769723E-03
   3136.00    0.1503794769E-03
   3137.00    0.1304965934E-03
   3138.00    0.1125781187E-03
   3139.00    0.9641903747E-04
   3140.00    0.8185727507E-04
   3141.00    0.6877574446E-04
   3142.00    0.5711109046E-04
   3143.00    0.4687378179E-04
   3144.00    0.3818647846E-04
   3145.00    0.3134074418E-04
   3146.00    0.2681724252E-04
   3147.00    0.2507779222E-04
   3148.00    0.2606580008E-04
   3149.00    0.2907396040E-04
   3150.00    0.3326272898E-04
   3151.00    0.3804105912E-04
   3152.00    0.4307593233E-04
   3153.00    0.4819728350E-04
   3154.00    0.5332576711E-04
   3155.00    0.5843237154E-04
   3156.00    0.6351756178E-04
   3157.00    0.6860086451E-04
   3158.00    0.7371608229E-04
   3159.00    0.7890983974E-04
   3160.00    0.8424254396E-04
   3161.00    0.8979177616E-04
   3162.00    0.9565923054E-04
   3163.00    0.1019845503E-03
   3164.00    0.1089752020E-03
   3165.00    0.1169771588E-03
   3166.00    0.1266474199E-03
   3167.00    0.1393122415E-03
   3168.00    0.1571188968E-03
   3169.00    0.1797558473E-03
   3170.00    0.1939173392E-03
   3171.00    0.1792567804E-03
   3172.00    0.1412298226E-03
   3173.00    0.1005514361E-03
   3174.00    0.6709648839E-04
   3175.00    0.4156975884E-04
   3176.00    0.2458131442E-04
   3177.00    0.2900321157E-04
   3178.00    0.5913444901E-04
   3179.00    0.1123608954E-03
   3180.00    0.1975441603E-03
   3181.00    0.3159295317E-03
   3182.00    0.4272851010E-03
   3183.00    0.4570105786E-03
   3184.00    0.3986923255E-03
   3185.00    0.3125156646E-03
   3186.00    0.2370114085E-03
   3187.00    0.1798748601E-03
   3188.00    0.1380896085E-03
   3189.00    0.1073815718E-03
   3190.00    0.8441714945E-04
   3191.00    0.6689672575E-04
   3192.00    0.5327634030E-04
   3193.00    0.4251485970E-04
   3194.00    0.3389894894E-04
   3195.00    0.2692990270E-04
   3196.00    0.2125134494E-04
   3197.00    0.1660252256E-04
   3198.00    0.1278738055E-04
   3199.00    0.9653349825E-05
   3200.00    0.7076269562E-05
   3201.00    0.4950039764E-05
   3202.00    0.3184001812E-05
   3203.00    0.1736771727E-05
   3204.00    0.9908989890E-06
   3205.00    0.1839824670E-05
   3206.00    0.3315891858E-05
   3207.00    0.5109315376E-05
   3208.00    0.7269557233E-05
   3209.00    0.9888328256E-05
   3210.00    0.1307191683E-04
   3211.00    0.1694446235E-04
   3212.00    0.2165814698E-04
   3213.00    0.2740776149E-04
   3214.00    0.3445094561E-04
   3215.00    0.4313723471E-04
   3216.00    0.5395085534E-04
   3217.00    0.6757413433E-04
   3218.00    0.8497847222E-04
   3219.00    0.1075386835E-03
   3220.00    0.1371070852E-03
   3221.00    0.1757497005E-03
   3222.00    0.2241468548E-03
   3223.00    0.2768176520E-03
   3224.00    0.3167897190E-03
   3225.00    0.3260933429E-03
   3226.00    0.3079448623E-03
   3227.00    0.2793163977E-03
   3228.00    0.2514704581E-03
   3229.00    0.2279588510E-03
   3230.00    0.2089459473E-03
   3231.00    0.1936977392E-03
   3232.00    0.1814417452E-03
   3233.00    0.1716652618E-03
   3234.00    0.1644722980E-03
   3235.00    0.1607307462E-03
   3236.00    0.1598272728E-03
   3237.00    0.1589911551E-03
   3238.00    0.1573498311E-03
   3239.00    0.1556733201E-03
   3240.00    0.1546417946E-03
   3241.00    0.1546085029E-03
   3242.00    0.1557672963E-03
   3243.00    0.1582255008E-03
   3244.00    0.1619165205E-03
   3245.00    0.1662412233E-03
   3246.00    0.1691781456E-03
   3247.00    0.1659346002E-03
   3248.00    0.1506196651E-03
   3249.00    0.1316141056E-03
   3250.00    0.1382995867E-03
   3251.00    0.1574572401E-03
   3252.00    0.1632049428E-03
   3253.00    0.1581941681E-03
   3254.00    0.1497060894E-03
   3255.00    0.1412626915E-03
   3256.00    0.1339446876E-03
   3257.00    0.1278822392E-03
   3258.00    0.1229178508E-03
   3259.00    0.1188426895E-03
   3260.00    0.1154687620E-03
   3261.00    0.1126443783E-03
   3262.00    0.1102519596E-03
   3263.00    0.1082016060E-03
   3264.00    0.1064246934E-03
   3265.00    0.1048686142E-03
   3266.00    0.1034927441E-03
   3267.00    0.1022654373E-03
   3268.00    0.1011618097E-03
   3269.00    0.1001621069E-03
   3270.00    0.9925049845E-04
   3271.00    0.9841418132E-04
   3272.00    0.9764270984E-04
   3273.00    0.9692748953E-04
   3274.00    0.9626139234E-04
   3275.00    0.9563846155E-04
   3276.00    0.9505368344E-04
   3277.00    0.9450280942E-04
   3278.00    0.9398221613E-04
   3279.00    0.9348879483E-04
   3280.00    0.9301986305E-04
   3281.00    0.9257309370E-04
   3282.00    0.9214645781E-04
   3283.00    0.9173817783E-04
   3284.00    0.9134668947E-04
   3285.00    0.9097061025E-04
   3286.00    0.9060871346E-04
   3287.00    0.9025990646E-04
   3288.00    0.8992321255E-04
   3289.00    0.8959775569E-04
   3290.00    0.8928274759E-04
   3291.00    0.8897747678E-04
   3292.00    0.8868129925E-04
   3293.00    0.8839363045E-04
   3294.00    0.8811393845E-04
   3295.00    0.8784173798E-04
   3296.00    0.8757658529E-04
   3297.00    0.8731807372E-04
   3298.00    0.8706582978E-04
   3299.00    0.8681950976E-04
   3300.00    0.8657879672E-04
   3301.00    0.8634339788E-04
   3302.00    0.8611304232E-04
   3303.00    0.8588747888E-04
   3304.00    0.8566647437E-04
   3305.00    0.8544981193E-04
   3306.00    0.8523728960E-04
   3307.00    0.8502871902E-04
   3308.00    0.8482392427E-04
   3309.00    0.8462274083E-04
   3310.00    0.8442501465E-04
   3311.00    0.8423060132E-04
   3312.00    0.8403936525E-04
   3313.00    0.8385117907E-04
   3314.00    0.8366592292E-04
   3315.00    0.8348348395E-04
   3316.00    0.8330375576E-04
   3317.00    0.8312663792E-04
   3318.00    0.8295203561E-04
   3319.00    0.8277985915E-04
   3320.00    0.8261002367E-04
   3321.00    0.8244244879E-04
   3322.00    0.8227705832E-04
   3323.00    0.8211377996E-04
   3324.00    0.8195254505E-04
   3325.00    0.8179328836E-04
   3326.00    0.8163594785E-04
   3327.00    0.8148046445E-04
   3328.00    0.8132678192E-04
   3329.00    0.8117484665E-04
   3330.00    0.8102460751E-04
   3331.00    0.8087601569E-04
   3332.00    0.8072902457E-04
   3333.00    0.8058358962E-04
   3334.00    0.8043966822E-04
   3335.00    0.8029721961E-04
   3336.00    0.8015620474E-04
   3337.00    0.8001658623E-04
   3338.00    0.7987832821E-04
   3339.00    0.7974139631E-04
   3340.00    0.7960575750E-04
   3341.00    0.7947138011E-04
   3342.00    0.7933823368E-04
   3343.00    0.7920628894E-04
   3344.00    0.7907551774E-04
   3345.00    0.7894589298E-04
   3346.00    0.7881738859E-04
   3347.00    0.7868997945E-04
   3348.00    0.7856364134E-04
   3349.00    0.7843835092E-04
   3350.00    0.7831408566E-04
   3351.00    0.7819082385E-04
   3352.00    0.7806854451E-04
   3353.00    0.7794722735E-04
   3354.00    0.7782685281E-04
   3355.00    0.7770740194E-04
   3356.00    0.7758885644E-04
   3357.00    0.7747119858E-04
   3358.00    0.7735441122E-04
   3359.00    0.7723847775E-04
   3360.00    0.7712338207E-04
   3361.00    0.7700910860E-04
   3362.00    0.7689564222E-04
   3363.00    0.7678296826E-04
   3364.00    0.7667107249E-04
   3365.00    0.7655994112E-04
   3366.00    0.7644956072E-04
   3367.00    0.7633991829E-04
   3368.00    0.7623100116E-04
   3369.00    0.7612279704E-04
   3370.00    0.7601529396E-04
   3371.00    0.7590848029E-04
   3372.00    0.7580234472E-04
   3373.00    0.7569687623E-04
   3374.00    0.7559206410E-04
   3375.00    0.7548789787E-04
   3376.00    0.7538436737E-04
   3377.00    0.7528146269E-04
   3378.00    0.7517917415E-04
   3379.00    0.7507749233E-04
   3380.00    0.7497640802E-04
   3381.00    0.7487591226E-04
   3382.00    0.7477599629E-04
   3383.00    0.7467665155E-04
   3384.00    0.7457786969E-04
   3385.00    0.7447964256E-04
   3386.00    0.7438196218E-04
   3387.00    0.7428482077E-04
   3388.00    0.7418821071E-04
   3389.00    0.7409212455E-04
   3390.00    0.7399655500E-04
   3391.00    0.7390149493E-04
   3392.00    0.7380693737E-04
   3393.00    0.7371287549E-04
   3394.00    0.7361930259E-04
   3395.00    0.7352621214E-04
   3396.00    0.7343359771E-04
   3397.00    0.7334145301E-04
   3398.00    0.7324977188E-04
   3399.00    0.7315854828E-04
   3400.00    0.7306777628E-04
   3401.00    0.7297745008E-04
   3402.00    0.7288756397E-04
   3403.00    0.7279811235E-04
   3404.00    0.7270908974E-04
   3405.00    0.7262049074E-04
   3406.00    0.7253231007E-04
   3407.00    0.7244454252E-04
   3408.00    0.7235718298E-04
   3409.00    0.7227022645E-04
   3410.00    0.7218366798E-04
   3411.00    0.7209750273E-04
   3412.00    0.7201172594E-04
   3413.00    0.7192633291E-04
   3414.00    0.7184131905E-04
   3415.00    0.7175667981E-04
   3416.00    0.7167241073E-04
   3417.00    0.7158850742E-04
   3418.00    0.7150496556E-04
   3419.00    0.7142178089E-04
   3420.00    0.7133894923E-04
   3421.00    0.7125646644E-04
   3422.00    0.7117432845E-04
   3423.00    0.7109253127E-04
   3424.00    0.7101107094E-04
   3425.00    0.7092994358E-04
   3426.00    0.7084914534E-04
   3427.00    0.7076867244E-04
   3428.00    0.7068852116E-04
   3429.00    0.7060868781E-04
   3430.00    0.7052916876E-04
   3431.00    0.7044996043E-04
   3432.00    0.7037105929E-04
   3433.00    0.7029246184E-04
   3434.00    0.7021416465E-04
   3435.00    0.7013616430E-04
   3436.00    0.7005845744E-04
   3437.00    0.6998104075E-04
   3438.00    0.6990391096E-04
   3439.00    0.6982706482E-04
   3440.00    0.6975049913E-04
   3441.00    0.6967421072E-04
   3442.00    0.6959819648E-04
   3443.00    0.6952245330E-04
   3444.00    0.6944697812E-04
   3445.00    0.6937176793E-04
   3446.00    0.6929681972E-04
   3447.00    0.6922213054E-04
   3448.00    0.6914769744E-04
   3449.00    0.6907351754E-04
   3450.00    0.6899958796E-04
   3451.00    0.6892590586E-04
   3452.00    0.6885246841E-04
   3453.00    0.6877927283E-04
   3454.00    0.6870631636E-04
   3455.00    0.6863359626E-04
   3456.00    0.6856110981E-04
   3457.00    0.6848885433E-04
   3458.00    0.6841682714E-04
   3459.00    0.6834502562E-04
   3460.00    0.6827344713E-04
   3461.00    0.6820208908E-04
   3462.00    0.6813094889E-04
   3463.00    0.6806002400E-04
   3464.00    0.6798931187E-04
   3465.00    0.6791880998E-04
   3466.00    0.6784851584E-04
   3467.00    0.6777842696E-04
   3468.00    0.6770854086E-04
   3469.00    0.6763885512E-04
   3470.00    0.6756936728E-04
   3471.00    0.6750007494E-04
   3472.00    0.6743097570E-04
   3473.00    0.6736206716E-04
   3474.00    0.6729334695E-04
   3475.00    0.6722481273E-04
   3476.00    0.6715646213E-04
   3477.00    0.6708829283E-04
   3478.00    0.6702030251E-04
   3479.00    0.6695248885E-04
   3480.00    0.6688484956E-04
   3481.00    0.6681738236E-04
   3482.00    0.6675008497E-04
   3483.00    0.6668295511E-04
   3484.00    0.6661599054E-04
   3485.00    0.6654918900E-04
   3486.00    0.6648254826E-04
   3487.00    0.6641606607E-04
   3488.00    0.6634974023E-04
   3489.00    0.6628356851E-04
   3490.00    0.6621754870E-04
   3491.00    0.6615167859E-04
   3492.00    0.6608595600E-04
   3493.00    0.6602037871E-04
   3494.00    0.6595494456E-04
   3495.00    0.6588965134E-04
   3496.00    0.6582449689E-04
   3497.00    0.6575947902E-04
   3498.00    0.6569459557E-04
   3499.00    0.6562984436E-04
   3500.00    0.6556522322E-04
   3501.00    0.6550072999E-04
   3502.00    0.6543636251E-04
   3503.00    0.6537211860E-04
   3504.00    0.6530799610E-04
   3505.00    0.6524399286E-04
   3506.00    0.6518010670E-04
   3507.00    0.6511633547E-04
   3508.00    0.6505267699E-04
   3509.00    0.6498912909E-04
   3510.00    0.6492568961E-04
   3511.00    0.6486235637E-04
   3512.00    0.6479912720E-04
   3513.00    0.6473599991E-04
   3514.00    0.6467297233E-04
   3515.00    0.6461004225E-04
   3516.00    0.6454720749E-04
   3517.00    0.6448446584E-04
   3518.00    0.6442181511E-04
   3519.00    0.6435925307E-04
   3520.00    0.6429677750E-04
   3521.00    0.6423438619E-04
   3522.00    0.6417207689E-04
   3523.00    0.6410984735E-04
   3524.00    0.6404769532E-04
   3525.00    0.6398561855E-04
   3526.00    0.6392361474E-04
   3527.00    0.6386168163E-04
   3528.00    0.6379981690E-04
   3529.00    0.6373801825E-04
   3530.00    0.6367628337E-04
   3531.00    0.6361460990E-04
   3532.00    0.6355299550E-04
   3533.00    0.6349143782E-04
   3534.00    0.6342993446E-04
   3535.00    0.6336848303E-04
   3536.00    0.6330708113E-04
   3537.00    0.6324572632E-04
   3538.00    0.6318441614E-04
   3539.00    0.6312314815E-04
   3540.00    0.6306191985E-04
   3541.00    0.6300072873E-04
   3542.00    0.6293957227E-04
   3543.00    0.6287844792E-04
   3544.00    0.6281735311E-04
   3545.00    0.6275628525E-04
   3546.00    0.6269524171E-04
   3547.00    0.6263421986E-04
   3548.00    0.6257321702E-04
   3549.00    0.6251223050E-04
   3550.00    0.6245125758E-04
   3551.00    0.6239029550E-04
   3552.00    0.6232934149E-04
   3553.00    0.6226839272E-04
   3554.00    0.6220744636E-04
   3555.00    0.6214649954E-04
   3556.00    0.6208554934E-04
   3557.00    0.6202459281E-04
   3558.00    0.6196362699E-04
   3559.00    0.6190264885E-04
   3560.00    0.6184165533E-04
   3561.00    0.6178064335E-04
   3562.00    0.6171960977E-04
   3563.00    0.6165855142E-04
   3564.00    0.6159746507E-04
   3565.00    0.6153634746E-04
   3566.00    0.6147519529E-04
   3567.00    0.6141400519E-04
   3568.00    0.6135277376E-04
   3569.00    0.6129149755E-04
   3570.00    0.6123017304E-04
   3571.00    0.6116879669E-04
   3572.00    0.6110736487E-04
   3573.00    0.6104587391E-04
   3574.00    0.6098432008E-04
   3575.00    0.6092269959E-04
   3576.00    0.6086100859E-04
   3577.00    0.6079924316E-04
   3578.00    0.6073739932E-04
   3579.00    0.6067547302E-04
   3580.00    0.6061346014E-04
   3581.00    0.6055135648E-04
   3582.00    0.6048915777E-04
   3583.00    0.6042685969E-04
   3584.00    0.6036445779E-04
   3585.00    0.6030194757E-04
   3586.00    0.6023932445E-04
   3587.00    0.6017658374E-04
   3588.00    0.6011372069E-04
   3589.00    0.6005073043E-04
   3590.00    0.5998760801E-04
   3591.00    0.5992434838E-04
   3592.00    0.5986094638E-04
   3593.00    0.5979739675E-04
   3594.00    0.5973369412E-04
   3595.00    0.5966983302E-04
   3596.00    0.5960580786E-04
   3597.00    0.5954161291E-04
   3598.00    0.5947724234E-04
   3599.00    0.5941269020E-04
   3600.00    0.5934795037E-04
   3601.00    0.5928301664E-04
   3602.00    0.5921788264E-04
   3603.00    0.5915254184E-04
   3604.00    0.5908698759E-04
   3605.00    0.5902121307E-04
   3606.00    0.5895521130E-04
   3607.00    0.5888897513E-04
   3608.00    0.5882249725E-04
   3609.00    0.5875577017E-04
   3610.00    0.5868878621E-04
   3611.00    0.5862153752E-04
   3612.00    0.5855401603E-04
   3613.00    0.5848621349E-04
   3614.00    0.5841812141E-04
   3615.00    0.5834973112E-04
   3616.00    0.5828103370E-04
   3617.00    0.5821202000E-04
   3618.00    0.5814268064E-04
   3619.00    0.5807300598E-04
   3620.00    0.5800298612E-04
   3621.00    0.5793261089E-04
   3622.00    0.5786186986E-04
   3623.00    0.5779075227E-04
   3624.00    0.5771924711E-04
   3625.00    0.5764734302E-04
   3626.00    0.5757502833E-04
   3627.00    0.5750229104E-04
   3628.00    0.5742911879E-04
   3629.00    0.5735549887E-04
   3630.00    0.5728141817E-04
   3631.00    0.5720686323E-04
   3632.00    0.5713182013E-04
   3633.00    0.5705627457E-04
   3634.00    0.5698021180E-04
   3635.00    0.5690361659E-04
   3636.00    0.5682647326E-04
   3637.00    0.5674876561E-04
   3638.00    0.5667047695E-04
   3639.00    0.5659159002E-04
   3640.00    0.5651208702E-04
   3641.00    0.5643194956E-04
   3642.00    0.5635115864E-04
   3643.00    0.5626969460E-04
   3644.00    0.5618753715E-04
   3645.00    0.5610466529E-04
   3646.00    0.5602105729E-04
   3647.00    0.5593669066E-04
   3648.00    0.5585154212E-04
   3649.00    0.5576558758E-04
   3650.00    0.5567880207E-04
   3651.00    0.5559115969E-04
   3652.00    0.5550263364E-04
   3653.00    0.5541319608E-04
   3654.00    0.5532281815E-04
   3655.00    0.5523146991E-04
   3656.00    0.5513912026E-04
   3657.00    0.5504573689E-04
   3658.00    0.5495128626E-04
   3659.00    0.5485573347E-04
   3660.00    0.5475904227E-04
   3661.00    0.5466117492E-04
   3662.00    0.5456209215E-04
   3663.00    0.5446175309E-04
   3664.00    0.5436011515E-04
   3665.00    0.5425713396E-04
   3666.00    0.5415276326E-04
   3667.00    0.5404695480E-04
   3668.00    0.5393965823E-04
   3669.00    0.5383082100E-04
   3670.00    0.5372038821E-04
   3671.00    0.5360830248E-04
   3672.00    0.5349450382E-04
   3673.00    0.5337892950E-04
   3674.00    0.5326151384E-04
   3675.00    0.5314218807E-04
   3676.00    0.5302088012E-04
   3677.00    0.5289751446E-04
   3678.00    0.5277201184E-04
   3679.00    0.5264428911E-04
   3680.00    0.5251425890E-04
   3681.00    0.5238182943E-04
   3682.00    0.5224690419E-04
   3683.00    0.5210938163E-04
   3684.00    0.5196915482E-04
   3685.00    0.5182611110E-04
   3686.00    0.5168013170E-04
   3687.00    0.5153109130E-04
   3688.00    0.5137885758E-04
   3689.00    0.5122329074E-04
   3690.00    0.5106424291E-04
   3691.00    0.5090155765E-04
   3692.00    0.5073506924E-04
   3693.00    0.5056460202E-04
   3694.00    0.5038996961E-04
   3695.00    0.5021097414E-04
   3696.00    0.5002740528E-04
   3697.00    0.4983903928E-04
   3698.00    0.4964563790E-04
   3699.00    0.4944694720E-04
   3700.00    0.4924269623E-04
   3701.00    0.4903259562E-04
   3702.00    0.4881633594E-04
   3703.00    0.4859358601E-04
   3704.00    0.4836399089E-04
   3705.00    0.4812716981E-04
   3706.00    0.4788271370E-04
   3707.00    0.4763018262E-04
   3708.00    0.4736910276E-04
   3709.00    0.4709896316E-04
   3710.00    0.4681921206E-04
   3711.00    0.4652925275E-04
   3712.00    0.4622843895E-04
   3713.00    0.4591606970E-04
   3714.00    0.4559138340E-04
   3715.00    0.4525355134E-04
   3716.00    0.4490167020E-04
   3717.00    0.4453475360E-04
   3718.00    0.4415172260E-04
   3719.00    0.4375139474E-04
   3720.00    0.4333247174E-04
   3721.00    0.4289352526E-04
   3722.00    0.4243298081E-04
   3723.00    0.4194909922E-04
   3724.00    0.4143995540E-04
   3725.00    0.4090341407E-04
   3726.00    0.4033710179E-04
   3727.00    0.3973837506E-04
   3728.00    0.3910428371E-04
   3729.00    0.3843152931E-04
   3730.00    0.3771641809E-04
   3731.00    0.3695480839E-04
   3732.00    0.3614205311E-04
   3733.00    0.3527293888E-04
   3734.00    0.3434162571E-04
   3735.00    0.3334159503E-04
   3736.00    0.3226562136E-04
   3737.00    0.3110579681E-04
   3738.00    0.2985366387E-04
   3739.00    0.2850056320E-04
   3740.00    0.2703840409E-04
   3741.00    0.2546127123E-04
   3742.00    0.2376871168E-04
   3743.00    0.2197246152E-04
   3744.00    0.2011030529E-04
   3745.00    0.1827449188E-04
   3746.00    0.1666672414E-04
   3747.00    0.1568250731E-04
   3748.00    0.1595113270E-04
   3749.00    0.1814318369E-04
   3750.00    0.2264888816E-04
   3751.00    0.2963691042E-04
   3752.00    0.3938700158E-04
   3753.00    0.5250179070E-04
   3754.00    0.6999543536E-04
   3755.00    0.9327397025E-04
   3756.00    0.1236615172E-03
   3757.00    0.1603699872E-03
   3758.00    0.1959507757E-03
   3759.00    0.2159245575E-03
   3760.00    0.2138438687E-03
   3761.00    0.1986643154E-03
   3762.00    0.1806662149E-03
   3763.00    0.1644040909E-03
   3764.00    0.1508779358E-03
   3765.00    0.1398705003E-03
   3766.00    0.1309077796E-03
   3767.00    0.1235453630E-03
   3768.00    0.1174277118E-03
   3769.00    0.1122837108E-03
   3770.00    0.1079090830E-03
   3771.00    0.1041495559E-03
   3772.00    0.1008876452E-03
   3773.00    0.9803291306E-04
   3774.00    0.9551493343E-04
   3775.00    0.9327823009E-04
   3776.00    0.9127861688E-04
   3777.00    0.8948052983E-04
   3778.00    0.8785506270E-04
   3779.00    0.8637850497E-04
   3780.00    0.8503124196E-04
   3781.00    0.8379691877E-04
   3782.00    0.8266179807E-04
   3783.00    0.8161426219E-04
   3784.00    0.8064442351E-04
   3785.00    0.7974381680E-04
   3786.00    0.7890515443E-04
   3787.00    0.7812213008E-04
   3788.00    0.7738926003E-04
   3789.00    0.7670175423E-04
   3790.00    0.7605541058E-04
   3791.00    0.7544652797E-04
   3792.00    0.7487183416E-04
   3793.00    0.7432842572E-04
   3794.00    0.7381371774E-04
   3795.00    0.7332540153E-04
   3796.00    0.7286140882E-04
   3797.00    0.7241988141E-04
   3798.00    0.7199914522E-04
   3799.00    0.7159768817E-04
   3800.00    0.7121414108E-04
   3801.00    0.7084726125E-04
   3802.00    0.7049591822E-04
   3803.00    0.7015908142E-04
   3804.00    0.6983580941E-04
   3805.00    0.6952524048E-04
   3806.00    0.6922658438E-04
   3807.00    0.6893911513E-04
   3808.00    0.6866216457E-04
   3809.00    0.6839511677E-04
   3810.00    0.6813740305E-04
   3811.00    0.6788849749E-04
   3812.00    0.6764791304E-04
   3813.00    0.6741519797E-04
   3814.00    0.6718993276E-04
   3815.00    0.6697172726E-04
   3816.00    0.6676021818E-04
   3817.00    0.6655506682E-04
   3818.00    0.6635595703E-04
   3819.00    0.6616259335E-04
   3820.00    0.6597469937E-04
   3821.00    0.6579201621E-04
   3822.00    0.6561430114E-04
   3823.00    0.6544132637E-04
   3824.00    0.6527287791E-04
   3825.00    0.6510875451E-04
   3826.00    0.6494876678E-04
   3827.00    0.6479273628E-04
   3828.00    0.6464049479E-04
   3829.00    0.6449188353E-04
   3830.00    0.6434675256E-04
   3831.00    0.6420496015E-04
   3832.00    0.6406637222E-04
   3833.00    0.6393086184E-04
   3834.00    0.6379830878E-04
   3835.00    0.6366859903E-04
   3836.00    0.6354162444E-04
   3837.00    0.6341728232E-04
   3838.00    0.6329547513E-04
   3839.00    0.6317611013E-04
   3840.00    0.6305909913E-04
   3841.00    0.6294435815E-04
   3842.00    0.6283180725E-04
   3843.00    0.6272137022E-04
   3844.00    0.6261297440E-04
   3845.00    0.6250655048E-04
   3846.00    0.6240203230E-04
   3847.00    0.6229935665E-04
   3848.00    0.6219846317E-04
   3849.00    0.6209929410E-04
   3850.00    0.6200179424E-04
   3851.00    0.6190591072E-04
   3852.00    0.6181159295E-04
   3853.00    0.6171879246E-04
   3854.00    0.6162746279E-04
   3855.00    0.6153755940E-04
   3856.00    0.6144903957E-04
   3857.00    0.6136186229E-04
   3858.00    0.6127598822E-04
   3859.00    0.6119137954E-04
   3860.00    0.6110799994E-04
   3861.00    0.6102581450E-04
   3862.00    0.6094478964E-04
   3863.00    0.6086489308E-04
   3864.00    0.6078609373E-04
   3865.00    0.6070836168E-04
   3866.00    0.6063166812E-04
   3867.00    0.6055598529E-04
   3868.00    0.6048128643E-04
   3869.00    0.6040754577E-04
   3870.00    0.6033473844E-04
   3871.00    0.6026284044E-04
   3872.00    0.6019182862E-04
   3873.00    0.6012168065E-04
   3874.00    0.6005237494E-04
   3875.00    0.5998389065E-04
   3876.00    0.5991620764E-04
   3877.00    0.5984930645E-04
   3878.00    0.5978316827E-04
   3879.00    0.5971777489E-04
   3880.00    0.5965310872E-04
   3881.00    0.5958915273E-04
   3882.00    0.5952589043E-04
   3883.00    0.5946330587E-04
   3884.00    0.5940138358E-04
   3885.00    0.5934010861E-04
   3886.00    0.5927946645E-04
   3887.00    0.5921944305E-04
   3888.00    0.5916002477E-04
   3889.00    0.5910119841E-04
   3890.00    0.5904295116E-04
   3891.00    0.5898527059E-04
   3892.00    0.5892814464E-04
   3893.00    0.5887156160E-04
   3894.00    0.5881551011E-04
   3895.00    0.5875997914E-04
   3896.00    0.5870495797E-04
   3897.00    0.5865043621E-04
   3898.00    0.5859640372E-04
   3899.00    0.5854285069E-04
   3900.00    0.5848976757E-04
   3901.00    0.5843714506E-04
   3902.00    0.5838497414E-04
   3903.00    0.5833324602E-04
   3904.00    0.5828195215E-04
   3905.00    0.5823108423E-04
   3906.00    0.5818063415E-04
   3907.00    0.5813059405E-04
   3908.00    0.5808095626E-04
   3909.00    0.5803171331E-04
   3910.00    0.5798285792E-04
   3911.00    0.5793438302E-04
   3912.00    0.5788628170E-04
   3913.00    0.5783854724E-04
   3914.00    0.5779117308E-04
   3915.00    0.5774415284E-04
   3916.00    0.5769748029E-04
   3917.00    0.5765114935E-04
   3918.00    0.5760515410E-04
   3919.00    0.5755948876E-04
   3920.00    0.5751414770E-04
   3921.00    0.5746912541E-04
   3922.00    0.5742441653E-04
   3923.00    0.5738001581E-04
   3924.00    0.5733591815E-04
   3925.00    0.5729211855E-04
   3926.00    0.5724861213E-04
   3927.00    0.5720539413E-04
   3928.00    0.5716245990E-04
   3929.00    0.5711980489E-04
   3930.00    0.5707742467E-04
   3931.00    0.5703531490E-04
   3932.00    0.5699347133E-04
   3933.00    0.5695188981E-04
   3934.00    0.5691056631E-04
   3935.00    0.5686949684E-04
   3936.00    0.5682867755E-04
   3937.00    0.5678810463E-04
   3938.00    0.5674777439E-04
   3939.00    0.5670768319E-04
   3940.00    0.5666782749E-04
   3941.00    0.5662820382E-04
   3942.00    0.5658880877E-04
   3943.00    0.5654963903E-04
   3944.00    0.5651069134E-04
   3945.00    0.5647196250E-04
   3946.00    0.5643344940E-04
   3947.00    0.5639514899E-04
   3948.00    0.5635705827E-04
   3949.00    0.5631917431E-04
   3950.00    0.5628149423E-04
   3951.00    0.5624401524E-04
   3952.00    0.5620673455E-04
   3953.00    0.5616964949E-04
   3954.00    0.5613275740E-04
   3955.00    0.5609605568E-04
   3956.00    0.5605954179E-04
   3957.00    0.5602321324E-04
   3958.00    0.5598706758E-04
   3959.00    0.5595110242E-04
   3960.00    0.5591531540E-04
   3961.00    0.5587970423E-04
   3962.00    0.5584426662E-04
   3963.00    0.5580900038E-04
   3964.00    0.5577390332E-04
   3965.00    0.5573897330E-04
   3966.00    0.5570420824E-04
   3967.00    0.5566960606E-04
   3968.00    0.5563516476E-04
   3969.00    0.5560088235E-04
   3970.00    0.5556675689E-04
   3971.00    0.5553278647E-04
   3972.00    0.5549896921E-04
   3973.00    0.5546530327E-04
   3974.00    0.5543178685E-04
   3975.00    0.5539841816E-04
   3976.00    0.5536519547E-04
   3977.00    0.5533211705E-04
   3978.00    0.5529918123E-04
   3979.00    0.5526638636E-04
   3980.00    0.5523373080E-04
   3981.00    0.5520121297E-04
   3982.00    0.5516883129E-04
   3983.00    0.5513658422E-04
   3984.00    0.5510447025E-04
   3985.00    0.5507248788E-04
   3986.00    0.5504063565E-04
   3987.00    0.5500891212E-04
   3988.00    0.5497731587E-04
   3989.00    0.5494584552E-04
   3990.00    0.5491449969E-04
   3991.00    0.5488327703E-04
   3992.00    0.5485217623E-04
   3993.00    0.5482119598E-04
   3994.00    0.5479033499E-04
   3995.00    0.5475959201E-04
   3996.00    0.5472896580E-04
   3997.00    0.5469845514E-04
   3998.00    0.5466805882E-04
   3999.00    0.5463777566E-04
   4000.00    0.5460760451E-04
