Frequencies(cm-1)    polar_2nd_zzz        
   1000.00    0.5744283871E+00
   1001.00    0.6121060596E+00
   1002.00    0.6331422457E+00
   1003.00    0.6318882542E+00
   1004.00    0.6179065766E+00
   1005.00    0.5991218040E+00
   1006.00    0.5790347335E+00
   1007.00    0.5587820755E+00
   1008.00    0.5385738725E+00
   1009.00    0.5183033937E+00
   1010.00    0.4977718901E+00
   1011.00    0.4767659041E+00
   1012.00    0.4550818959E+00
   1013.00    0.4325337087E+00
   1014.00    0.4089566948E+00
   1015.00    0.3842152042E+00
   1016.00    0.3582191422E+00
   1017.00    0.3309581987E+00
   1018.00    0.3025701663E+00
   1019.00    0.2734765328E+00
   1020.00    0.2446510534E+00
   1021.00    0.2181318634E+00
   1022.00    0.1978428267E+00
   1023.00    0.1901844216E+00
   1024.00    0.2023922830E+00
   1025.00    0.2382627800E+00
   1026.00    0.2970476686E+00
   1027.00    0.3769607716E+00
   1028.00    0.4777618615E+00
   1029.00    0.6012718588E+00
   1030.00    0.7513637285E+00
   1031.00    0.9341731369E+00
   1032.00    0.1158702867E+01
   1033.00    0.1437911207E+01
   1034.00    0.1790395500E+01
   1035.00    0.2242652567E+01
   1036.00    0.2831031417E+01
   1037.00    0.3598857601E+01
   1038.00    0.4572200263E+01
   1039.00    0.5675182529E+01
   1040.00    0.6592568920E+01
   1041.00    0.6893893375E+01
   1042.00    0.6557153810E+01
   1043.00    0.5943437070E+01
   1044.00    0.5328507056E+01
   1045.00    0.4806832689E+01
   1046.00    0.4386833106E+01
   1047.00    0.4052825146E+01
   1048.00    0.3786726171E+01
   1049.00    0.3573523601E+01
   1050.00    0.3401834008E+01
   1051.00    0.3263286862E+01
   1052.00    0.3151786482E+01
   1053.00    0.3062877435E+01
   1054.00    0.2993177004E+01
   1055.00    0.2939690984E+01
   1056.00    0.2898576937E+01
   1057.00    0.2862355965E+01
   1058.00    0.2813888614E+01
   1059.00    0.2718692184E+01
   1060.00    0.2539333352E+01
   1061.00    0.2305795558E+01
   1062.00    0.2122105334E+01
   1063.00    0.2032226908E+01
   1064.00    0.2005047053E+01
   1065.00    0.2005690558E+01
   1066.00    0.2016263313E+01
   1067.00    0.2029678768E+01
   1068.00    0.2043539802E+01
   1069.00    0.2057241446E+01
   1070.00    0.2070811540E+01
   1071.00    0.2084472361E+01
   1072.00    0.2098483947E+01
   1073.00    0.2113100703E+01
   1074.00    0.2128586602E+01
   1075.00    0.2145294778E+01
   1076.00    0.2163882636E+01
   1077.00    0.2185841388E+01
   1078.00    0.2214547343E+01
   1079.00    0.2255863881E+01
   1080.00    0.2313011861E+01
   1081.00    0.2376249148E+01
   1082.00    0.2432582577E+01
   1083.00    0.2482084433E+01
   1084.00    0.2530875005E+01
   1085.00    0.2583500777E+01
   1086.00    0.2642561897E+01
   1087.00    0.2709818919E+01
   1088.00    0.2786892928E+01
   1089.00    0.2875625891E+01
   1090.00    0.2978309598E+01
   1091.00    0.3097897416E+01
   1092.00    0.3238259636E+01
   1093.00    0.3404524821E+01
   1094.00    0.3603542056E+01
   1095.00    0.3844475149E+01
   1096.00    0.4139434097E+01
   1097.00    0.4503655885E+01
   1098.00    0.4953417602E+01
   1099.00    0.5495766210E+01
   1100.00    0.6094144002E+01
   1101.00    0.6588207264E+01
   1102.00    0.6638909457E+01
   1103.00    0.6002057673E+01
   1104.00    0.4928630334E+01
   1105.00    0.3848140807E+01
   1106.00    0.2957328959E+01
   1107.00    0.2269891094E+01
   1108.00    0.1745705361E+01
   1109.00    0.1343592481E+01
   1110.00    0.1032840566E+01
   1111.00    0.7931782835E+00
   1112.00    0.6130233005E+00
   1113.00    0.4879361939E+00
   1114.00    0.4176330211E+00
   1115.00    0.3987447027E+00
   1116.00    0.4188443899E+00
   1117.00    0.4616272748E+00
   1118.00    0.5147938350E+00
   1119.00    0.5714044240E+00
   1120.00    0.6280318958E+00
   1121.00    0.6831092853E+00
   1122.00    0.7359937050E+00
   1123.00    0.7864926917E+00
   1124.00    0.8346290848E+00
   1125.00    0.8805240167E+00
   1126.00    0.9243408248E+00
   1127.00    0.9662668580E+00
   1128.00    0.1006534418E+01
   1129.00    0.1045514959E+01
   1130.00    0.1083987279E+01
   1131.00    0.1123784687E+01
   1132.00    0.1168831024E+01
   1133.00    0.1224370524E+01
   1134.00    0.1289187327E+01
   1135.00    0.1351415979E+01
   1136.00    0.1404184470E+01
   1137.00    0.1450749557E+01
   1138.00    0.1495705663E+01
   1139.00    0.1541467048E+01
   1140.00    0.1588232247E+01
   1141.00    0.1633120812E+01
   1142.00    0.1666879736E+01
   1143.00    0.1669635014E+01
   1144.00    0.1621489193E+01
   1145.00    0.1544240116E+01
   1146.00    0.1495385893E+01
   1147.00    0.1494050618E+01
   1148.00    0.1523006472E+01
   1149.00    0.1565216403E+01
   1150.00    0.1612155012E+01
   1151.00    0.1660459792E+01
   1152.00    0.1708999195E+01
   1153.00    0.1757425231E+01
   1154.00    0.1805408182E+01
   1155.00    0.1851936878E+01
   1156.00    0.1894530679E+01
   1157.00    0.1930081399E+01
   1158.00    0.1960680602E+01
   1159.00    0.1995255718E+01
   1160.00    0.2038178752E+01
   1161.00    0.2087271384E+01
   1162.00    0.2139865900E+01
   1163.00    0.2194655795E+01
   1164.00    0.2251224536E+01
   1165.00    0.2309552103E+01
   1166.00    0.2369778702E+01
   1167.00    0.2432110081E+01
   1168.00    0.2496782552E+01
   1169.00    0.2564051677E+01
   1170.00    0.2634190338E+01
   1171.00    0.2707490610E+01
   1172.00    0.2784267351E+01
   1173.00    0.2864862724E+01
   1174.00    0.2949651431E+01
   1175.00    0.3039046703E+01
   1176.00    0.3133507161E+01
   1177.00    0.3233544779E+01
   1178.00    0.3339734211E+01
   1179.00    0.3452723850E+01
   1180.00    0.3573249036E+01
   1181.00    0.3702147999E+01
   1182.00    0.3840381217E+01
   1183.00    0.3989055147E+01
   1184.00    0.4149451519E+01
   1185.00    0.4323063783E+01
   1186.00    0.4511642863E+01
   1187.00    0.4717255058E+01
   1188.00    0.4942356009E+01
   1189.00    0.5189886117E+01
   1190.00    0.5463394883E+01
   1191.00    0.5767204757E+01
   1192.00    0.6106629564E+01
   1193.00    0.6488269318E+01
   1194.00    0.6920413353E+01
   1195.00    0.7413599085E+01
   1196.00    0.7981397191E+01
   1197.00    0.8641529821E+01
   1198.00    0.9417481916E+01
   1199.00    0.1034084119E+02
   1200.00    0.1145469125E+02
   1201.00    0.1281841892E+02
   1202.00    0.1451398977E+02
   1203.00    0.1665195206E+02
   1204.00    0.1936794444E+02
   1205.00    0.2277460692E+02
   1206.00    0.2676959298E+02
   1207.00    0.3056225168E+02
   1208.00    0.3234943540E+02
   1209.00    0.3081824920E+02
   1210.00    0.2706306228E+02
   1211.00    0.2296597877E+02
   1212.00    0.1943366120E+02
   1213.00    0.1661096984E+02
   1214.00    0.1439141276E+02
   1215.00    0.1263552292E+02
   1216.00    0.1122750196E+02
   1217.00    0.1008100992E+02
   1218.00    0.9133422026E+01
   1219.00    0.8339235315E+01
   1220.00    0.7664761602E+01
   1221.00    0.7083981424E+01
   1222.00    0.6574904836E+01
   1223.00    0.6116364486E+01
   1224.00    0.5689391204E+01
   1225.00    0.5291559121E+01
   1226.00    0.4941587243E+01
   1227.00    0.4646001096E+01
   1228.00    0.4391569523E+01
   1229.00    0.4164929211E+01
   1230.00    0.3958391261E+01
   1231.00    0.3767774054E+01
   1232.00    0.3590474858E+01
   1233.00    0.3424589102E+01
   1234.00    0.3268554019E+01
   1235.00    0.3120999076E+01
   1236.00    0.2980675368E+01
   1237.00    0.2846418487E+01
   1238.00    0.2717132793E+01
   1239.00    0.2591803887E+01
   1240.00    0.2469568854E+01
   1241.00    0.2349921017E+01
   1242.00    0.2233238670E+01
   1243.00    0.2122099122E+01
   1244.00    0.2024430263E+01
   1245.00    0.1960302806E+01
   1246.00    0.1971677226E+01
   1247.00    0.2114449490E+01
   1248.00    0.2382128959E+01
   1249.00    0.2629257121E+01
   1250.00    0.2720392534E+01
   1251.00    0.2677498947E+01
   1252.00    0.2576749830E+01
   1253.00    0.2463689489E+01
   1254.00    0.2355518918E+01
   1255.00    0.2256804068E+01
   1256.00    0.2167692825E+01
   1257.00    0.2087061974E+01
   1258.00    0.2013585812E+01
   1259.00    0.1946057816E+01
   1260.00    0.1883459693E+01
   1261.00    0.1824953450E+01
   1262.00    0.1769860483E+01
   1263.00    0.1717658231E+01
   1264.00    0.1668028158E+01
   1265.00    0.1621027014E+01
   1266.00    0.1577543893E+01
   1267.00    0.1540286171E+01
   1268.00    0.1514833183E+01
   1269.00    0.1506330624E+01
   1270.00    0.1507014074E+01
   1271.00    0.1498229836E+01
   1272.00    0.1474688010E+01
   1273.00    0.1443069033E+01
   1274.00    0.1409217787E+01
   1275.00    0.1375761345E+01
   1276.00    0.1343567286E+01
   1277.00    0.1312807348E+01
   1278.00    0.1283415517E+01
   1279.00    0.1255258696E+01
   1280.00    0.1228195722E+01
   1281.00    0.1202095465E+01
   1282.00    0.1176840436E+01
   1283.00    0.1152325606E+01
   1284.00    0.1128456122E+01
   1285.00    0.1105145612E+01
   1286.00    0.1082316634E+01
   1287.00    0.1059906431E+01
   1288.00    0.1037885820E+01
   1289.00    0.1016311210E+01
   1290.00    0.9954574703E+00
   1291.00    0.9761173692E+00
   1292.00    0.9600299806E+00
   1293.00    0.9493449683E+00
   1294.00    0.9428150020E+00
   1295.00    0.9341874486E+00
   1296.00    0.9201885885E+00
   1297.00    0.9026288131E+00
   1298.00    0.8837433252E+00
   1299.00    0.8646432227E+00
   1300.00    0.8457207886E+00
   1301.00    0.8270663399E+00
   1302.00    0.8086607457E+00
   1303.00    0.7904492848E+00
   1304.00    0.7723678558E+00
   1305.00    0.7543514064E+00
   1306.00    0.7363358981E+00
   1307.00    0.7182579913E+00
   1308.00    0.7000539792E+00
   1309.00    0.6816585168E+00
   1310.00    0.6630033195E+00
   1311.00    0.6440158790E+00
   1312.00    0.6246182011E+00
   1313.00    0.6047255732E+00
   1314.00    0.5842453997E+00
   1315.00    0.5630761984E+00
   1316.00    0.5411069645E+00
   1317.00    0.5182173076E+00
   1318.00    0.4942791478E+00
   1319.00    0.4691614882E+00
   1320.00    0.4427412265E+00
   1321.00    0.4149259009E+00
   1322.00    0.3857003778E+00
   1323.00    0.3552224875E+00
   1324.00    0.3240201552E+00
   1325.00    0.2933967497E+00
   1326.00    0.2662254862E+00
   1327.00    0.2482257104E+00
   1328.00    0.2488036526E+00
   1329.00    0.2785989625E+00
   1330.00    0.3443264130E+00
   1331.00    0.4488628932E+00
   1332.00    0.5964283933E+00
   1333.00    0.7962487339E+00
   1334.00    0.1063964759E+01
   1335.00    0.1420786080E+01
   1336.00    0.1884079924E+01
   1337.00    0.2431079935E+01
   1338.00    0.2930033167E+01
   1339.00    0.3169699833E+01
   1340.00    0.3100459897E+01
   1341.00    0.2872454784E+01
   1342.00    0.2621186043E+01
   1343.00    0.2400358909E+01
   1344.00    0.2219831641E+01
   1345.00    0.2075460446E+01
   1346.00    0.1960526254E+01
   1347.00    0.1869005520E+01
   1348.00    0.1796182852E+01
   1349.00    0.1738538926E+01
   1350.00    0.1693503607E+01
   1351.00    0.1659233233E+01
   1352.00    0.1634442797E+01
   1353.00    0.1618289596E+01
   1354.00    0.1610298787E+01
   1355.00    0.1610322788E+01
   1356.00    0.1618529721E+01
   1357.00    0.1635419421E+01
   1358.00    0.1661868702E+01
   1359.00    0.1699210340E+01
   1360.00    0.1749351439E+01
   1361.00    0.1814932232E+01
   1362.00    0.1899501417E+01
   1363.00    0.2007592867E+01
   1364.00    0.2144287211E+01
   1365.00    0.2312908723E+01
   1366.00    0.2506973710E+01
   1367.00    0.2688369507E+01
   1368.00    0.2753838047E+01
   1369.00    0.2567286020E+01
   1370.00    0.2137329404E+01
   1371.00    0.1642654581E+01
   1372.00    0.1218028595E+01
   1373.00    0.8943653425E+00
   1374.00    0.6592999373E+00
   1375.00    0.4959244464E+00
   1376.00    0.3932084637E+00
   1377.00    0.3440814217E+00
   1378.00    0.3385375741E+00
   1379.00    0.3619466822E+00
   1380.00    0.4012479595E+00
   1381.00    0.4485855210E+00
   1382.00    0.5002854388E+00
   1383.00    0.5550430209E+00
   1384.00    0.6127883181E+00
   1385.00    0.6741351047E+00
   1386.00    0.7401517846E+00
   1387.00    0.8123011038E+00
   1388.00    0.8924801797E+00
   1389.00    0.9831385640E+00
   1390.00    0.1087478469E+01
   1391.00    0.1209759844E+01
   1392.00    0.1355747086E+01
   1393.00    0.1533333522E+01
   1394.00    0.1753313563E+01
   1395.00    0.2029949593E+01
   1396.00    0.2379748806E+01
   1397.00    0.2812855231E+01
   1398.00    0.3302367742E+01
   1399.00    0.3720759593E+01
   1400.00    0.3840800862E+01
   1401.00    0.3580191083E+01
   1402.00    0.3129486037E+01
   1403.00    0.2682135543E+01
   1404.00    0.2300753972E+01
   1405.00    0.1987624616E+01
   1406.00    0.1734637146E+01
   1407.00    0.1530912816E+01
   1408.00    0.1365549659E+01
   1409.00    0.1229477554E+01
   1410.00    0.1115743305E+01
   1411.00    0.1019148199E+01
   1412.00    0.9358013904E+00
   1413.00    0.8627534877E+00
   1414.00    0.7977275760E+00
   1415.00    0.7389292640E+00
   1416.00    0.6849153596E+00
   1417.00    0.6345069992E+00
   1418.00    0.5867412045E+00
   1419.00    0.5408654683E+00
   1420.00    0.4963975566E+00
   1421.00    0.4533075343E+00
   1422.00    0.4124509023E+00
   1423.00    0.3765096617E+00
   1424.00    0.3517718195E+00
   1425.00    0.3503216243E+00
   1426.00    0.3893971953E+00
   1427.00    0.4852893817E+00
   1428.00    0.6502550517E+00
   1429.00    0.8967179423E+00
   1430.00    0.1234121201E+01
   1431.00    0.1639761607E+01
   1432.00    0.2007751741E+01
   1433.00    0.2189997060E+01
   1434.00    0.2168647809E+01
   1435.00    0.2046734514E+01
   1436.00    0.1907274055E+01
   1437.00    0.1782822712E+01
   1438.00    0.1680236379E+01
   1439.00    0.1597905338E+01
   1440.00    0.1532371054E+01
   1441.00    0.1480330794E+01
   1442.00    0.1439089131E+01
   1443.00    0.1406552677E+01
   1444.00    0.1381118564E+01
   1445.00    0.1361559348E+01
   1446.00    0.1346928959E+01
   1447.00    0.1336491303E+01
   1448.00    0.1329667467E+01
   1449.00    0.1325997142E+01
   1450.00    0.1325111017E+01
   1451.00    0.1326712860E+01
   1452.00    0.1330573322E+01
   1453.00    0.1336544978E+01
   1454.00    0.1344625921E+01
   1455.00    0.1355136681E+01
   1456.00    0.1369095964E+01
   1457.00    0.1388512922E+01
   1458.00    0.1414734503E+01
   1459.00    0.1444349063E+01
   1460.00    0.1471937967E+01
   1461.00    0.1496887449E+01
   1462.00    0.1521292389E+01
   1463.00    0.1546727304E+01
   1464.00    0.1573934541E+01
   1465.00    0.1603231100E+01
   1466.00    0.1634769292E+01
   1467.00    0.1668649956E+01
   1468.00    0.1704967098E+01
   1469.00    0.1743825306E+01
   1470.00    0.1785346881E+01
   1471.00    0.1829675298E+01
   1472.00    0.1876977549E+01
   1473.00    0.1927446420E+01
   1474.00    0.1981303146E+01
   1475.00    0.2038800676E+01
   1476.00    0.2100227731E+01
   1477.00    0.2165913813E+01
   1478.00    0.2236235389E+01
   1479.00    0.2311623506E+01
   1480.00    0.2392573176E+01
   1481.00    0.2479654962E+01
   1482.00    0.2573529263E+01
   1483.00    0.2674963831E+01
   1484.00    0.2784854812E+01
   1485.00    0.2904250685E+01
   1486.00    0.3034375406E+01
   1487.00    0.3176638072E+01
   1488.00    0.3332590553E+01
   1489.00    0.3503724359E+01
   1490.00    0.3690837199E+01
   1491.00    0.3892558217E+01
   1492.00    0.4103844350E+01
   1493.00    0.4320142685E+01
   1494.00    0.4545043514E+01
   1495.00    0.4774546439E+01
   1496.00    0.5003328695E+01
   1497.00    0.5324525814E+01
   1498.00    0.5872054011E+01
   1499.00    0.6572775327E+01
   1500.00    0.7331483046E+01
   1501.00    0.8171190803E+01
   1502.00    0.9156250552E+01
   1503.00    0.1035810406E+02
   1504.00    0.1185979977E+02
   1505.00    0.1376117028E+02
   1506.00    0.1616141404E+02
   1507.00    0.1906503654E+02
   1508.00    0.2209958872E+02
   1509.00    0.2412945005E+02
   1510.00    0.2382928778E+02
   1511.00    0.2145334658E+02
   1512.00    0.1848878841E+02
   1513.00    0.1591507313E+02
   1514.00    0.1390198937E+02
   1515.00    0.1225142195E+02
   1516.00    0.1083243680E+02
   1517.00    0.9628648064E+01
   1518.00    0.8626088967E+01
   1519.00    0.7795278066E+01
   1520.00    0.7106822023E+01
   1521.00    0.6539341062E+01
   1522.00    0.6074713679E+01
   1523.00    0.5682278727E+01
   1524.00    0.5326863713E+01
   1525.00    0.4996256800E+01
   1526.00    0.4692348243E+01
   1527.00    0.4415655195E+01
   1528.00    0.4163740971E+01
   1529.00    0.3933110396E+01
   1530.00    0.3720302019E+01
   1531.00    0.3522330628E+01
   1532.00    0.3337011223E+01
   1533.00    0.3163612198E+01
   1534.00    0.3004513031E+01
   1535.00    0.2869213773E+01
   1536.00    0.2782474669E+01
   1537.00    0.2792065161E+01
   1538.00    0.2940448554E+01
   1539.00    0.3163651609E+01
   1540.00    0.3298705504E+01
   1541.00    0.3289371063E+01
   1542.00    0.3195558141E+01
   1543.00    0.3074051736E+01
   1544.00    0.2949419681E+01
   1545.00    0.2828758346E+01
   1546.00    0.2716259946E+01
   1547.00    0.2616693623E+01
   1548.00    0.2530022007E+01
   1549.00    0.2452938716E+01
   1550.00    0.2382691267E+01
   1551.00    0.2317646847E+01
   1552.00    0.2256822232E+01
   1553.00    0.2199551967E+01
   1554.00    0.2145334285E+01
   1555.00    0.2093762232E+01
   1556.00    0.2044490046E+01
   1557.00    0.1997214310E+01
   1558.00    0.1951661768E+01
   1559.00    0.1907580403E+01
   1560.00    0.1864732253E+01
   1561.00    0.1822887142E+01
   1562.00    0.1781816835E+01
   1563.00    0.1741289265E+01
   1564.00    0.1701062582E+01
   1565.00    0.1660878837E+01
   1566.00    0.1620457277E+01
   1567.00    0.1579487551E+01
   1568.00    0.1537623834E+01
   1569.00    0.1494482587E+01
   1570.00    0.1449650517E+01
   1571.00    0.1402718349E+01
   1572.00    0.1353377525E+01
   1573.00    0.1301669004E+01
   1574.00    0.1248600316E+01
   1575.00    0.1197646844E+01
   1576.00    0.1158253926E+01
   1577.00    0.1152902376E+01
   1578.00    0.1225332729E+01
   1579.00    0.1428702207E+01
   1580.00    0.1759355619E+01
   1581.00    0.2088184124E+01
   1582.00    0.2263030364E+01
   1583.00    0.2279113072E+01
   1584.00    0.2216697328E+01
   1585.00    0.2132956144E+01
   1586.00    0.2051260523E+01
   1587.00    0.1978383850E+01
   1588.00    0.1915070176E+01
   1589.00    0.1860248546E+01
   1590.00    0.1812461839E+01
   1591.00    0.1770260503E+01
   1592.00    0.1732298675E+01
   1593.00    0.1697661052E+01
   1594.00    0.1666317349E+01
   1595.00    0.1638392433E+01
   1596.00    0.1613390306E+01
   1597.00    0.1590658879E+01
   1598.00    0.1569733639E+01
   1599.00    0.1550313894E+01
   1600.00    0.1532190906E+01
   1601.00    0.1515207018E+01
   1602.00    0.1499236168E+01
   1603.00    0.1484174146E+01
   1604.00    0.1469933100E+01
   1605.00    0.1456438037E+01
   1606.00    0.1443624363E+01
   1607.00    0.1431436052E+01
   1608.00    0.1419824214E+01
   1609.00    0.1408745962E+01
   1610.00    0.1398163492E+01
   1611.00    0.1388043336E+01
   1612.00    0.1378355736E+01
   1613.00    0.1369074140E+01
   1614.00    0.1360174765E+01
   1615.00    0.1351636244E+01
   1616.00    0.1343439318E+01
   1617.00    0.1335566584E+01
   1618.00    0.1328002274E+01
   1619.00    0.1320732069E+01
   1620.00    0.1313742942E+01
   1621.00    0.1307023018E+01
   1622.00    0.1300561462E+01
   1623.00    0.1294348371E+01
   1624.00    0.1288374690E+01
   1625.00    0.1282632137E+01
   1626.00    0.1277113133E+01
   1627.00    0.1271810750E+01
   1628.00    0.1266718662E+01
   1629.00    0.1261831097E+01
   1630.00    0.1257142808E+01
   1631.00    0.1252649040E+01
   1632.00    0.1248345502E+01
   1633.00    0.1244228351E+01
   1634.00    0.1240294172E+01
   1635.00    0.1236539967E+01
   1636.00    0.1232963147E+01
   1637.00    0.1229561526E+01
   1638.00    0.1226333325E+01
   1639.00    0.1223277171E+01
   1640.00    0.1220392110E+01
   1641.00    0.1217677618E+01
   1642.00    0.1215133621E+01
   1643.00    0.1212760521E+01
   1644.00    0.1210559224E+01
   1645.00    0.1208531185E+01
   1646.00    0.1206678452E+01
   1647.00    0.1205003729E+01
   1648.00    0.1203510448E+01
   1649.00    0.1202202855E+01
   1650.00    0.1201086119E+01
   1651.00    0.1200166461E+01
   1652.00    0.1199451314E+01
   1653.00    0.1198949511E+01
   1654.00    0.1198671524E+01
   1655.00    0.1198629756E+01
   1656.00    0.1198838895E+01
   1657.00    0.1199316364E+01
   1658.00    0.1200082878E+01
   1659.00    0.1201163143E+01
   1660.00    0.1202586746E+01
   1661.00    0.1204389283E+01
   1662.00    0.1206613808E+01
   1663.00    0.1209312687E+01
   1664.00    0.1212549997E+01
   1665.00    0.1216404616E+01
   1666.00    0.1220974177E+01
   1667.00    0.1226380046E+01
   1668.00    0.1232773319E+01
   1669.00    0.1240341358E+01
   1670.00    0.1249312922E+01
   1671.00    0.1259956055E+01
   1672.00    0.1272552314E+01
   1673.00    0.1287302309E+01
   1674.00    0.1304040493E+01
   1675.00    0.1321437717E+01
   1676.00    0.1334943326E+01
   1677.00    0.1332491345E+01
   1678.00    0.1291240022E+01
   1679.00    0.1195726960E+01
   1680.00    0.1080990772E+01
   1681.00    0.1004865901E+01
   1682.00    0.9772492604E+00
   1683.00    0.9774535569E+00
   1684.00    0.9886071730E+00
   1685.00    0.1002715731E+01
   1686.00    0.1016711597E+01
   1687.00    0.1029606354E+01
   1688.00    0.1041204689E+01
   1689.00    0.1051589675E+01
   1690.00    0.1060925208E+01
   1691.00    0.1069383043E+01
   1692.00    0.1077118240E+01
   1693.00    0.1084263149E+01
   1694.00    0.1090928160E+01
   1695.00    0.1097204578E+01
   1696.00    0.1103167848E+01
   1697.00    0.1108880491E+01
   1698.00    0.1114394590E+01
   1699.00    0.1119753813E+01
   1700.00    0.1124995032E+01
   1701.00    0.1130149627E+01
   1702.00    0.1135244512E+01
   1703.00    0.1140302964E+01
   1704.00    0.1145345279E+01
   1705.00    0.1150389304E+01
   1706.00    0.1155450867E+01
   1707.00    0.1160544127E+01
   1708.00    0.1165681858E+01
   1709.00    0.1170875689E+01
   1710.00    0.1176136294E+01
   1711.00    0.1181473558E+01
   1712.00    0.1186896714E+01
   1713.00    0.1192414456E+01
   1714.00    0.1198035044E+01
   1715.00    0.1203766379E+01
   1716.00    0.1209616085E+01
   1717.00    0.1215591569E+01
   1718.00    0.1221700077E+01
   1719.00    0.1227948742E+01
   1720.00    0.1234344636E+01
   1721.00    0.1240894802E+01
   1722.00    0.1247606293E+01
   1723.00    0.1254486213E+01
   1724.00    0.1261541738E+01
   1725.00    0.1268780157E+01
   1726.00    0.1276208892E+01
   1727.00    0.1283835535E+01
   1728.00    0.1291667867E+01
   1729.00    0.1299713890E+01
   1730.00    0.1307981857E+01
   1731.00    0.1316480291E+01
   1732.00    0.1325218022E+01
   1733.00    0.1334204209E+01
   1734.00    0.1343448374E+01
   1735.00    0.1352960430E+01
   1736.00    0.1362750716E+01
   1737.00    0.1372830025E+01
   1738.00    0.1383209647E+01
   1739.00    0.1393901402E+01
   1740.00    0.1404917681E+01
   1741.00    0.1416271490E+01
   1742.00    0.1427976492E+01
   1743.00    0.1440047061E+01
   1744.00    0.1452498331E+01
   1745.00    0.1465346255E+01
   1746.00    0.1478607664E+01
   1747.00    0.1492300336E+01
   1748.00    0.1506443064E+01
   1749.00    0.1521055738E+01
   1750.00    0.1536159426E+01
   1751.00    0.1551776470E+01
   1752.00    0.1567930585E+01
   1753.00    0.1584646967E+01
   1754.00    0.1601952417E+01
   1755.00    0.1619875471E+01
   1756.00    0.1638446545E+01
   1757.00    0.1657698097E+01
   1758.00    0.1677664799E+01
   1759.00    0.1698383735E+01
   1760.00    0.1719894611E+01
   1761.00    0.1742239999E+01
   1762.00    0.1765465593E+01
   1763.00    0.1789620511E+01
   1764.00    0.1814757612E+01
   1765.00    0.1840933870E+01
   1766.00    0.1868210776E+01
   1767.00    0.1896654795E+01
   1768.00    0.1926337883E+01
   1769.00    0.1957338062E+01
   1770.00    0.1989740074E+01
   1771.00    0.2023636118E+01
   1772.00    0.2059126690E+01
   1773.00    0.2096321532E+01
   1774.00    0.2135340719E+01
   1775.00    0.2176315904E+01
   1776.00    0.2219391741E+01
   1777.00    0.2264727525E+01
   1778.00    0.2312499090E+01
   1779.00    0.2362901000E+01
   1780.00    0.2416149108E+01
   1781.00    0.2472483531E+01
   1782.00    0.2532172148E+01
   1783.00    0.2595514711E+01
   1784.00    0.2662847711E+01
   1785.00    0.2734550151E+01
   1786.00    0.2811050442E+01
   1787.00    0.2892834679E+01
   1788.00    0.2980456623E+01
   1789.00    0.3074549821E+01
   1790.00    0.3175842399E+01
   1791.00    0.3285175253E+01
   1792.00    0.3403524565E+01
   1793.00    0.3532029879E+01
   1794.00    0.3672029399E+01
   1795.00    0.3825104732E+01
   1796.00    0.3993138121E+01
   1797.00    0.4178386369E+01
   1798.00    0.4383577308E+01
   1799.00    0.4612037065E+01
   1800.00    0.4867859959E+01
   1801.00    0.5156138104E+01
   1802.00    0.5483275783E+01
   1803.00    0.5857425718E+01
   1804.00    0.6289102772E+01
   1805.00    0.6792058530E+01
   1806.00    0.7384541397E+01
   1807.00    0.8091123315E+01
   1808.00    0.8945334810E+01
   1809.00    0.9993348909E+01
   1810.00    0.1129862060E+02
   1811.00    0.1294572291E+02
   1812.00    0.1503519101E+02
   1813.00    0.1763980016E+02
   1814.00    0.2063998106E+02
   1815.00    0.2334489226E+02
   1816.00    0.2434684153E+02
   1817.00    0.2285501727E+02
   1818.00    0.1988822259E+02
   1819.00    0.1680851564E+02
   1820.00    0.1419935769E+02
   1821.00    0.1212617800E+02
   1822.00    0.1049783882E+02
   1823.00    0.9208901615E+01
   1824.00    0.8174062976E+01
   1825.00    0.7330246471E+01
   1826.00    0.6631844655E+01
   1827.00    0.6045831711E+01
   1828.00    0.5548033933E+01
   1829.00    0.5120504496E+01
   1830.00    0.4749717440E+01
   1831.00    0.4425326743E+01
   1832.00    0.4139306777E+01
   1833.00    0.3885349752E+01
   1834.00    0.3658437521E+01
   1835.00    0.3454533033E+01
   1836.00    0.3270354938E+01
   1837.00    0.3103210754E+01
   1838.00    0.2950871839E+01
   1839.00    0.2811478575E+01
   1840.00    0.2683467689E+01
   1841.00    0.2565515942E+01
   1842.00    0.2456496095E+01
   1843.00    0.2355442153E+01
   1844.00    0.2261521708E+01
   1845.00    0.2174013747E+01
   1846.00    0.2092290722E+01
   1847.00    0.2015803952E+01
   1848.00    0.1944071670E+01
   1849.00    0.1876669168E+01
   1850.00    0.1813220624E+01
   1851.00    0.1753392298E+01
   1852.00    0.1696886817E+01
   1853.00    0.1643438375E+01
   1854.00    0.1592808663E+01
   1855.00    0.1544783415E+01
   1856.00    0.1499169461E+01
   1857.00    0.1455792196E+01
   1858.00    0.1414493414E+01
   1859.00    0.1375129429E+01
   1860.00    0.1337569448E+01
   1861.00    0.1301694164E+01
   1862.00    0.1267394526E+01
   1863.00    0.1234570658E+01
   1864.00    0.1203130920E+01
   1865.00    0.1172991074E+01
   1866.00    0.1144073560E+01
   1867.00    0.1116306840E+01
   1868.00    0.1089624831E+01
   1869.00    0.1063966395E+01
   1870.00    0.1039274885E+01
   1871.00    0.1015497740E+01
   1872.00    0.9925861281E+00
   1873.00    0.9704946154E+00
   1874.00    0.9491808812E+00
   1875.00    0.9286054544E+00
   1876.00    0.9087314782E+00
   1877.00    0.8895244977E+00
   1878.00    0.8709522675E+00
   1879.00    0.8529845778E+00
   1880.00    0.8355930967E+00
   1881.00    0.8187512262E+00
   1882.00    0.8024339725E+00
   1883.00    0.7866178266E+00
   1884.00    0.7712806557E+00
   1885.00    0.7564016046E+00
   1886.00    0.7419610047E+00
   1887.00    0.7279402908E+00
   1888.00    0.7143219253E+00
   1889.00    0.7010893276E+00
   1890.00    0.6882268107E+00
   1891.00    0.6757195209E+00
   1892.00    0.6635533840E+00
   1893.00    0.6517150547E+00
   1894.00    0.6401918700E+00
   1895.00    0.6289718064E+00
   1896.00    0.6180434400E+00
   1897.00    0.6073959095E+00
   1898.00    0.5970188825E+00
   1899.00    0.5869025233E+00
   1900.00    0.5770374637E+00
   1901.00    0.5674147755E+00
   1902.00    0.5580259451E+00
   1903.00    0.5488628497E+00
   1904.00    0.5399177353E+00
   1905.00    0.5311831958E+00
   1906.00    0.5226521539E+00
   1907.00    0.5143178433E+00
   1908.00    0.5061737913E+00
   1909.00    0.4982138037E+00
   1910.00    0.4904319496E+00
   1911.00    0.4828225477E+00
   1912.00    0.4753801534E+00
   1913.00    0.4680995466E+00
   1914.00    0.4609757201E+00
   1915.00    0.4540038692E+00
   1916.00    0.4471793814E+00
   1917.00    0.4404978269E+00
   1918.00    0.4339549498E+00
   1919.00    0.4275466594E+00
   1920.00    0.4212690227E+00
   1921.00    0.4151182565E+00
   1922.00    0.4090907206E+00
   1923.00    0.4031829109E+00
   1924.00    0.3973914535E+00
   1925.00    0.3917130982E+00
   1926.00    0.3861447134E+00
   1927.00    0.3806832804E+00
   1928.00    0.3753258887E+00
   1929.00    0.3700697309E+00
   1930.00    0.3649120982E+00
   1931.00    0.3598503765E+00
   1932.00    0.3548820419E+00
   1933.00    0.3500046571E+00
   1934.00    0.3452158675E+00
   1935.00    0.3405133979E+00
   1936.00    0.3358950493E+00
   1937.00    0.3313586956E+00
   1938.00    0.3269022805E+00
   1939.00    0.3225238148E+00
   1940.00    0.3182213739E+00
   1941.00    0.3139930948E+00
   1942.00    0.3098371740E+00
   1943.00    0.3057518650E+00
   1944.00    0.3017354761E+00
   1945.00    0.2977863682E+00
   1946.00    0.2939029529E+00
   1947.00    0.2900836907E+00
   1948.00    0.2863270887E+00
   1949.00    0.2826316992E+00
   1950.00    0.2789961180E+00
   1951.00    0.2754189828E+00
   1952.00    0.2718989714E+00
   1953.00    0.2684348004E+00
   1954.00    0.2650252240E+00
   1955.00    0.2616690323E+00
   1956.00    0.2583650502E+00
   1957.00    0.2551121363E+00
   1958.00    0.2519091812E+00
   1959.00    0.2487551071E+00
   1960.00    0.2456488662E+00
   1961.00    0.2425894397E+00
   1962.00    0.2395758369E+00
   1963.00    0.2366070945E+00
   1964.00    0.2336822752E+00
   1965.00    0.2308004671E+00
   1966.00    0.2279607827E+00
   1967.00    0.2251623584E+00
   1968.00    0.2224043534E+00
   1969.00    0.2196859490E+00
   1970.00    0.2170063480E+00
   1971.00    0.2143647738E+00
   1972.00    0.2117604703E+00
   1973.00    0.2091927003E+00
   1974.00    0.2066607457E+00
   1975.00    0.2041639068E+00
   1976.00    0.2017015011E+00
   1977.00    0.1992728635E+00
   1978.00    0.1968773456E+00
   1979.00    0.1945143147E+00
   1980.00    0.1921831541E+00
   1981.00    0.1898832618E+00
   1982.00    0.1876140508E+00
   1983.00    0.1853749481E+00
   1984.00    0.1831653944E+00
   1985.00    0.1809848441E+00
   1986.00    0.1788327642E+00
   1987.00    0.1767086347E+00
   1988.00    0.1746119475E+00
   1989.00    0.1725422065E+00
   1990.00    0.1704989272E+00
   1991.00    0.1684816362E+00
   1992.00    0.1664898711E+00
   1993.00    0.1645231798E+00
   1994.00    0.1625811210E+00
   1995.00    0.1606632628E+00
   1996.00    0.1587691834E+00
   1997.00    0.1568984704E+00
   1998.00    0.1550507204E+00
   1999.00    0.1532255391E+00
   2000.00    0.1514225409E+00
   2001.00    0.1496413484E+00
   2002.00    0.1478815928E+00
   2003.00    0.1461429130E+00
   2004.00    0.1444249559E+00
   2005.00    0.1427273757E+00
   2006.00    0.1410498344E+00
   2007.00    0.1393920007E+00
   2008.00    0.1377535508E+00
   2009.00    0.1361341672E+00
   2010.00    0.1345335395E+00
   2011.00    0.1329513635E+00
   2012.00    0.1313873414E+00
   2013.00    0.1298411815E+00
   2014.00    0.1283125980E+00
   2015.00    0.1268013113E+00
   2016.00    0.1253070469E+00
   2017.00    0.1238295365E+00
   2018.00    0.1223685166E+00
   2019.00    0.1209237294E+00
   2020.00    0.1194949221E+00
   2021.00    0.1180818469E+00
   2022.00    0.1166842609E+00
   2023.00    0.1153019259E+00
   2024.00    0.1139346086E+00
   2025.00    0.1125820800E+00
   2026.00    0.1112441157E+00
   2027.00    0.1099204955E+00
   2028.00    0.1086110036E+00
   2029.00    0.1073154280E+00
   2030.00    0.1060335613E+00
   2031.00    0.1047651994E+00
   2032.00    0.1035101425E+00
   2033.00    0.1022681943E+00
   2034.00    0.1010391624E+00
   2035.00    0.9982285783E-01
   2036.00    0.9861909512E-01
   2037.00    0.9742769227E-01
   2038.00    0.9624847063E-01
   2039.00    0.9508125480E-01
   2040.00    0.9392587258E-01
   2041.00    0.9278215492E-01
   2042.00    0.9164993579E-01
   2043.00    0.9052905217E-01
   2044.00    0.8941934397E-01
   2045.00    0.8832065394E-01
   2046.00    0.8723282762E-01
   2047.00    0.8615571330E-01
   2048.00    0.8508916195E-01
   2049.00    0.8403302713E-01
   2050.00    0.8298716499E-01
   2051.00    0.8195143417E-01
   2052.00    0.8092569576E-01
   2053.00    0.7990981325E-01
   2054.00    0.7890365249E-01
   2055.00    0.7790708162E-01
   2056.00    0.7691997103E-01
   2057.00    0.7594219332E-01
   2058.00    0.7497362324E-01
   2059.00    0.7401413765E-01
   2060.00    0.7306361550E-01
   2061.00    0.7212193774E-01
   2062.00    0.7118898733E-01
   2063.00    0.7026464916E-01
   2064.00    0.6934881002E-01
   2065.00    0.6844135857E-01
   2066.00    0.6754218532E-01
   2067.00    0.6665118254E-01
   2068.00    0.6576824428E-01
   2069.00    0.6489326629E-01
   2070.00    0.6402614603E-01
   2071.00    0.6316678259E-01
   2072.00    0.6231507671E-01
   2073.00    0.6147093069E-01
   2074.00    0.6063424840E-01
   2075.00    0.5980493524E-01
   2076.00    0.5898289811E-01
   2077.00    0.5816804537E-01
   2078.00    0.5736028684E-01
   2079.00    0.5655953372E-01
   2080.00    0.5576569864E-01
   2081.00    0.5497869555E-01
   2082.00    0.5419843976E-01
   2083.00    0.5342484788E-01
   2084.00    0.5265783781E-01
   2085.00    0.5189732870E-01
   2086.00    0.5114324095E-01
   2087.00    0.5039549618E-01
   2088.00    0.4965401718E-01
   2089.00    0.4891872792E-01
   2090.00    0.4818955354E-01
   2091.00    0.4746642029E-01
   2092.00    0.4674925551E-01
   2093.00    0.4603798767E-01
   2094.00    0.4533254628E-01
   2095.00    0.4463286191E-01
   2096.00    0.4393886615E-01
   2097.00    0.4325049162E-01
   2098.00    0.4256767194E-01
   2099.00    0.4189034168E-01
   2100.00    0.4121843640E-01
   2101.00    0.4055189259E-01
   2102.00    0.3989064767E-01
   2103.00    0.3923464000E-01
   2104.00    0.3858380879E-01
   2105.00    0.3793809419E-01
   2106.00    0.3729743717E-01
   2107.00    0.3666177959E-01
   2108.00    0.3603106413E-01
   2109.00    0.3540523433E-01
   2110.00    0.3478423450E-01
   2111.00    0.3416800979E-01
   2112.00    0.3355650613E-01
   2113.00    0.3294967023E-01
   2114.00    0.3234744957E-01
   2115.00    0.3174979239E-01
   2116.00    0.3115664767E-01
   2117.00    0.3056796514E-01
   2118.00    0.2998369525E-01
   2119.00    0.2940378916E-01
   2120.00    0.2882819877E-01
   2121.00    0.2825687665E-01
   2122.00    0.2768977608E-01
   2123.00    0.2712685104E-01
   2124.00    0.2656805617E-01
   2125.00    0.2601334681E-01
   2126.00    0.2546267894E-01
   2127.00    0.2491600924E-01
   2128.00    0.2437329505E-01
   2129.00    0.2383449434E-01
   2130.00    0.2329956579E-01
   2131.00    0.2276846870E-01
   2132.00    0.2224116307E-01
   2133.00    0.2171760952E-01
   2134.00    0.2119776937E-01
   2135.00    0.2068160462E-01
   2136.00    0.2016907793E-01
   2137.00    0.1966015267E-01
   2138.00    0.1915479291E-01
   2139.00    0.1865296345E-01
   2140.00    0.1815462983E-01
   2141.00    0.1765975836E-01
   2142.00    0.1716831614E-01
   2143.00    0.1668027111E-01
   2144.00    0.1619559207E-01
   2145.00    0.1571424877E-01
   2146.00    0.1523621191E-01
   2147.00    0.1476145328E-01
   2148.00    0.1428994576E-01
   2149.00    0.1382166352E-01
   2150.00    0.1335658207E-01
   2151.00    0.1289467843E-01
   2152.00    0.1243593130E-01
   2153.00    0.1198032129E-01
   2154.00    0.1152783119E-01
   2155.00    0.1107844626E-01
   2156.00    0.1063215466E-01
   2157.00    0.1018894793E-01
   2158.00    0.9748821607E-02
   2159.00    0.9311776038E-02
   2160.00    0.8877817340E-02
   2161.00    0.8446958696E-02
   2162.00    0.8019222015E-02
   2163.00    0.7594640106E-02
   2164.00    0.7173259574E-02
   2165.00    0.6755144714E-02
   2166.00    0.6340382827E-02
   2167.00    0.5929091599E-02
   2168.00    0.5521429539E-02
   2169.00    0.5117611000E-02
   2170.00    0.4717928316E-02
   2171.00    0.4322785201E-02
   2172.00    0.3932748507E-02
   2173.00    0.3548630872E-02
   2174.00    0.3171627024E-02
   2175.00    0.2803546534E-02
   2176.00    0.2447225405E-02
   2177.00    0.2107276021E-02
   2178.00    0.1791468651E-02
   2179.00    0.1513158661E-02
   2180.00    0.1294634627E-02
   2181.00    0.1167626204E-02
   2182.00    0.1160288108E-02
   2183.00    0.1272687457E-02
   2184.00    0.1476057084E-02
   2185.00    0.1737353162E-02
   2186.00    0.2033193338E-02
   2187.00    0.2349566056E-02
   2188.00    0.2678342931E-02
   2189.00    0.3014715904E-02
   2190.00    0.3355737833E-02
   2191.00    0.3699532537E-02
   2192.00    0.4044862847E-02
   2193.00    0.4390887238E-02
   2194.00    0.4737017784E-02
   2195.00    0.5082834293E-02
   2196.00    0.5428030677E-02
   2197.00    0.5772380426E-02
   2198.00    0.6115713775E-02
   2199.00    0.6457902231E-02
   2200.00    0.6798847846E-02
   2201.00    0.7138475643E-02
   2202.00    0.7476728162E-02
   2203.00    0.7813561471E-02
   2204.00    0.8148942207E-02
   2205.00    0.8482845346E-02
   2206.00    0.8815252511E-02
   2207.00    0.9146150658E-02
   2208.00    0.9475531062E-02
   2209.00    0.9803388515E-02
   2210.00    0.1012972069E-01
   2211.00    0.1045452765E-01
   2212.00    0.1077781140E-01
   2213.00    0.1109957559E-01
   2214.00    0.1141982524E-01
   2215.00    0.1173856650E-01
   2216.00    0.1205580647E-01
   2217.00    0.1237155307E-01
   2218.00    0.1268581488E-01
   2219.00    0.1299860105E-01
   2220.00    0.1330992120E-01
   2221.00    0.1361978535E-01
   2222.00    0.1392820387E-01
   2223.00    0.1423518737E-01
   2224.00    0.1454074673E-01
   2225.00    0.1484489299E-01
   2226.00    0.1514763737E-01
   2227.00    0.1544899118E-01
   2228.00    0.1574896587E-01
   2229.00    0.1604757292E-01
   2230.00    0.1634482389E-01
   2231.00    0.1664073039E-01
   2232.00    0.1693530401E-01
   2233.00    0.1722855639E-01
   2234.00    0.1752049915E-01
   2235.00    0.1781114391E-01
   2236.00    0.1810050224E-01
   2237.00    0.1838858572E-01
   2238.00    0.1867540587E-01
   2239.00    0.1896097417E-01
   2240.00    0.1924530207E-01
   2241.00    0.1952840095E-01
   2242.00    0.1981028215E-01
   2243.00    0.2009095695E-01
   2244.00    0.2037043656E-01
   2245.00    0.2064873213E-01
   2246.00    0.2092585475E-01
   2247.00    0.2120181544E-01
   2248.00    0.2147662515E-01
   2249.00    0.2175029476E-01
   2250.00    0.2202283508E-01
   2251.00    0.2229425683E-01
   2252.00    0.2256457068E-01
   2253.00    0.2283378722E-01
   2254.00    0.2310191696E-01
   2255.00    0.2336897034E-01
   2256.00    0.2363495771E-01
   2257.00    0.2389988937E-01
   2258.00    0.2416377552E-01
   2259.00    0.2442662630E-01
   2260.00    0.2468845177E-01
   2261.00    0.2494926191E-01
   2262.00    0.2520906663E-01
   2263.00    0.2546787577E-01
   2264.00    0.2572569908E-01
   2265.00    0.2598254624E-01
   2266.00    0.2623842688E-01
   2267.00    0.2649335052E-01
   2268.00    0.2674732663E-01
   2269.00    0.2700036461E-01
   2270.00    0.2725247377E-01
   2271.00    0.2750366336E-01
   2272.00    0.2775394255E-01
   2273.00    0.2800332047E-01
   2274.00    0.2825180613E-01
   2275.00    0.2849940851E-01
   2276.00    0.2874613651E-01
   2277.00    0.2899199896E-01
   2278.00    0.2923700462E-01
   2279.00    0.2948116218E-01
   2280.00    0.2972448028E-01
   2281.00    0.2996696749E-01
   2282.00    0.3020863229E-01
   2283.00    0.3044948313E-01
   2284.00    0.3068952837E-01
   2285.00    0.3092877633E-01
   2286.00    0.3116723524E-01
   2287.00    0.3140491330E-01
   2288.00    0.3164181862E-01
   2289.00    0.3187795927E-01
   2290.00    0.3211334324E-01
   2291.00    0.3234797848E-01
   2292.00    0.3258187287E-01
   2293.00    0.3281503424E-01
   2294.00    0.3304747036E-01
   2295.00    0.3327918893E-01
   2296.00    0.3351019762E-01
   2297.00    0.3374050401E-01
   2298.00    0.3397011566E-01
   2299.00    0.3419904005E-01
   2300.00    0.3442728462E-01
   2301.00    0.3465485676E-01
   2302.00    0.3488176379E-01
   2303.00    0.3510801299E-01
   2304.00    0.3533361159E-01
   2305.00    0.3555856676E-01
   2306.00    0.3578288564E-01
   2307.00    0.3600657529E-01
   2308.00    0.3622964274E-01
   2309.00    0.3645209498E-01
   2310.00    0.3667393893E-01
   2311.00    0.3689518148E-01
   2312.00    0.3711582946E-01
   2313.00    0.3733588966E-01
   2314.00    0.3755536884E-01
   2315.00    0.3777427367E-01
   2316.00    0.3799261083E-01
   2317.00    0.3821038693E-01
   2318.00    0.3842760852E-01
   2319.00    0.3864428213E-01
   2320.00    0.3886041425E-01
   2321.00    0.3907601131E-01
   2322.00    0.3929107971E-01
   2323.00    0.3950562580E-01
   2324.00    0.3971965591E-01
   2325.00    0.3993317631E-01
   2326.00    0.4014619323E-01
   2327.00    0.4035871287E-01
   2328.00    0.4057074140E-01
   2329.00    0.4078228493E-01
   2330.00    0.4099334954E-01
   2331.00    0.4120394128E-01
   2332.00    0.4141406616E-01
   2333.00    0.4162373015E-01
   2334.00    0.4183293919E-01
   2335.00    0.4204169918E-01
   2336.00    0.4225001598E-01
   2337.00    0.4245789544E-01
   2338.00    0.4266534334E-01
   2339.00    0.4287236545E-01
   2340.00    0.4307896751E-01
   2341.00    0.4328515520E-01
   2342.00    0.4349093421E-01
   2343.00    0.4369631016E-01
   2344.00    0.4390128865E-01
   2345.00    0.4410587526E-01
   2346.00    0.4431007553E-01
   2347.00    0.4451389497E-01
   2348.00    0.4471733906E-01
   2349.00    0.4492041325E-01
   2350.00    0.4512312297E-01
   2351.00    0.4532547361E-01
   2352.00    0.4552747053E-01
   2353.00    0.4572911908E-01
   2354.00    0.4593042456E-01
   2355.00    0.4613139225E-01
   2356.00    0.4633202742E-01
   2357.00    0.4653233530E-01
   2358.00    0.4673232108E-01
   2359.00    0.4693198995E-01
   2360.00    0.4713134706E-01
   2361.00    0.4733039753E-01
   2362.00    0.4752914648E-01
   2363.00    0.4772759898E-01
   2364.00    0.4792576008E-01
   2365.00    0.4812363483E-01
   2366.00    0.4832122822E-01
   2367.00    0.4851854525E-01
   2368.00    0.4871559087E-01
   2369.00    0.4891237004E-01
   2370.00    0.4910888766E-01
   2371.00    0.4930514864E-01
   2372.00    0.4950115786E-01
   2373.00    0.4969692016E-01
   2374.00    0.4989244040E-01
   2375.00    0.5008772338E-01
   2376.00    0.5028277389E-01
   2377.00    0.5047759672E-01
   2378.00    0.5067219662E-01
   2379.00    0.5086657833E-01
   2380.00    0.5106074657E-01
   2381.00    0.5125470604E-01
   2382.00    0.5144846143E-01
   2383.00    0.5164201740E-01
   2384.00    0.5183537859E-01
   2385.00    0.5202854964E-01
   2386.00    0.5222153517E-01
   2387.00    0.5241433977E-01
   2388.00    0.5260696802E-01
   2389.00    0.5279942450E-01
   2390.00    0.5299171374E-01
   2391.00    0.5318384029E-01
   2392.00    0.5337580866E-01
   2393.00    0.5356762337E-01
   2394.00    0.5375928889E-01
   2395.00    0.5395080972E-01
   2396.00    0.5414219030E-01
   2397.00    0.5433343510E-01
   2398.00    0.5452454854E-01
   2399.00    0.5471553506E-01
   2400.00    0.5490639905E-01
   2401.00    0.5509714492E-01
   2402.00    0.5528777705E-01
   2403.00    0.5547829982E-01
   2404.00    0.5566871759E-01
   2405.00    0.5585903471E-01
   2406.00    0.5604925551E-01
   2407.00    0.5623938433E-01
   2408.00    0.5642942549E-01
   2409.00    0.5661938329E-01
   2410.00    0.5680926202E-01
   2411.00    0.5699906599E-01
   2412.00    0.5718879946E-01
   2413.00    0.5737846670E-01
   2414.00    0.5756807198E-01
   2415.00    0.5775761954E-01
   2416.00    0.5794711362E-01
   2417.00    0.5813655847E-01
   2418.00    0.5832595831E-01
   2419.00    0.5851531735E-01
   2420.00    0.5870463980E-01
   2421.00    0.5889392988E-01
   2422.00    0.5908319177E-01
   2423.00    0.5927242966E-01
   2424.00    0.5946164775E-01
   2425.00    0.5965085020E-01
   2426.00    0.5984004118E-01
   2427.00    0.6002922487E-01
   2428.00    0.6021840542E-01
   2429.00    0.6040758698E-01
   2430.00    0.6059677371E-01
   2431.00    0.6078596975E-01
   2432.00    0.6097517923E-01
   2433.00    0.6116440630E-01
   2434.00    0.6135365509E-01
   2435.00    0.6154292971E-01
   2436.00    0.6173223431E-01
   2437.00    0.6192157300E-01
   2438.00    0.6211094989E-01
   2439.00    0.6230036910E-01
   2440.00    0.6248983474E-01
   2441.00    0.6267935093E-01
   2442.00    0.6286892176E-01
   2443.00    0.6305855136E-01
   2444.00    0.6324824381E-01
   2445.00    0.6343800322E-01
   2446.00    0.6362783370E-01
   2447.00    0.6381773935E-01
   2448.00    0.6400772426E-01
   2449.00    0.6419779253E-01
   2450.00    0.6438794826E-01
   2451.00    0.6457819556E-01
   2452.00    0.6476853852E-01
   2453.00    0.6495898124E-01
   2454.00    0.6514952782E-01
   2455.00    0.6534018237E-01
   2456.00    0.6553094898E-01
   2457.00    0.6572183176E-01
   2458.00    0.6591283482E-01
   2459.00    0.6610396226E-01
   2460.00    0.6629521819E-01
   2461.00    0.6648660674E-01
   2462.00    0.6667813200E-01
   2463.00    0.6686979810E-01
   2464.00    0.6706160917E-01
   2465.00    0.6725356931E-01
   2466.00    0.6744568267E-01
   2467.00    0.6763795338E-01
   2468.00    0.6783038557E-01
   2469.00    0.6802298337E-01
   2470.00    0.6821575095E-01
   2471.00    0.6840869243E-01
   2472.00    0.6860181199E-01
   2473.00    0.6879511378E-01
   2474.00    0.6898860196E-01
   2475.00    0.6918228071E-01
   2476.00    0.6937615421E-01
   2477.00    0.6957022663E-01
   2478.00    0.6976450218E-01
   2479.00    0.6995898504E-01
   2480.00    0.7015367942E-01
   2481.00    0.7034858953E-01
   2482.00    0.7054371959E-01
   2483.00    0.7073907383E-01
   2484.00    0.7093465648E-01
   2485.00    0.7113047179E-01
   2486.00    0.7132652400E-01
   2487.00    0.7152281739E-01
   2488.00    0.7171935621E-01
   2489.00    0.7191614474E-01
   2490.00    0.7211318729E-01
   2491.00    0.7231048813E-01
   2492.00    0.7250805159E-01
   2493.00    0.7270588199E-01
   2494.00    0.7290398364E-01
   2495.00    0.7310236089E-01
   2496.00    0.7330101810E-01
   2497.00    0.7349995963E-01
   2498.00    0.7369918985E-01
   2499.00    0.7389871314E-01
   2500.00    0.7409853392E-01
   2501.00    0.7429865658E-01
   2502.00    0.7449908556E-01
   2503.00    0.7469982530E-01
   2504.00    0.7490088023E-01
   2505.00    0.7510225484E-01
   2506.00    0.7530395359E-01
   2507.00    0.7550598098E-01
   2508.00    0.7570834152E-01
   2509.00    0.7591103972E-01
   2510.00    0.7611408014E-01
   2511.00    0.7631746731E-01
   2512.00    0.7652120582E-01
   2513.00    0.7672530023E-01
   2514.00    0.7692975516E-01
   2515.00    0.7713457522E-01
   2516.00    0.7733976504E-01
   2517.00    0.7754532928E-01
   2518.00    0.7775127260E-01
   2519.00    0.7795759969E-01
   2520.00    0.7816431526E-01
   2521.00    0.7837142402E-01
   2522.00    0.7857893073E-01
   2523.00    0.7878684013E-01
   2524.00    0.7899515702E-01
   2525.00    0.7920388618E-01
   2526.00    0.7941303245E-01
   2527.00    0.7962260065E-01
   2528.00    0.7983259566E-01
   2529.00    0.8004302234E-01
   2530.00    0.8025388561E-01
   2531.00    0.8046519040E-01
   2532.00    0.8067694163E-01
   2533.00    0.8088914430E-01
   2534.00    0.8110180338E-01
   2535.00    0.8131492389E-01
   2536.00    0.8152851087E-01
   2537.00    0.8174256938E-01
   2538.00    0.8195710451E-01
   2539.00    0.8217212137E-01
   2540.00    0.8238762509E-01
   2541.00    0.8260362083E-01
   2542.00    0.8282011378E-01
   2543.00    0.8303710915E-01
   2544.00    0.8325461218E-01
   2545.00    0.8347262814E-01
   2546.00    0.8369116230E-01
   2547.00    0.8391022001E-01
   2548.00    0.8412980659E-01
   2549.00    0.8434992743E-01
   2550.00    0.8457058793E-01
   2551.00    0.8479179353E-01
   2552.00    0.8501354968E-01
   2553.00    0.8523586188E-01
   2554.00    0.8545873565E-01
   2555.00    0.8568217654E-01
   2556.00    0.8590619015E-01
   2557.00    0.8613078208E-01
   2558.00    0.8635595798E-01
   2559.00    0.8658172353E-01
   2560.00    0.8680808445E-01
   2561.00    0.8703504649E-01
   2562.00    0.8726261541E-01
   2563.00    0.8749079704E-01
   2564.00    0.8771959723E-01
   2565.00    0.8794902186E-01
   2566.00    0.8817907684E-01
   2567.00    0.8840976815E-01
   2568.00    0.8864110176E-01
   2569.00    0.8887308370E-01
   2570.00    0.8910572005E-01
   2571.00    0.8933901691E-01
   2572.00    0.8957298042E-01
   2573.00    0.8980761677E-01
   2574.00    0.9004293216E-01
   2575.00    0.9027893288E-01
   2576.00    0.9051562522E-01
   2577.00    0.9075301551E-01
   2578.00    0.9099111016E-01
   2579.00    0.9122991558E-01
   2580.00    0.9146943825E-01
   2581.00    0.9170968467E-01
   2582.00    0.9195066141E-01
   2583.00    0.9219237506E-01
   2584.00    0.9243483228E-01
   2585.00    0.9267803975E-01
   2586.00    0.9292200421E-01
   2587.00    0.9316673245E-01
   2588.00    0.9341223130E-01
   2589.00    0.9365850763E-01
   2590.00    0.9390556838E-01
   2591.00    0.9415342052E-01
   2592.00    0.9440207108E-01
   2593.00    0.9465152714E-01
   2594.00    0.9490179582E-01
   2595.00    0.9515288431E-01
   2596.00    0.9540479983E-01
   2597.00    0.9565754969E-01
   2598.00    0.9591114120E-01
   2599.00    0.9616558177E-01
   2600.00    0.9642087885E-01
   2601.00    0.9667703993E-01
   2602.00    0.9693407258E-01
   2603.00    0.9719198443E-01
   2604.00    0.9745078313E-01
   2605.00    0.9771047644E-01
   2606.00    0.9797107214E-01
   2607.00    0.9823257808E-01
   2608.00    0.9849500219E-01
   2609.00    0.9875835244E-01
   2610.00    0.9902263686E-01
   2611.00    0.9928786357E-01
   2612.00    0.9955404072E-01
   2613.00    0.9982117655E-01
   2614.00    0.1000892794E+00
   2615.00    0.1003583575E+00
   2616.00    0.1006284194E+00
   2617.00    0.1008994736E+00
   2618.00    0.1011715286E+00
   2619.00    0.1014445931E+00
   2620.00    0.1017186758E+00
   2621.00    0.1019937855E+00
   2622.00    0.1022699310E+00
   2623.00    0.1025471212E+00
   2624.00    0.1028253652E+00
   2625.00    0.1031046720E+00
   2626.00    0.1033850508E+00
   2627.00    0.1036665108E+00
   2628.00    0.1039490614E+00
   2629.00    0.1042327118E+00
   2630.00    0.1045174717E+00
   2631.00    0.1048033505E+00
   2632.00    0.1050903579E+00
   2633.00    0.1053785036E+00
   2634.00    0.1056677973E+00
   2635.00    0.1059582491E+00
   2636.00    0.1062498688E+00
   2637.00    0.1065426666E+00
   2638.00    0.1068366526E+00
   2639.00    0.1071318369E+00
   2640.00    0.1074282301E+00
   2641.00    0.1077258424E+00
   2642.00    0.1080246845E+00
   2643.00    0.1083247669E+00
   2644.00    0.1086261004E+00
   2645.00    0.1089286957E+00
   2646.00    0.1092325638E+00
   2647.00    0.1095377157E+00
   2648.00    0.1098441625E+00
   2649.00    0.1101519154E+00
   2650.00    0.1104609858E+00
   2651.00    0.1107713850E+00
   2652.00    0.1110831247E+00
   2653.00    0.1113962164E+00
   2654.00    0.1117106719E+00
   2655.00    0.1120265030E+00
   2656.00    0.1123437219E+00
   2657.00    0.1126623404E+00
   2658.00    0.1129823709E+00
   2659.00    0.1133038257E+00
   2660.00    0.1136267173E+00
   2661.00    0.1139510581E+00
   2662.00    0.1142768609E+00
   2663.00    0.1146041385E+00
   2664.00    0.1149329038E+00
   2665.00    0.1152631699E+00
   2666.00    0.1155949500E+00
   2667.00    0.1159282575E+00
   2668.00    0.1162631057E+00
   2669.00    0.1165995084E+00
   2670.00    0.1169374791E+00
   2671.00    0.1172770318E+00
   2672.00    0.1176181806E+00
   2673.00    0.1179609394E+00
   2674.00    0.1183053228E+00
   2675.00    0.1186513450E+00
   2676.00    0.1189990207E+00
   2677.00    0.1193483646E+00
   2678.00    0.1196993916E+00
   2679.00    0.1200521168E+00
   2680.00    0.1204065554E+00
   2681.00    0.1207627227E+00
   2682.00    0.1211206343E+00
   2683.00    0.1214803059E+00
   2684.00    0.1218417532E+00
   2685.00    0.1222049924E+00
   2686.00    0.1225700396E+00
   2687.00    0.1229369112E+00
   2688.00    0.1233056238E+00
   2689.00    0.1236761940E+00
   2690.00    0.1240486388E+00
   2691.00    0.1244229752E+00
   2692.00    0.1247992205E+00
   2693.00    0.1251773922E+00
   2694.00    0.1255575080E+00
   2695.00    0.1259395856E+00
   2696.00    0.1263236431E+00
   2697.00    0.1267096987E+00
   2698.00    0.1270977710E+00
   2699.00    0.1274878784E+00
   2700.00    0.1278800400E+00
   2701.00    0.1282742747E+00
   2702.00    0.1286706019E+00
   2703.00    0.1290690411E+00
   2704.00    0.1294696118E+00
   2705.00    0.1298723343E+00
   2706.00    0.1302772285E+00
   2707.00    0.1306843149E+00
   2708.00    0.1310936141E+00
   2709.00    0.1315051471E+00
   2710.00    0.1319189349E+00
   2711.00    0.1323349989E+00
   2712.00    0.1327533607E+00
   2713.00    0.1331740422E+00
   2714.00    0.1335970656E+00
   2715.00    0.1340224531E+00
   2716.00    0.1344502275E+00
   2717.00    0.1348804117E+00
   2718.00    0.1353130288E+00
   2719.00    0.1357481024E+00
   2720.00    0.1361856562E+00
   2721.00    0.1366257142E+00
   2722.00    0.1370683008E+00
   2723.00    0.1375134406E+00
   2724.00    0.1379611585E+00
   2725.00    0.1384114797E+00
   2726.00    0.1388644299E+00
   2727.00    0.1393200347E+00
   2728.00    0.1397783205E+00
   2729.00    0.1402393137E+00
   2730.00    0.1407030411E+00
   2731.00    0.1411695299E+00
   2732.00    0.1416388077E+00
   2733.00    0.1421109021E+00
   2734.00    0.1425858415E+00
   2735.00    0.1430636545E+00
   2736.00    0.1435443698E+00
   2737.00    0.1440280168E+00
   2738.00    0.1445146252E+00
   2739.00    0.1450042250E+00
   2740.00    0.1454968467E+00
   2741.00    0.1459925210E+00
   2742.00    0.1464912792E+00
   2743.00    0.1469931530E+00
   2744.00    0.1474981743E+00
   2745.00    0.1480063756E+00
   2746.00    0.1485177899E+00
   2747.00    0.1490324505E+00
   2748.00    0.1495503910E+00
   2749.00    0.1500716459E+00
   2750.00    0.1505962496E+00
   2751.00    0.1511242375E+00
   2752.00    0.1516556450E+00
   2753.00    0.1521905084E+00
   2754.00    0.1527288641E+00
   2755.00    0.1532707493E+00
   2756.00    0.1538162016E+00
   2757.00    0.1543652590E+00
   2758.00    0.1549179603E+00
   2759.00    0.1554743446E+00
   2760.00    0.1560344515E+00
   2761.00    0.1565983215E+00
   2762.00    0.1571659953E+00
   2763.00    0.1577375142E+00
   2764.00    0.1583129204E+00
   2765.00    0.1588922564E+00
   2766.00    0.1594755653E+00
   2767.00    0.1600628910E+00
   2768.00    0.1606542780E+00
   2769.00    0.1612497711E+00
   2770.00    0.1618494163E+00
   2771.00    0.1624532599E+00
   2772.00    0.1630613488E+00
   2773.00    0.1636737310E+00
   2774.00    0.1642904547E+00
   2775.00    0.1649115693E+00
   2776.00    0.1655371244E+00
   2777.00    0.1661671708E+00
   2778.00    0.1668017598E+00
   2779.00    0.1674409436E+00
   2780.00    0.1680847751E+00
   2781.00    0.1687333080E+00
   2782.00    0.1693865968E+00
   2783.00    0.1700446969E+00
   2784.00    0.1707076645E+00
   2785.00    0.1713755567E+00
   2786.00    0.1720484313E+00
   2787.00    0.1727263473E+00
   2788.00    0.1734093643E+00
   2789.00    0.1740975431E+00
   2790.00    0.1747909452E+00
   2791.00    0.1754896333E+00
   2792.00    0.1761936710E+00
   2793.00    0.1769031227E+00
   2794.00    0.1776180541E+00
   2795.00    0.1783385319E+00
   2796.00    0.1790646237E+00
   2797.00    0.1797963985E+00
   2798.00    0.1805339260E+00
   2799.00    0.1812772775E+00
   2800.00    0.1820265249E+00
   2801.00    0.1827817419E+00
   2802.00    0.1835430028E+00
   2803.00    0.1843103837E+00
   2804.00    0.1850839615E+00
   2805.00    0.1858638147E+00
   2806.00    0.1866500229E+00
   2807.00    0.1874426671E+00
   2808.00    0.1882418298E+00
   2809.00    0.1890475946E+00
   2810.00    0.1898600468E+00
   2811.00    0.1906792731E+00
   2812.00    0.1915053616E+00
   2813.00    0.1923384019E+00
   2814.00    0.1931784854E+00
   2815.00    0.1940257047E+00
   2816.00    0.1948801544E+00
   2817.00    0.1957419305E+00
   2818.00    0.1966111308E+00
   2819.00    0.1974878548E+00
   2820.00    0.1983722038E+00
   2821.00    0.1992642809E+00
   2822.00    0.2001641911E+00
   2823.00    0.2010720412E+00
   2824.00    0.2019879400E+00
   2825.00    0.2029119983E+00
   2826.00    0.2038443288E+00
   2827.00    0.2047850464E+00
   2828.00    0.2057342682E+00
   2829.00    0.2066921133E+00
   2830.00    0.2076587030E+00
   2831.00    0.2086341612E+00
   2832.00    0.2096186137E+00
   2833.00    0.2106121890E+00
   2834.00    0.2116150179E+00
   2835.00    0.2126272337E+00
   2836.00    0.2136489723E+00
   2837.00    0.2146803724E+00
   2838.00    0.2157215750E+00
   2839.00    0.2167727242E+00
   2840.00    0.2178339667E+00
   2841.00    0.2189054523E+00
   2842.00    0.2199873336E+00
   2843.00    0.2210797664E+00
   2844.00    0.2221829094E+00
   2845.00    0.2232969247E+00
   2846.00    0.2244219775E+00
   2847.00    0.2255582366E+00
   2848.00    0.2267058740E+00
   2849.00    0.2278650654E+00
   2850.00    0.2290359900E+00
   2851.00    0.2302188310E+00
   2852.00    0.2314137750E+00
   2853.00    0.2326210130E+00
   2854.00    0.2338407396E+00
   2855.00    0.2350731537E+00
   2856.00    0.2363184586E+00
   2857.00    0.2375768618E+00
   2858.00    0.2388485754E+00
   2859.00    0.2401338158E+00
   2860.00    0.2414328046E+00
   2861.00    0.2427457678E+00
   2862.00    0.2440729368E+00
   2863.00    0.2454145479E+00
   2864.00    0.2467708427E+00
   2865.00    0.2481420684E+00
   2866.00    0.2495284774E+00
   2867.00    0.2509303284E+00
   2868.00    0.2523478856E+00
   2869.00    0.2537814194E+00
   2870.00    0.2552312064E+00
   2871.00    0.2566975299E+00
   2872.00    0.2581806795E+00
   2873.00    0.2596809518E+00
   2874.00    0.2611986506E+00
   2875.00    0.2627340865E+00
   2876.00    0.2642875780E+00
   2877.00    0.2658594512E+00
   2878.00    0.2674500400E+00
   2879.00    0.2690596865E+00
   2880.00    0.2706887414E+00
   2881.00    0.2723375639E+00
   2882.00    0.2740065224E+00
   2883.00    0.2756959943E+00
   2884.00    0.2774063666E+00
   2885.00    0.2791380363E+00
   2886.00    0.2808914106E+00
   2887.00    0.2826669069E+00
   2888.00    0.2844649538E+00
   2889.00    0.2862859909E+00
   2890.00    0.2881304694E+00
   2891.00    0.2899988526E+00
   2892.00    0.2918916160E+00
   2893.00    0.2938092481E+00
   2894.00    0.2957522503E+00
   2895.00    0.2977211381E+00
   2896.00    0.2997164407E+00
   2897.00    0.3017387025E+00
   2898.00    0.3037884825E+00
   2899.00    0.3058663559E+00
   2900.00    0.3079729137E+00
   2901.00    0.3101087642E+00
   2902.00    0.3122745328E+00
   2903.00    0.3144708633E+00
   2904.00    0.3166984180E+00
   2905.00    0.3189578788E+00
   2906.00    0.3212499478E+00
   2907.00    0.3235753481E+00
   2908.00    0.3259348243E+00
   2909.00    0.3283291440E+00
   2910.00    0.3307590977E+00
   2911.00    0.3332255009E+00
   2912.00    0.3357291938E+00
   2913.00    0.3382710434E+00
   2914.00    0.3408519437E+00
   2915.00    0.3434728176E+00
   2916.00    0.3461346171E+00
   2917.00    0.3488383255E+00
   2918.00    0.3515849580E+00
   2919.00    0.3543755633E+00
   2920.00    0.3572112247E+00
   2921.00    0.3600930624E+00
   2922.00    0.3630222338E+00
   2923.00    0.3659999364E+00
   2924.00    0.3690274086E+00
   2925.00    0.3721059319E+00
   2926.00    0.3752368329E+00
   2927.00    0.3784214849E+00
   2928.00    0.3816613105E+00
   2929.00    0.3849577836E+00
   2930.00    0.3883124317E+00
   2931.00    0.3917268387E+00
   2932.00    0.3952026471E+00
   2933.00    0.3987415610E+00
   2934.00    0.4023453493E+00
   2935.00    0.4060158485E+00
   2936.00    0.4097549659E+00
   2937.00    0.4135646835E+00
   2938.00    0.4174470616E+00
   2939.00    0.4214042426E+00
   2940.00    0.4254384551E+00
   2941.00    0.4295520186E+00
   2942.00    0.4337473484E+00
   2943.00    0.4380269600E+00
   2944.00    0.4423934750E+00
   2945.00    0.4468496267E+00
   2946.00    0.4513982659E+00
   2947.00    0.4560423677E+00
   2948.00    0.4607850384E+00
   2949.00    0.4656295226E+00
   2950.00    0.4705792115E+00
   2951.00    0.4756376511E+00
   2952.00    0.4808085512E+00
   2953.00    0.4860957953E+00
   2954.00    0.4915034509E+00
   2955.00    0.4970357806E+00
   2956.00    0.5026972542E+00
   2957.00    0.5084925615E+00
   2958.00    0.5144266261E+00
   2959.00    0.5205046205E+00
   2960.00    0.5267319823E+00
   2961.00    0.5331144312E+00
   2962.00    0.5396579881E+00
   2963.00    0.5463689951E+00
   2964.00    0.5532541379E+00
   2965.00    0.5603204693E+00
   2966.00    0.5675754349E+00
   2967.00    0.5750269016E+00
   2968.00    0.5826831878E+00
   2969.00    0.5905530966E+00
   2970.00    0.5986459521E+00
   2971.00    0.6069716388E+00
   2972.00    0.6155406449E+00
   2973.00    0.6243641093E+00
   2974.00    0.6334538737E+00
   2975.00    0.6428225391E+00
   2976.00    0.6524835281E+00
   2977.00    0.6624511541E+00
   2978.00    0.6727406964E+00
   2979.00    0.6833684838E+00
   2980.00    0.6943519877E+00
   2981.00    0.7057099234E+00
   2982.00    0.7174623645E+00
   2983.00    0.7296308688E+00
   2984.00    0.7422386188E+00
   2985.00    0.7553105787E+00
   2986.00    0.7688736700E+00
   2987.00    0.7829569677E+00
   2988.00    0.7975919212E+00
   2989.00    0.8128126027E+00
   2990.00    0.8286559869E+00
   2991.00    0.8451622685E+00
   2992.00    0.8623752206E+00
   2993.00    0.8803426027E+00
   2994.00    0.8991166262E+00
   2995.00    0.9187544851E+00
   2996.00    0.9393189653E+00
   2997.00    0.9608791443E+00
   2998.00    0.9835111987E+00
   2999.00    0.1007299338E+01
   3000.00    0.1032336890E+01
   3001.00    0.1058727562E+01
   3002.00    0.1086586925E+01
   3003.00    0.1116044144E+01
   3004.00    0.1147244030E+01
   3005.00    0.1180349466E+01
   3006.00    0.1215544294E+01
   3007.00    0.1253036771E+01
   3008.00    0.1293063720E+01
   3009.00    0.1335895552E+01
   3010.00    0.1381842371E+01
   3011.00    0.1431261436E+01
   3012.00    0.1484566358E+01
   3013.00    0.1542238497E+01
   3014.00    0.1604841196E+01
   3015.00    0.1673037698E+01
   3016.00    0.1747613883E+01
   3017.00    0.1829507390E+01
   3018.00    0.1919845259E+01
   3019.00    0.2019993095E+01
   3020.00    0.2131619978E+01
   3021.00    0.2256785169E+01
   3022.00    0.2398055374E+01
   3023.00    0.2558665453E+01
   3024.00    0.2742741774E+01
   3025.00    0.2955617177E+01
   3026.00    0.3204281782E+01
   3027.00    0.3498037611E+01
   3028.00    0.3849461314E+01
   3029.00    0.4275831385E+01
   3030.00    0.4801237715E+01
   3031.00    0.5459608737E+01
   3032.00    0.6298624250E+01
   3033.00    0.7382995882E+01
   3034.00    0.8789611006E+01
   3035.00    0.1056729804E+02
   3036.00    0.1259296049E+02
   3037.00    0.1430664507E+02
   3038.00    0.1484052202E+02
   3039.00    0.1404780296E+02
   3040.00    0.1268210406E+02
   3041.00    0.1138276308E+02
   3042.00    0.1034980007E+02
   3043.00    0.9522693569E+01
   3044.00    0.8679496525E+01
   3045.00    0.7500771948E+01
   3046.00    0.5884452035E+01
   3047.00    0.4205933991E+01
   3048.00    0.2860192686E+01
   3049.00    0.1919737797E+01
   3050.00    0.1293130412E+01
   3051.00    0.8785068909E+00
   3052.00    0.6027854874E+00
   3053.00    0.4193615389E+00
   3054.00    0.2999919524E+00
   3055.00    0.2283829110E+00
   3056.00    0.1946061858E+00
   3057.00    0.1894240905E+00
   3058.00    0.2027431167E+00
   3059.00    0.2267094299E+00
   3060.00    0.2569920309E+00
   3061.00    0.2916338994E+00
   3062.00    0.3298404683E+00
   3063.00    0.3713286183E+00
   3064.00    0.4160433750E+00
   3065.00    0.4640459614E+00
   3066.00    0.5154735072E+00
   3067.00    0.5705275296E+00
   3068.00    0.6294739786E+00
   3069.00    0.6926483755E+00
   3070.00    0.7604639311E+00
   3071.00    0.8334222978E+00
   3072.00    0.9121273506E+00
   3073.00    0.9973027943E+00
   3074.00    0.1089814706E+01
   3075.00    0.1190700494E+01
   3076.00    0.1301206267E+01
   3077.00    0.1422835315E+01
   3078.00    0.1557411448E+01
   3079.00    0.1707162429E+01
   3080.00    0.1874830942E+01
   3081.00    0.2063823797E+01
   3082.00    0.2278414983E+01
   3083.00    0.2524025683E+01
   3084.00    0.2807615969E+01
   3085.00    0.3138241154E+01
   3086.00    0.3527854743E+01
   3087.00    0.3992486275E+01
   3088.00    0.4553996308E+01
   3089.00    0.5242725570E+01
   3090.00    0.6101518905E+01
   3091.00    0.7191775077E+01
   3092.00    0.8602071624E+01
   3093.00    0.1045829359E+02
   3094.00    0.1292623971E+02
   3095.00    0.1616788938E+02
   3096.00    0.2013524519E+02
   3097.00    0.2408035103E+02
   3098.00    0.2643873632E+02
   3099.00    0.2643593877E+02
   3100.00    0.2507899809E+02
   3101.00    0.2359125789E+02
   3102.00    0.2249284963E+02
   3103.00    0.2177089563E+02
   3104.00    0.2100984003E+02
   3105.00    0.1940450930E+02
   3106.00    0.1637241002E+02
   3107.00    0.1256026108E+02
   3108.00    0.9123446986E+01
   3109.00    0.6524831797E+01
   3110.00    0.4680373453E+01
   3111.00    0.3383504875E+01
   3112.00    0.2462268702E+01
   3113.00    0.1798486874E+01
   3114.00    0.1315297031E+01
   3115.00    0.9639106950E+00
   3116.00    0.7146041022E+00
   3117.00    0.5506438940E+00
   3118.00    0.4614640806E+00
   3119.00    0.4329482395E+00
   3120.00    0.4437756506E+00
   3121.00    0.4736942798E+00
   3122.00    0.5099203379E+00
   3123.00    0.5461460876E+00
   3124.00    0.5797140188E+00
   3125.00    0.6097249796E+00
   3126.00    0.6360729985E+00
   3127.00    0.6589889601E+00
   3128.00    0.6788289755E+00
   3129.00    0.6959774346E+00
   3130.00    0.7108040662E+00
   3131.00    0.7236466474E+00
   3132.00    0.7348058752E+00
   3133.00    0.7445458738E+00
   3134.00    0.7530971393E+00
   3135.00    0.7606603572E+00
   3136.00    0.7674103387E+00
   3137.00    0.7734997340E+00
   3138.00    0.7790623874E+00
   3139.00    0.7842162993E+00
   3140.00    0.7890662139E+00
   3141.00    0.7937058688E+00
   3142.00    0.7982199522E+00
   3143.00    0.8026858145E+00
   3144.00    0.8071749784E+00
   3145.00    0.8117544872E+00
   3146.00    0.8164881280E+00
   3147.00    0.8214375666E+00
   3148.00    0.8266634229E+00
   3149.00    0.8322263218E+00
   3150.00    0.8381879480E+00
   3151.00    0.8446121421E+00
   3152.00    0.8515660720E+00
   3153.00    0.8591215243E+00
   3154.00    0.8673563660E+00
   3155.00    0.8763562387E+00
   3156.00    0.8862165614E+00
   3157.00    0.8970449358E+00
   3158.00    0.9089640655E+00
   3159.00    0.9221153100E+00
   3160.00    0.9366629693E+00
   3161.00    0.9527992602E+00
   3162.00    0.9707495056E+00
   3163.00    0.9907757514E+00
   3164.00    0.1013173310E+01
   3165.00    0.1038244387E+01
   3166.00    0.1066205534E+01
   3167.00    0.1096925640E+01
   3168.00    0.1129356171E+01
   3169.00    0.1161114463E+01
   3170.00    0.1191134530E+01
   3171.00    0.1225652985E+01
   3172.00    0.1273716373E+01
   3173.00    0.1338102953E+01
   3174.00    0.1418754660E+01
   3175.00    0.1517215462E+01
   3176.00    0.1637247552E+01
   3177.00    0.1784365212E+01
   3178.00    0.1964649017E+01
   3179.00    0.2180531987E+01
   3180.00    0.2417252385E+01
   3181.00    0.2611373898E+01
   3182.00    0.2628601943E+01
   3183.00    0.2370498365E+01
   3184.00    0.1935843744E+01
   3185.00    0.1497728381E+01
   3186.00    0.1136624940E+01
   3187.00    0.8590336206E+00
   3188.00    0.6500206340E+00
   3189.00    0.4951207173E+00
   3190.00    0.3855150295E+00
   3191.00    0.3177843009E+00
   3192.00    0.2901073843E+00
   3193.00    0.2962566010E+00
   3194.00    0.3252693657E+00
   3195.00    0.3672015864E+00
   3196.00    0.4159964425E+00
   3197.00    0.4686920855E+00
   3198.00    0.5240876313E+00
   3199.00    0.5819001567E+00
   3200.00    0.6423351070E+00
   3201.00    0.7058832494E+00
   3202.00    0.7732317525E+00
   3203.00    0.8452340669E+00
   3204.00    0.9229130822E+00
   3205.00    0.1007486677E+01
   3206.00    0.1100412349E+01
   3207.00    0.1203452167E+01
   3208.00    0.1318762909E+01
   3209.00    0.1449020076E+01
   3210.00    0.1597589538E+01
   3211.00    0.1768767936E+01
   3212.00    0.1968124245E+01
   3213.00    0.2202992406E+01
   3214.00    0.2483192093E+01
   3215.00    0.2822095183E+01
   3216.00    0.3238209799E+01
   3217.00    0.3757500527E+01
   3218.00    0.4416589153E+01
   3219.00    0.5266315993E+01
   3220.00    0.6372146206E+01
   3221.00    0.7796988243E+01
   3222.00    0.9522306319E+01
   3223.00    0.1124491018E+02
   3224.00    0.1224923118E+02
   3225.00    0.1203387876E+02
   3226.00    0.1099615173E+02
   3227.00    0.9791153935E+01
   3228.00    0.8739572162E+01
   3229.00    0.7907835908E+01
   3230.00    0.7274163899E+01
   3231.00    0.6801043980E+01
   3232.00    0.6455875695E+01
   3233.00    0.6214454978E+01
   3234.00    0.6060107698E+01
   3235.00    0.5982365042E+01
   3236.00    0.5976064314E+01
   3237.00    0.6040425703E+01
   3238.00    0.6178546164E+01
   3239.00    0.6397950672E+01
   3240.00    0.6711642065E+01
   3241.00    0.7139555495E+01
   3242.00    0.7710453017E+01
   3243.00    0.8463416972E+01
   3244.00    0.9445147290E+01
   3245.00    0.1068968116E+02
   3246.00    0.1214249144E+02
   3247.00    0.1347404667E+02
   3248.00    0.1394531817E+02
   3249.00    0.1300928982E+02
   3250.00    0.1115299253E+02
   3251.00    0.9224092888E+01
   3252.00    0.7612913442E+01
   3253.00    0.6356672977E+01
   3254.00    0.5388481519E+01
   3255.00    0.4635783801E+01
   3256.00    0.4041733808E+01
   3257.00    0.3565209596E+01
   3258.00    0.3176974929E+01
   3259.00    0.2856150690E+01
   3260.00    0.2587635616E+01
   3261.00    0.2360336665E+01
   3262.00    0.2165973571E+01
   3263.00    0.1998268998E+01
   3264.00    0.1852394122E+01
   3265.00    0.1724583811E+01
   3266.00    0.1611865551E+01
   3267.00    0.1511865632E+01
   3268.00    0.1422668558E+01
   3269.00    0.1342713670E+01
   3270.00    0.1270718129E+01
   3271.00    0.1205618855E+01
   3272.00    0.1146528245E+01
   3273.00    0.1092700052E+01
   3274.00    0.1043502825E+01
   3275.00    0.9983990509E+00
   3276.00    0.9569286328E+00
   3277.00    0.9186956902E+00
   3278.00    0.8833579427E+00
   3279.00    0.8506181063E+00
   3280.00    0.8202168756E+00
   3281.00    0.7919271643E+00
   3282.00    0.7655493503E+00
   3283.00    0.7409073283E+00
   3284.00    0.7178452157E+00
   3285.00    0.6962245905E+00
   3286.00    0.6759221640E+00
   3287.00    0.6568278113E+00
   3288.00    0.6388428976E+00
   3289.00    0.6218788501E+00
   3290.00    0.6058559349E+00
   3291.00    0.5907022060E+00
   3292.00    0.5763525980E+00
   3293.00    0.5627481417E+00
   3294.00    0.5498352825E+00
   3295.00    0.5375652877E+00
   3296.00    0.5258937280E+00
   3297.00    0.5147800241E+00
   3298.00    0.5041870485E+00
   3299.00    0.4940807747E+00
   3300.00    0.4844299678E+00
   3301.00    0.4752059114E+00
   3302.00    0.4663821644E+00
   3303.00    0.4579343460E+00
   3304.00    0.4498399434E+00
   3305.00    0.4420781414E+00
   3306.00    0.4346296685E+00
   3307.00    0.4274766605E+00
   3308.00    0.4206025377E+00
   3309.00    0.4139918940E+00
   3310.00    0.4076303978E+00
   3311.00    0.4015047021E+00
   3312.00    0.3956023640E+00
   3313.00    0.3899117706E+00
   3314.00    0.3844220736E+00
   3315.00    0.3791231282E+00
   3316.00    0.3740054391E+00
   3317.00    0.3690601104E+00
   3318.00    0.3642788002E+00
   3319.00    0.3596536793E+00
   3320.00    0.3551773936E+00
   3321.00    0.3508430292E+00
   3322.00    0.3466440814E+00
   3323.00    0.3425744247E+00
   3324.00    0.3386282874E+00
   3325.00    0.3348002262E+00
   3326.00    0.3310851041E+00
   3327.00    0.3274780698E+00
   3328.00    0.3239745387E+00
   3329.00    0.3205701748E+00
   3330.00    0.3172608750E+00
   3331.00    0.3140427540E+00
   3332.00    0.3109121303E+00
   3333.00    0.3078655133E+00
   3334.00    0.3048995914E+00
   3335.00    0.3020112213E+00
   3336.00    0.2991974173E+00
   3337.00    0.2964553418E+00
   3338.00    0.2937822970E+00
   3339.00    0.2911757159E+00
   3340.00    0.2886331552E+00
   3341.00    0.2861522877E+00
   3342.00    0.2837308961E+00
   3343.00    0.2813668663E+00
   3344.00    0.2790581822E+00
   3345.00    0.2768029195E+00
   3346.00    0.2745992411E+00
   3347.00    0.2724453925E+00
   3348.00    0.2703396969E+00
   3349.00    0.2682805511E+00
   3350.00    0.2662664221E+00
   3351.00    0.2642958427E+00
   3352.00    0.2623674087E+00
   3353.00    0.2604797751E+00
   3354.00    0.2586316536E+00
   3355.00    0.2568218093E+00
   3356.00    0.2550490581E+00
   3357.00    0.2533122646E+00
   3358.00    0.2516103390E+00
   3359.00    0.2499422354E+00
   3360.00    0.2483069495E+00
   3361.00    0.2467035166E+00
   3362.00    0.2451310096E+00
   3363.00    0.2435885374E+00
   3364.00    0.2420752431E+00
   3365.00    0.2405903027E+00
   3366.00    0.2391329230E+00
   3367.00    0.2377023406E+00
   3368.00    0.2362978207E+00
   3369.00    0.2349186554E+00
   3370.00    0.2335641627E+00
   3371.00    0.2322336854E+00
   3372.00    0.2309265899E+00
   3373.00    0.2296422653E+00
   3374.00    0.2283801223E+00
   3375.00    0.2271395922E+00
   3376.00    0.2259201265E+00
   3377.00    0.2247211952E+00
   3378.00    0.2235422869E+00
   3379.00    0.2223829076E+00
   3380.00    0.2212425797E+00
   3381.00    0.2201208420E+00
   3382.00    0.2190172485E+00
   3383.00    0.2179313681E+00
   3384.00    0.2168627837E+00
   3385.00    0.2158110920E+00
   3386.00    0.2147759026E+00
   3387.00    0.2137568377E+00
   3388.00    0.2127535316E+00
   3389.00    0.2117656303E+00
   3390.00    0.2107927909E+00
   3391.00    0.2098346810E+00
   3392.00    0.2088909789E+00
   3393.00    0.2079613726E+00
   3394.00    0.2070455597E+00
   3395.00    0.2061432471E+00
   3396.00    0.2052541505E+00
   3397.00    0.2043779943E+00
   3398.00    0.2035145108E+00
   3399.00    0.2026634406E+00
   3400.00    0.2018245319E+00
   3401.00    0.2009975400E+00
   3402.00    0.2001822277E+00
   3403.00    0.1993783645E+00
   3404.00    0.1985857265E+00
   3405.00    0.1978040964E+00
   3406.00    0.1970332628E+00
   3407.00    0.1962730205E+00
   3408.00    0.1955231701E+00
   3409.00    0.1947835175E+00
   3410.00    0.1940538744E+00
   3411.00    0.1933340574E+00
   3412.00    0.1926238883E+00
   3413.00    0.1919231937E+00
   3414.00    0.1912318050E+00
   3415.00    0.1905495580E+00
   3416.00    0.1898762932E+00
   3417.00    0.1892118552E+00
   3418.00    0.1885560927E+00
   3419.00    0.1879088585E+00
   3420.00    0.1872700094E+00
   3421.00    0.1866394057E+00
   3422.00    0.1860169116E+00
   3423.00    0.1854023947E+00
   3424.00    0.1847957262E+00
   3425.00    0.1841967803E+00
   3426.00    0.1836054349E+00
   3427.00    0.1830215706E+00
   3428.00    0.1824450712E+00
   3429.00    0.1818758237E+00
   3430.00    0.1813137175E+00
   3431.00    0.1807586452E+00
   3432.00    0.1802105019E+00
   3433.00    0.1796691853E+00
   3434.00    0.1791345957E+00
   3435.00    0.1786066361E+00
   3436.00    0.1780852115E+00
   3437.00    0.1775702296E+00
   3438.00    0.1770616002E+00
   3439.00    0.1765592353E+00
   3440.00    0.1760630492E+00
   3441.00    0.1755729583E+00
   3442.00    0.1750888808E+00
   3443.00    0.1746107371E+00
   3444.00    0.1741384496E+00
   3445.00    0.1736719424E+00
   3446.00    0.1732111416E+00
   3447.00    0.1727559750E+00
   3448.00    0.1723063721E+00
   3449.00    0.1718622643E+00
   3450.00    0.1714235845E+00
   3451.00    0.1709902673E+00
   3452.00    0.1705622487E+00
   3453.00    0.1701394665E+00
   3454.00    0.1697218599E+00
   3455.00    0.1693093695E+00
   3456.00    0.1689019374E+00
   3457.00    0.1684995072E+00
   3458.00    0.1681020236E+00
   3459.00    0.1677094329E+00
   3460.00    0.1673216826E+00
   3461.00    0.1669387216E+00
   3462.00    0.1665604997E+00
   3463.00    0.1661869683E+00
   3464.00    0.1658180799E+00
   3465.00    0.1654537881E+00
   3466.00    0.1650940476E+00
   3467.00    0.1647388143E+00
   3468.00    0.1643880454E+00
   3469.00    0.1640416987E+00
   3470.00    0.1636997334E+00
   3471.00    0.1633621098E+00
   3472.00    0.1630287889E+00
   3473.00    0.1626997329E+00
   3474.00    0.1623749051E+00
   3475.00    0.1620542694E+00
   3476.00    0.1617377908E+00
   3477.00    0.1614254355E+00
   3478.00    0.1611171702E+00
   3479.00    0.1608129626E+00
   3480.00    0.1605127815E+00
   3481.00    0.1602165963E+00
   3482.00    0.1599243772E+00
   3483.00    0.1596360956E+00
   3484.00    0.1593517233E+00
   3485.00    0.1590712332E+00
   3486.00    0.1587945987E+00
   3487.00    0.1585217944E+00
   3488.00    0.1582527953E+00
   3489.00    0.1579875773E+00
   3490.00    0.1577261170E+00
   3491.00    0.1574683919E+00
   3492.00    0.1572143800E+00
   3493.00    0.1569640601E+00
   3494.00    0.1567174117E+00
   3495.00    0.1564744152E+00
   3496.00    0.1562350514E+00
   3497.00    0.1559993020E+00
   3498.00    0.1557671492E+00
   3499.00    0.1555385760E+00
   3500.00    0.1553135660E+00
   3501.00    0.1550921036E+00
   3502.00    0.1548741736E+00
   3503.00    0.1546597616E+00
   3504.00    0.1544488539E+00
   3505.00    0.1542414373E+00
   3506.00    0.1540374993E+00
   3507.00    0.1538370281E+00
   3508.00    0.1536400123E+00
   3509.00    0.1534464414E+00
   3510.00    0.1532563052E+00
   3511.00    0.1530695945E+00
   3512.00    0.1528863004E+00
   3513.00    0.1527064147E+00
   3514.00    0.1525299298E+00
   3515.00    0.1523568387E+00
   3516.00    0.1521871350E+00
   3517.00    0.1520208130E+00
   3518.00    0.1518578675E+00
   3519.00    0.1516982939E+00
   3520.00    0.1515420881E+00
   3521.00    0.1513892468E+00
   3522.00    0.1512397672E+00
   3523.00    0.1510936471E+00
   3524.00    0.1509508848E+00
   3525.00    0.1508114795E+00
   3526.00    0.1506754305E+00
   3527.00    0.1505427383E+00
   3528.00    0.1504134035E+00
   3529.00    0.1502874275E+00
   3530.00    0.1501648125E+00
   3531.00    0.1500455609E+00
   3532.00    0.1499296761E+00
   3533.00    0.1498171618E+00
   3534.00    0.1497080227E+00
   3535.00    0.1496022637E+00
   3536.00    0.1494998906E+00
   3537.00    0.1494009097E+00
   3538.00    0.1493053282E+00
   3539.00    0.1492131535E+00
   3540.00    0.1491243941E+00
   3541.00    0.1490390588E+00
   3542.00    0.1489571573E+00
   3543.00    0.1488786998E+00
   3544.00    0.1488036974E+00
   3545.00    0.1487321616E+00
   3546.00    0.1486641049E+00
   3547.00    0.1485995402E+00
   3548.00    0.1485384813E+00
   3549.00    0.1484809426E+00
   3550.00    0.1484269394E+00
   3551.00    0.1483764875E+00
   3552.00    0.1483296037E+00
   3553.00    0.1482863054E+00
   3554.00    0.1482466108E+00
   3555.00    0.1482105388E+00
   3556.00    0.1481781093E+00
   3557.00    0.1481493428E+00
   3558.00    0.1481242607E+00
   3559.00    0.1481028853E+00
   3560.00    0.1480852397E+00
   3561.00    0.1480713479E+00
   3562.00    0.1480612345E+00
   3563.00    0.1480549255E+00
   3564.00    0.1480524474E+00
   3565.00    0.1480538278E+00
   3566.00    0.1480590952E+00
   3567.00    0.1480682792E+00
   3568.00    0.1480814100E+00
   3569.00    0.1480985194E+00
   3570.00    0.1481196397E+00
   3571.00    0.1481448045E+00
   3572.00    0.1481740484E+00
   3573.00    0.1482074072E+00
   3574.00    0.1482449176E+00
   3575.00    0.1482866178E+00
   3576.00    0.1483325468E+00
   3577.00    0.1483827450E+00
   3578.00    0.1484372539E+00
   3579.00    0.1484961164E+00
   3580.00    0.1485593767E+00
   3581.00    0.1486270801E+00
   3582.00    0.1486992735E+00
   3583.00    0.1487760049E+00
   3584.00    0.1488573241E+00
   3585.00    0.1489432820E+00
   3586.00    0.1490339312E+00
   3587.00    0.1491293257E+00
   3588.00    0.1492295211E+00
   3589.00    0.1493345747E+00
   3590.00    0.1494445455E+00
   3591.00    0.1495594939E+00
   3592.00    0.1496794824E+00
   3593.00    0.1498045750E+00
   3594.00    0.1499348378E+00
   3595.00    0.1500703387E+00
   3596.00    0.1502111474E+00
   3597.00    0.1503573359E+00
   3598.00    0.1505089781E+00
   3599.00    0.1506661500E+00
   3600.00    0.1508289298E+00
   3601.00    0.1509973980E+00
   3602.00    0.1511716375E+00
   3603.00    0.1513517334E+00
   3604.00    0.1515377735E+00
   3605.00    0.1517298480E+00
   3606.00    0.1519280497E+00
   3607.00    0.1521324742E+00
   3608.00    0.1523432199E+00
   3609.00    0.1525603880E+00
   3610.00    0.1527840827E+00
   3611.00    0.1530144114E+00
   3612.00    0.1532514845E+00
   3613.00    0.1534954159E+00
   3614.00    0.1537463225E+00
   3615.00    0.1540043252E+00
   3616.00    0.1542695482E+00
   3617.00    0.1545421195E+00
   3618.00    0.1548221711E+00
   3619.00    0.1551098390E+00
   3620.00    0.1554052631E+00
   3621.00    0.1557085880E+00
   3622.00    0.1560199625E+00
   3623.00    0.1563395401E+00
   3624.00    0.1566674791E+00
   3625.00    0.1570039428E+00
   3626.00    0.1573490995E+00
   3627.00    0.1577031230E+00
   3628.00    0.1580661926E+00
   3629.00    0.1584384933E+00
   3630.00    0.1588202162E+00
   3631.00    0.1592115585E+00
   3632.00    0.1596127239E+00
   3633.00    0.1600239227E+00
   3634.00    0.1604453724E+00
   3635.00    0.1608772974E+00
   3636.00    0.1613199300E+00
   3637.00    0.1617735101E+00
   3638.00    0.1622382859E+00
   3639.00    0.1627145140E+00
   3640.00    0.1632024599E+00
   3641.00    0.1637023984E+00
   3642.00    0.1642146139E+00
   3643.00    0.1647394007E+00
   3644.00    0.1652770638E+00
   3645.00    0.1658279189E+00
   3646.00    0.1663922934E+00
   3647.00    0.1669705262E+00
   3648.00    0.1675629692E+00
   3649.00    0.1681699868E+00
   3650.00    0.1687919574E+00
   3651.00    0.1694292733E+00
   3652.00    0.1700823420E+00
   3653.00    0.1707515866E+00
   3654.00    0.1714374463E+00
   3655.00    0.1721403776E+00
   3656.00    0.1728608551E+00
   3657.00    0.1735993719E+00
   3658.00    0.1743564412E+00
   3659.00    0.1751325969E+00
   3660.00    0.1759283945E+00
   3661.00    0.1767444127E+00
   3662.00    0.1775812542E+00
   3663.00    0.1784395469E+00
   3664.00    0.1793199458E+00
   3665.00    0.1802231335E+00
   3666.00    0.1811498227E+00
   3667.00    0.1821007570E+00
   3668.00    0.1830767130E+00
   3669.00    0.1840785023E+00
   3670.00    0.1851069730E+00
   3671.00    0.1861630121E+00
   3672.00    0.1872475476E+00
   3673.00    0.1883615511E+00
   3674.00    0.1895060400E+00
   3675.00    0.1906820806E+00
   3676.00    0.1918907906E+00
   3677.00    0.1931333429E+00
   3678.00    0.1944109683E+00
   3679.00    0.1957249595E+00
   3680.00    0.1970766751E+00
   3681.00    0.1984675435E+00
   3682.00    0.1998990676E+00
   3683.00    0.2013728299E+00
   3684.00    0.2028904974E+00
   3685.00    0.2044538277E+00
   3686.00    0.2060646750E+00
   3687.00    0.2077249967E+00
   3688.00    0.2094368609E+00
   3689.00    0.2112024544E+00
   3690.00    0.2130240907E+00
   3691.00    0.2149042202E+00
   3692.00    0.2168454396E+00
   3693.00    0.2188505033E+00
   3694.00    0.2209223359E+00
   3695.00    0.2230640448E+00
   3696.00    0.2252789352E+00
   3697.00    0.2275705258E+00
   3698.00    0.2299425663E+00
   3699.00    0.2323990569E+00
   3700.00    0.2349442691E+00
   3701.00    0.2375827694E+00
   3702.00    0.2403194449E+00
   3703.00    0.2431595320E+00
   3704.00    0.2461086480E+00
   3705.00    0.2491728266E+00
   3706.00    0.2523585568E+00
   3707.00    0.2556728265E+00
   3708.00    0.2591231715E+00
   3709.00    0.2627177304E+00
   3710.00    0.2664653052E+00
   3711.00    0.2703754307E+00
   3712.00    0.2744584523E+00
   3713.00    0.2787256132E+00
   3714.00    0.2831891542E+00
   3715.00    0.2878624264E+00
   3716.00    0.2927600194E+00
   3717.00    0.2978979084E+00
   3718.00    0.3032936217E+00
   3719.00    0.3089664337E+00
   3720.00    0.3149375873E+00
   3721.00    0.3212305506E+00
   3722.00    0.3278713151E+00
   3723.00    0.3348887432E+00
   3724.00    0.3423149735E+00
   3725.00    0.3501858980E+00
   3726.00    0.3585417233E+00
   3727.00    0.3674276361E+00
   3728.00    0.3768945945E+00
   3729.00    0.3870002749E+00
   3730.00    0.3978102101E+00
   3731.00    0.4093991649E+00
   3732.00    0.4218528098E+00
   3733.00    0.4352697691E+00
   3734.00    0.4497641450E+00
   3735.00    0.4654686496E+00
   3736.00    0.4825385215E+00
   3737.00    0.5011564634E+00
   3738.00    0.5215389208E+00
   3739.00    0.5439441397E+00
   3740.00    0.5686826111E+00
   3741.00    0.5961307499E+00
   3742.00    0.6267490153E+00
   3743.00    0.6611061996E+00
   3744.00    0.6999123976E+00
   3745.00    0.7440643533E+00
   3746.00    0.7947086753E+00
   3747.00    0.8533311479E+00
   3748.00    0.9218844757E+00
   3749.00    0.1002972732E+01
   3750.00    0.1100118414E+01
   3751.00    0.1218144244E+01
   3752.00    0.1363692036E+01
   3753.00    0.1545818034E+01
   3754.00    0.1776244109E+01
   3755.00    0.2067533096E+01
   3756.00    0.2423425202E+01
   3757.00    0.2807964467E+01
   3758.00    0.3093346911E+01
   3759.00    0.3097343921E+01
   3760.00    0.2806219317E+01
   3761.00    0.2398993421E+01
   3762.00    0.2017886647E+01
   3763.00    0.1706086579E+01
   3764.00    0.1460546146E+01
   3765.00    0.1267530748E+01
   3766.00    0.1114089294E+01
   3767.00    0.9902466866E+00
   3768.00    0.8887308806E+00
   3769.00    0.8042952244E+00
   3770.00    0.7331307782E+00
   3771.00    0.6724372253E+00
   3772.00    0.6201250778E+00
   3773.00    0.5746114791E+00
   3774.00    0.5346797077E+00
   3775.00    0.4993815256E+00
   3776.00    0.4679684250E+00
   3777.00    0.4398425425E+00
   3778.00    0.4145211221E+00
   3779.00    0.3916104364E+00
   3780.00    0.3707864000E+00
   3781.00    0.3517799786E+00
   3782.00    0.3343660834E+00
   3783.00    0.3183550241E+00
   3784.00    0.3035858662E+00
   3785.00    0.2899212187E+00
   3786.00    0.2772431086E+00
   3787.00    0.2654496869E+00
   3788.00    0.2544525809E+00
   3789.00    0.2441747474E+00
   3790.00    0.2345487224E+00
   3791.00    0.2255151836E+00
   3792.00    0.2170217638E+00
   3793.00    0.2090220640E+00
   3794.00    0.2014748304E+00
   3795.00    0.1943432626E+00
   3796.00    0.1875944306E+00
   3797.00    0.1811987806E+00
   3798.00    0.1751297143E+00
   3799.00    0.1693632298E+00
   3800.00    0.1638776127E+00
   3801.00    0.1586531712E+00
   3802.00    0.1536720060E+00
   3803.00    0.1489178119E+00
   3804.00    0.1443757041E+00
   3805.00    0.1400320675E+00
   3806.00    0.1358744243E+00
   3807.00    0.1318913180E+00
   3808.00    0.1280722111E+00
   3809.00    0.1244073949E+00
   3810.00    0.1208879098E+00
   3811.00    0.1175054748E+00
   3812.00    0.1142524241E+00
   3813.00    0.1111216513E+00
   3814.00    0.1081065596E+00
   3815.00    0.1052010166E+00
   3816.00    0.1023993144E+00
   3817.00    0.9969613364E-01
   3818.00    0.9708651091E-01
   3819.00    0.9456580953E-01
   3820.00    0.9212969314E-01
   3821.00    0.8977410182E-01
   3822.00    0.8749523045E-01
   3823.00    0.8528950902E-01
   3824.00    0.8315358480E-01
   3825.00    0.8108430607E-01
   3826.00    0.7907870731E-01
   3827.00    0.7713399562E-01
   3828.00    0.7524753842E-01
   3829.00    0.7341685209E-01
   3830.00    0.7163959160E-01
   3831.00    0.6991354098E-01
   3832.00    0.6823660458E-01
   3833.00    0.6660679903E-01
   3834.00    0.6502224582E-01
   3835.00    0.6348116447E-01
   3836.00    0.6198186625E-01
   3837.00    0.6052274828E-01
   3838.00    0.5910228826E-01
   3839.00    0.5771903938E-01
   3840.00    0.5637162575E-01
   3841.00    0.5505873811E-01
   3842.00    0.5377912983E-01
   3843.00    0.5253161325E-01
   3844.00    0.5131505619E-01
   3845.00    0.5012837881E-01
   3846.00    0.4897055058E-01
   3847.00    0.4784058751E-01
   3848.00    0.4673754957E-01
   3849.00    0.4566053826E-01
   3850.00    0.4460869433E-01
   3851.00    0.4358119571E-01
   3852.00    0.4257725545E-01
   3853.00    0.4159611993E-01
   3854.00    0.4063706710E-01
   3855.00    0.3969940484E-01
   3856.00    0.3878246943E-01
   3857.00    0.3788562410E-01
   3858.00    0.3700825772E-01
   3859.00    0.3614978347E-01
   3860.00    0.3530963770E-01
   3861.00    0.3448727874E-01
   3862.00    0.3368218592E-01
   3863.00    0.3289385847E-01
   3864.00    0.3212181468E-01
   3865.00    0.3136559092E-01
   3866.00    0.3062474087E-01
   3867.00    0.2989883466E-01
   3868.00    0.2918745818E-01
   3869.00    0.2849021233E-01
   3870.00    0.2780671237E-01
   3871.00    0.2713658726E-01
   3872.00    0.2647947908E-01
   3873.00    0.2583504246E-01
   3874.00    0.2520294402E-01
   3875.00    0.2458286185E-01
   3876.00    0.2397448509E-01
   3877.00    0.2337751337E-01
   3878.00    0.2279165645E-01
   3879.00    0.2221663375E-01
   3880.00    0.2165217401E-01
   3881.00    0.2109801484E-01
   3882.00    0.2055390244E-01
   3883.00    0.2001959121E-01
   3884.00    0.1949484344E-01
   3885.00    0.1897942900E-01
   3886.00    0.1847312506E-01
   3887.00    0.1797571577E-01
   3888.00    0.1748699207E-01
   3889.00    0.1700675136E-01
   3890.00    0.1653479729E-01
   3891.00    0.1607093956E-01
   3892.00    0.1561499365E-01
   3893.00    0.1516678065E-01
   3894.00    0.1472612704E-01
   3895.00    0.1429286452E-01
   3896.00    0.1386682983E-01
   3897.00    0.1344786458E-01
   3898.00    0.1303581506E-01
   3899.00    0.1263053216E-01
   3900.00    0.1223187117E-01
   3901.00    0.1183969165E-01
   3902.00    0.1145385734E-01
   3903.00    0.1107423602E-01
   3904.00    0.1070069941E-01
   3905.00    0.1033312307E-01
   3906.00    0.9971386326E-02
   3907.00    0.9615372189E-02
   3908.00    0.9264967291E-02
   3909.00    0.8920061839E-02
   3910.00    0.8580549580E-02
   3911.00    0.8246327786E-02
   3912.00    0.7917297261E-02
   3913.00    0.7593362365E-02
   3914.00    0.7274431072E-02
   3915.00    0.6960415070E-02
   3916.00    0.6651229888E-02
   3917.00    0.6346795096E-02
   3918.00    0.6047034565E-02
   3919.00    0.5751876816E-02
   3920.00    0.5461255489E-02
   3921.00    0.5175109966E-02
   3922.00    0.4893386198E-02
   3923.00    0.4616037804E-02
   3924.00    0.4343027562E-02
   3925.00    0.4074329419E-02
   3926.00    0.3809931265E-02
   3927.00    0.3549838781E-02
   3928.00    0.3294080897E-02
   3929.00    0.3042717647E-02
   3930.00    0.2795851711E-02
   3931.00    0.2553645803E-02
   3932.00    0.2316349501E-02
   3933.00    0.2084341903E-02
   3934.00    0.1858201613E-02
   3935.00    0.1638825550E-02
   3936.00    0.1427637790E-02
   3937.00    0.1226968171E-02
   3938.00    0.1040748710E-02
   3939.00    0.8757498889E-03
   3940.00    0.7433802180E-03
   3941.00    0.6604241489E-03
   3942.00    0.6431899115E-03
   3943.00    0.6938806008E-03
   3944.00    0.7974216293E-03
   3945.00    0.9345827119E-03
   3946.00    0.1091239423E-02
   3947.00    0.1258856097E-02
   3948.00    0.1432503620E-02
   3949.00    0.1609296093E-02
   3950.00    0.1787488033E-02
   3951.00    0.1965985908E-02
   3952.00    0.2144082374E-02
   3953.00    0.2321307464E-02
   3954.00    0.2497342279E-02
   3955.00    0.2671967124E-02
   3956.00    0.2845029291E-02
   3957.00    0.3016422423E-02
   3958.00    0.3186072930E-02
   3959.00    0.3353930826E-02
   3960.00    0.3519963400E-02
   3961.00    0.3684150768E-02
   3962.00    0.3846482683E-02
   3963.00    0.4006956206E-02
   3964.00    0.4165573998E-02
   3965.00    0.4322343025E-02
   3966.00    0.4477273585E-02
   3967.00    0.4630378565E-02
   3968.00    0.4781672859E-02
   3969.00    0.4931172915E-02
   3970.00    0.5078896384E-02
   3971.00    0.5224861836E-02
   3972.00    0.5369088534E-02
   3973.00    0.5511596255E-02
   3974.00    0.5652405144E-02
   3975.00    0.5791535598E-02
   3976.00    0.5929008167E-02
   3977.00    0.6064843475E-02
   3978.00    0.6199062161E-02
   3979.00    0.6331684823E-02
   3980.00    0.6462731976E-02
   3981.00    0.6592224015E-02
   3982.00    0.6720181189E-02
   3983.00    0.6846623577E-02
   3984.00    0.6971571067E-02
   3985.00    0.7095043342E-02
   3986.00    0.7217059868E-02
   3987.00    0.7337639881E-02
   3988.00    0.7456802385E-02
   3989.00    0.7574566140E-02
   3990.00    0.7690949660E-02
   3991.00    0.7805971212E-02
   3992.00    0.7919648811E-02
   3993.00    0.8032000218E-02
   3994.00    0.8143042945E-02
   3995.00    0.8252794248E-02
   3996.00    0.8361271133E-02
   3997.00    0.8468490356E-02
   3998.00    0.8574468425E-02
   3999.00    0.8679221599E-02
   4000.00    0.8782765894E-02
