Frequencies(cm-1)    polar_2nd_xxz        
   1000.00    0.2887406745E+01
   1001.00    0.2684375007E+01
   1002.00    0.2225001982E+01
   1003.00    0.1711078532E+01
   1004.00    0.1277823218E+01
   1005.00    0.9580920021E+00
   1006.00    0.7473405414E+00
   1007.00    0.6360740304E+00
   1008.00    0.6094567496E+00
   1009.00    0.6427587097E+00
   1010.00    0.7106869009E+00
   1011.00    0.7964622133E+00
   1012.00    0.8914962968E+00
   1013.00    0.9920642920E+00
   1014.00    0.1096919049E+01
   1015.00    0.1206049816E+01
   1016.00    0.1320096374E+01
   1017.00    0.1440086056E+01
   1018.00    0.1567327568E+01
   1019.00    0.1703384974E+01
   1020.00    0.1850097699E+01
   1021.00    0.2009632780E+01
   1022.00    0.2184566078E+01
   1023.00    0.2377995691E+01
   1024.00    0.2593696179E+01
   1025.00    0.2836328113E+01
   1026.00    0.3111725436E+01
   1027.00    0.3427294716E+01
   1028.00    0.3792578128E+01
   1029.00    0.4220059608E+01
   1030.00    0.4726336373E+01
   1031.00    0.5333843100E+01
   1032.00    0.6073407699E+01
   1033.00    0.6988018445E+01
   1034.00    0.8138173359E+01
   1035.00    0.9608546507E+01
   1036.00    0.1151245747E+02
   1037.00    0.1397794704E+02
   1038.00    0.1705939309E+02
   1039.00    0.2045068480E+02
   1040.00    0.2306058451E+02
   1041.00    0.2352177012E+02
   1042.00    0.2192550426E+02
   1043.00    0.1956619691E+02
   1044.00    0.1735042580E+02
   1045.00    0.1555339091E+02
   1046.00    0.1417289853E+02
   1047.00    0.1313934739E+02
   1048.00    0.1238449968E+02
   1049.00    0.1185674965E+02
   1050.00    0.1152145690E+02
   1051.00    0.1135846106E+02
   1052.00    0.1136000709E+02
   1053.00    0.1152969307E+02
   1054.00    0.1188216093E+02
   1055.00    0.1244224851E+02
   1056.00    0.1323937476E+02
   1057.00    0.1428387675E+02
   1058.00    0.1548961321E+02
   1059.00    0.1649094670E+02
   1060.00    0.1649705142E+02
   1061.00    0.1488623128E+02
   1062.00    0.1221033768E+02
   1063.00    0.9522444525E+01
   1064.00    0.7321298164E+01
   1065.00    0.5638559966E+01
   1066.00    0.4367589782E+01
   1067.00    0.3401249229E+01
   1068.00    0.2662118857E+01
   1069.00    0.2103212549E+01
   1070.00    0.1705038916E+01
   1071.00    0.1471712081E+01
   1072.00    0.1416021437E+01
   1073.00    0.1532278759E+01
   1074.00    0.1792560381E+01
   1075.00    0.2172536098E+01
   1076.00    0.2665595104E+01
   1077.00    0.3274111437E+01
   1078.00    0.3975963224E+01
   1079.00    0.4647397899E+01
   1080.00    0.4997485141E+01
   1081.00    0.4783548323E+01
   1082.00    0.4155785954E+01
   1083.00    0.3434742246E+01
   1084.00    0.2790711054E+01
   1085.00    0.2259485225E+01
   1086.00    0.1829971968E+01
   1087.00    0.1485361701E+01
   1088.00    0.1216242228E+01
   1089.00    0.1025087598E+01
   1090.00    0.9263754965E+00
   1091.00    0.9362005695E+00
   1092.00    0.1054588351E+01
   1093.00    0.1266596942E+01
   1094.00    0.1560171037E+01
   1095.00    0.1935718065E+01
   1096.00    0.2406937583E+01
   1097.00    0.3000508268E+01
   1098.00    0.3755729430E+01
   1099.00    0.4717748845E+01
   1100.00    0.5902348545E+01
   1101.00    0.7185741095E+01
   1102.00    0.8151557687E+01
   1103.00    0.8305564501E+01
   1104.00    0.7706249617E+01
   1105.00    0.6826487537E+01
   1106.00    0.5986305892E+01
   1107.00    0.5282230370E+01
   1108.00    0.4713835732E+01
   1109.00    0.4256504916E+01
   1110.00    0.3885226027E+01
   1111.00    0.3579909243E+01
   1112.00    0.3325440195E+01
   1113.00    0.3110631101E+01
   1114.00    0.2927182568E+01
   1115.00    0.2768878321E+01
   1116.00    0.2631003843E+01
   1117.00    0.2509935792E+01
   1118.00    0.2402852746E+01
   1119.00    0.2307530176E+01
   1120.00    0.2222193654E+01
   1121.00    0.2145412548E+01
   1122.00    0.2076022099E+01
   1123.00    0.2013065663E+01
   1124.00    0.1955751476E+01
   1125.00    0.1903420123E+01
   1126.00    0.1855520222E+01
   1127.00    0.1811591123E+01
   1128.00    0.1771253090E+01
   1129.00    0.1734208794E+01
   1130.00    0.1700266951E+01
   1131.00    0.1669408626E+01
   1132.00    0.1641888167E+01
   1133.00    0.1618107326E+01
   1134.00    0.1597704069E+01
   1135.00    0.1579158385E+01
   1136.00    0.1561679792E+01
   1137.00    0.1545693251E+01
   1138.00    0.1531687786E+01
   1139.00    0.1519691715E+01
   1140.00    0.1508943989E+01
   1141.00    0.1496927959E+01
   1142.00    0.1477169680E+01
   1143.00    0.1437149928E+01
   1144.00    0.1366790982E+01
   1145.00    0.1284115780E+01
   1146.00    0.1224569733E+01
   1147.00    0.1195459734E+01
   1148.00    0.1183862808E+01
   1149.00    0.1179160791E+01
   1150.00    0.1176433955E+01
   1151.00    0.1173858090E+01
   1152.00    0.1170875668E+01
   1153.00    0.1167392674E+01
   1154.00    0.1163467114E+01
   1155.00    0.1159194064E+01
   1156.00    0.1154665599E+01
   1157.00    0.1149958757E+01
   1158.00    0.1145133670E+01
   1159.00    0.1140235069E+01
   1160.00    0.1135294607E+01
   1161.00    0.1130333087E+01
   1162.00    0.1125362314E+01
   1163.00    0.1120386524E+01
   1164.00    0.1115403441E+01
   1165.00    0.1110404987E+01
   1166.00    0.1105377731E+01
   1167.00    0.1100303079E+01
   1168.00    0.1095157269E+01
   1169.00    0.1089911150E+01
   1170.00    0.1084529779E+01
   1171.00    0.1078971820E+01
   1172.00    0.1073188721E+01
   1173.00    0.1067123659E+01
   1174.00    0.1060710216E+01
   1175.00    0.1053870732E+01
   1176.00    0.1046514287E+01
   1177.00    0.1038534239E+01
   1178.00    0.1029805238E+01
   1179.00    0.1020179638E+01
   1180.00    0.1009483202E+01
   1181.00    0.9975100732E+00
   1182.00    0.9840170062E+00
   1183.00    0.9687170837E+00
   1184.00    0.9512735151E+00
   1185.00    0.9312949751E+00
   1186.00    0.9083357309E+00
   1187.00    0.8819076004E+00
   1188.00    0.8515189689E+00
   1189.00    0.8167740631E+00
   1190.00    0.7776058565E+00
   1191.00    0.7348058304E+00
   1192.00    0.6912038684E+00
   1193.00    0.6541610670E+00
   1194.00    0.6399886892E+00
   1195.00    0.6781587520E+00
   1196.00    0.8071001975E+00
   1197.00    0.1062146409E+01
   1198.00    0.1477625972E+01
   1199.00    0.2105399947E+01
   1200.00    0.3034854876E+01
   1201.00    0.4412902679E+01
   1202.00    0.6456866790E+01
   1203.00    0.9401038182E+01
   1204.00    0.1320795022E+02
   1205.00    0.1705071136E+02
   1206.00    0.1959172874E+02
   1207.00    0.2010988287E+02
   1208.00    0.1843569723E+02
   1209.00    0.1506136053E+02
   1210.00    0.1134589823E+02
   1211.00    0.8278320787E+01
   1212.00    0.6030721483E+01
   1213.00    0.4438810711E+01
   1214.00    0.3317608983E+01
   1215.00    0.2540855670E+01
   1216.00    0.2043055410E+01
   1217.00    0.1802385923E+01
   1218.00    0.1806925607E+01
   1219.00    0.2025380342E+01
   1220.00    0.2421194155E+01
   1221.00    0.2977664970E+01
   1222.00    0.3690080855E+01
   1223.00    0.4512365190E+01
   1224.00    0.5250560978E+01
   1225.00    0.5552041915E+01
   1226.00    0.5269374693E+01
   1227.00    0.4664687775E+01
   1228.00    0.4030825424E+01
   1229.00    0.3487536145E+01
   1230.00    0.3050808395E+01
   1231.00    0.2704979035E+01
   1232.00    0.2430460839E+01
   1233.00    0.2210855321E+01
   1234.00    0.2033723766E+01
   1235.00    0.1889873989E+01
   1236.00    0.1772513405E+01
   1237.00    0.1676567455E+01
   1238.00    0.1598184040E+01
   1239.00    0.1534388300E+01
   1240.00    0.1482857244E+01
   1241.00    0.1441812055E+01
   1242.00    0.1410084402E+01
   1243.00    0.1387549292E+01
   1244.00    0.1376444735E+01
   1245.00    0.1384743540E+01
   1246.00    0.1432801512E+01
   1247.00    0.1556858746E+01
   1248.00    0.1777348285E+01
   1249.00    0.2033950658E+01
   1250.00    0.2236728459E+01
   1251.00    0.2376658552E+01
   1252.00    0.2491589543E+01
   1253.00    0.2611107971E+01
   1254.00    0.2750609589E+01
   1255.00    0.2918552236E+01
   1256.00    0.3121359302E+01
   1257.00    0.3365813171E+01
   1258.00    0.3660379890E+01
   1259.00    0.4016284630E+01
   1260.00    0.4448762543E+01
   1261.00    0.4978781258E+01
   1262.00    0.5635522666E+01
   1263.00    0.6459883430E+01
   1264.00    0.7508876806E+01
   1265.00    0.8858938680E+01
   1266.00    0.1059879956E+02
   1267.00    0.1277876298E+02
   1268.00    0.1523423393E+02
   1269.00    0.1726286969E+02
   1270.00    0.1778029320E+02
   1271.00    0.1659114043E+02
   1272.00    0.1463312306E+02
   1273.00    0.1271507147E+02
   1274.00    0.1111488180E+02
   1275.00    0.9844017640E+01
   1276.00    0.8843116707E+01
   1277.00    0.8049831814E+01
   1278.00    0.7414274435E+01
   1279.00    0.6899382538E+01
   1280.00    0.6478171153E+01
   1281.00    0.6131017405E+01
   1282.00    0.5843586277E+01
   1283.00    0.5605360825E+01
   1284.00    0.5408623538E+01
   1285.00    0.5247743050E+01
   1286.00    0.5118636855E+01
   1287.00    0.5018259750E+01
   1288.00    0.4943851452E+01
   1289.00    0.4891323477E+01
   1290.00    0.4851253786E+01
   1291.00    0.4799210036E+01
   1292.00    0.4677794814E+01
   1293.00    0.4393248193E+01
   1294.00    0.3916084244E+01
   1295.00    0.3424473007E+01
   1296.00    0.3117498369E+01
   1297.00    0.2995078182E+01
   1298.00    0.2971403099E+01
   1299.00    0.2986541338E+01
   1300.00    0.3013526554E+01
   1301.00    0.3042317861E+01
   1302.00    0.3069803212E+01
   1303.00    0.3095459016E+01
   1304.00    0.3119647464E+01
   1305.00    0.3142975471E+01
   1306.00    0.3166065333E+01
   1307.00    0.3189483208E+01
   1308.00    0.3213726851E+01
   1309.00    0.3239234283E+01
   1310.00    0.3266398622E+01
   1311.00    0.3295583703E+01
   1312.00    0.3327138789E+01
   1313.00    0.3361412200E+01
   1314.00    0.3398764196E+01
   1315.00    0.3439579726E+01
   1316.00    0.3484281706E+01
   1317.00    0.3533345629E+01
   1318.00    0.3587316394E+01
   1319.00    0.3646828480E+01
   1320.00    0.3712630860E+01
   1321.00    0.3785618564E+01
   1322.00    0.3866873398E+01
   1323.00    0.3957717382E+01
   1324.00    0.4059783843E+01
   1325.00    0.4175113141E+01
   1326.00    0.4306282902E+01
   1327.00    0.4456586418E+01
   1328.00    0.4630277470E+01
   1329.00    0.4832903239E+01
   1330.00    0.5071742427E+01
   1331.00    0.5356330086E+01
   1332.00    0.5698910640E+01
   1333.00    0.6114185634E+01
   1334.00    0.6616210825E+01
   1335.00    0.7205827846E+01
   1336.00    0.7831400772E+01
   1337.00    0.8299333509E+01
   1338.00    0.8209034286E+01
   1339.00    0.7262020268E+01
   1340.00    0.5773405169E+01
   1341.00    0.4314392426E+01
   1342.00    0.3156335309E+01
   1343.00    0.2325145517E+01
   1344.00    0.1781553407E+01
   1345.00    0.1487206126E+01
   1346.00    0.1397267198E+01
   1347.00    0.1447403907E+01
   1348.00    0.1574647285E+01
   1349.00    0.1738013150E+01
   1350.00    0.1916896719E+01
   1351.00    0.2102589093E+01
   1352.00    0.2292352317E+01
   1353.00    0.2486401323E+01
   1354.00    0.2686528089E+01
   1355.00    0.2895536098E+01
   1356.00    0.3117082142E+01
   1357.00    0.3355751426E+01
   1358.00    0.3617304031E+01
   1359.00    0.3909089225E+01
   1360.00    0.4240657577E+01
   1361.00    0.4624611674E+01
   1362.00    0.5077686815E+01
   1363.00    0.5621794078E+01
   1364.00    0.6283784162E+01
   1365.00    0.7089410981E+01
   1366.00    0.8037292409E+01
   1367.00    0.9019731800E+01
   1368.00    0.9680406081E+01
   1369.00    0.9472972885E+01
   1370.00    0.8299784630E+01
   1371.00    0.6735029124E+01
   1372.00    0.5291251855E+01
   1373.00    0.4125612109E+01
   1374.00    0.3219206002E+01
   1375.00    0.2515618661E+01
   1376.00    0.1965483071E+01
   1377.00    0.1534484334E+01
   1378.00    0.1202718172E+01
   1379.00    0.9632491759E+00
   1380.00    0.8190942085E+00
   1381.00    0.7726252649E+00
   1382.00    0.8104595785E+00
   1383.00    0.9056568112E+00
   1384.00    0.1033965275E+01
   1385.00    0.1180800154E+01
   1386.00    0.1339235213E+01
   1387.00    0.1506891328E+01
   1388.00    0.1684035453E+01
   1389.00    0.1872692879E+01
   1390.00    0.2076360462E+01
   1391.00    0.2300085196E+01
   1392.00    0.2550797427E+01
   1393.00    0.2837810408E+01
   1394.00    0.3173240199E+01
   1395.00    0.3571440889E+01
   1396.00    0.4044358171E+01
   1397.00    0.4583400289E+01
   1398.00    0.5106739949E+01
   1399.00    0.5368717311E+01
   1400.00    0.5004459079E+01
   1401.00    0.3939117355E+01
   1402.00    0.2590070688E+01
   1403.00    0.1697517254E+01
   1404.00    0.1803741668E+01
   1405.00    0.2206070403E+01
   1406.00    0.2498068445E+01
   1407.00    0.2694929280E+01
   1408.00    0.2850063048E+01
   1409.00    0.2994476923E+01
   1410.00    0.3142988255E+01
   1411.00    0.3302578442E+01
   1412.00    0.3476933813E+01
   1413.00    0.3668588455E+01
   1414.00    0.3879922970E+01
   1415.00    0.4113666175E+01
   1416.00    0.4373203396E+01
   1417.00    0.4662836672E+01
   1418.00    0.4988076018E+01
   1419.00    0.5356018805E+01
   1420.00    0.5775875540E+01
   1421.00    0.6259717583E+01
   1422.00    0.6823554557E+01
   1423.00    0.7488896958E+01
   1424.00    0.8285015661E+01
   1425.00    0.9252129983E+01
   1426.00    0.1044555225E+02
   1427.00    0.1193968999E+02
   1428.00    0.1382632123E+02
   1429.00    0.1618612988E+02
   1430.00    0.1897035991E+02
   1431.00    0.2168773805E+02
   1432.00    0.2311329334E+02
   1433.00    0.2217806521E+02
   1434.00    0.1949730231E+02
   1435.00    0.1646242518E+02
   1436.00    0.1381238168E+02
   1437.00    0.1168643930E+02
   1438.00    0.1001278875E+02
   1439.00    0.8687617690E+01
   1440.00    0.7623403693E+01
   1441.00    0.6754738027E+01
   1442.00    0.6034274703E+01
   1443.00    0.5427810069E+01
   1444.00    0.4910398444E+01
   1445.00    0.4463592445E+01
   1446.00    0.4073542259E+01
   1447.00    0.3729692106E+01
   1448.00    0.3423879827E+01
   1449.00    0.3149706658E+01
   1450.00    0.2902087626E+01
   1451.00    0.2676920376E+01
   1452.00    0.2470824000E+01
   1453.00    0.2280898353E+01
   1454.00    0.2104431326E+01
   1455.00    0.1938434335E+01
   1456.00    0.1778930636E+01
   1457.00    0.1620816791E+01
   1458.00    0.1461911165E+01
   1459.00    0.1310164529E+01
   1460.00    0.1175201913E+01
   1461.00    0.1055426798E+01
   1462.00    0.9449485753E+00
   1463.00    0.8402259723E+00
   1464.00    0.7400240779E+00
   1465.00    0.6443981533E+00
   1466.00    0.5543635182E+00
   1467.00    0.4721687220E+00
   1468.00    0.4020756857E+00
   1469.00    0.3513523624E+00
   1470.00    0.3297080908E+00
   1471.00    0.3440289475E+00
   1472.00    0.3922831278E+00
   1473.00    0.4663413329E+00
   1474.00    0.5586833237E+00
   1475.00    0.6647413214E+00
   1476.00    0.7823536018E+00
   1477.00    0.9109010607E+00
   1478.00    0.1050767045E+01
   1479.00    0.1203075713E+01
   1480.00    0.1369603867E+01
   1481.00    0.1552804854E+01
   1482.00    0.1755920023E+01
   1483.00    0.1983176958E+01
   1484.00    0.2240089835E+01
   1485.00    0.2533887989E+01
   1486.00    0.2874096198E+01
   1487.00    0.3273238201E+01
   1488.00    0.3747408093E+01
   1489.00    0.4315655112E+01
   1490.00    0.4994734940E+01
   1491.00    0.5781140715E+01
   1492.00    0.6619419960E+01
   1493.00    0.7435775947E+01
   1494.00    0.8344612843E+01
   1495.00    0.9626254839E+01
   1496.00    0.1125812028E+02
   1497.00    0.1263455127E+02
   1498.00    0.1289935727E+02
   1499.00    0.1197238304E+02
   1500.00    0.1055263973E+02
   1501.00    0.9184461136E+01
   1502.00    0.8046151534E+01
   1503.00    0.7147722047E+01
   1504.00    0.6464543906E+01
   1505.00    0.5994305378E+01
   1506.00    0.5796308416E+01
   1507.00    0.6030871200E+01
   1508.00    0.6915205273E+01
   1509.00    0.8425613632E+01
   1510.00    0.1003827454E+02
   1511.00    0.1123198658E+02
   1512.00    0.1190664433E+02
   1513.00    0.1191519976E+02
   1514.00    0.1092594635E+02
   1515.00    0.9103906556E+01
   1516.00    0.7168000372E+01
   1517.00    0.5590223931E+01
   1518.00    0.4442493420E+01
   1519.00    0.3654268879E+01
   1520.00    0.3159600419E+01
   1521.00    0.2926690720E+01
   1522.00    0.2904918131E+01
   1523.00    0.2953854601E+01
   1524.00    0.2948502136E+01
   1525.00    0.2895087388E+01
   1526.00    0.2845036493E+01
   1527.00    0.2827335062E+01
   1528.00    0.2851532828E+01
   1529.00    0.2920268049E+01
   1530.00    0.3035550235E+01
   1531.00    0.3201247591E+01
   1532.00    0.3424200175E+01
   1533.00    0.3714798778E+01
   1534.00    0.4086621706E+01
   1535.00    0.4552551182E+01
   1536.00    0.5109073312E+01
   1537.00    0.5689432835E+01
   1538.00    0.6079374205E+01
   1539.00    0.5951066220E+01
   1540.00    0.5257277431E+01
   1541.00    0.4396416340E+01
   1542.00    0.3762654359E+01
   1543.00    0.3522532054E+01
   1544.00    0.3632068615E+01
   1545.00    0.3830088503E+01
   1546.00    0.3777658765E+01
   1547.00    0.3397404386E+01
   1548.00    0.2876939078E+01
   1549.00    0.2374349024E+01
   1550.00    0.1942276974E+01
   1551.00    0.1582797924E+01
   1552.00    0.1285440351E+01
   1553.00    0.1040697954E+01
   1554.00    0.8441151548E+00
   1555.00    0.6979563551E+00
   1556.00    0.6110064937E+00
   1557.00    0.5921066350E+00
   1558.00    0.6381755541E+00
   1559.00    0.7335419799E+00
   1560.00    0.8618590332E+00
   1561.00    0.1012737919E+01
   1562.00    0.1181207213E+01
   1563.00    0.1365730178E+01
   1564.00    0.1566870394E+01
   1565.00    0.1786632407E+01
   1566.00    0.2028222187E+01
   1567.00    0.2296066523E+01
   1568.00    0.2596025033E+01
   1569.00    0.2935790477E+01
   1570.00    0.3325519103E+01
   1571.00    0.3778778371E+01
   1572.00    0.4313952808E+01
   1573.00    0.4956306087E+01
   1574.00    0.5740909329E+01
   1575.00    0.6716394558E+01
   1576.00    0.7948149003E+01
   1577.00    0.9514234914E+01
   1578.00    0.1146949623E+02
   1579.00    0.1371163305E+02
   1580.00    0.1569524306E+02
   1581.00    0.1641531988E+02
   1582.00    0.1546135544E+02
   1583.00    0.1360570011E+02
   1584.00    0.1169770664E+02
   1585.00    0.1007449699E+02
   1586.00    0.8771577085E+01
   1587.00    0.7735901991E+01
   1588.00    0.6906072443E+01
   1589.00    0.6231978131E+01
   1590.00    0.5676334167E+01
   1591.00    0.5212276143E+01
   1592.00    0.4820567369E+01
   1593.00    0.4486332252E+01
   1594.00    0.4196271159E+01
   1595.00    0.3940144248E+01
   1596.00    0.3712004779E+01
   1597.00    0.3507869647E+01
   1598.00    0.3324326021E+01
   1599.00    0.3158393314E+01
   1600.00    0.3007548196E+01
   1601.00    0.2869688073E+01
   1602.00    0.2743065976E+01
   1603.00    0.2626225674E+01
   1604.00    0.2517946338E+01
   1605.00    0.2417197810E+01
   1606.00    0.2323105056E+01
   1607.00    0.2234920013E+01
   1608.00    0.2151999213E+01
   1609.00    0.2073785908E+01
   1610.00    0.1999795692E+01
   1611.00    0.1929604855E+01
   1612.00    0.1862840889E+01
   1613.00    0.1799174699E+01
   1614.00    0.1738314164E+01
   1615.00    0.1679998793E+01
   1616.00    0.1623995248E+01
   1617.00    0.1570093588E+01
   1618.00    0.1518104092E+01
   1619.00    0.1467854556E+01
   1620.00    0.1419187986E+01
   1621.00    0.1371960614E+01
   1622.00    0.1326040189E+01
   1623.00    0.1281304488E+01
   1624.00    0.1237640022E+01
   1625.00    0.1194940902E+01
   1626.00    0.1153107834E+01
   1627.00    0.1112047234E+01
   1628.00    0.1071670445E+01
   1629.00    0.1031893033E+01
   1630.00    0.9926341648E+00
   1631.00    0.9538160561E+00
   1632.00    0.9153634847E+00
   1633.00    0.8772033763E+00
   1634.00    0.8392644656E+00
   1635.00    0.8014770501E+00
   1636.00    0.7637728609E+00
   1637.00    0.7260850964E+00
   1638.00    0.6883486860E+00
   1639.00    0.6505008979E+00
   1640.00    0.6124824700E+00
   1641.00    0.5742395615E+00
   1642.00    0.5357270214E+00
   1643.00    0.4969138226E+00
   1644.00    0.4577921599E+00
   1645.00    0.4183929299E+00
   1646.00    0.3788126898E+00
   1647.00    0.3392619443E+00
   1648.00    0.3001541845E+00
   1649.00    0.2622736451E+00
   1650.00    0.2270888229E+00
   1651.00    0.1972816399E+00
   1652.00    0.1773111721E+00
   1653.00    0.1728360727E+00
   1654.00    0.1874740367E+00
   1655.00    0.2200419143E+00
   1656.00    0.2667138314E+00
   1657.00    0.3242261474E+00
   1658.00    0.3907501781E+00
   1659.00    0.4655862281E+00
   1660.00    0.5487860890E+00
   1661.00    0.6409325737E+00
   1662.00    0.7430465481E+00
   1663.00    0.8565770765E+00
   1664.00    0.9834514508E+00
   1665.00    0.1126179457E+01
   1666.00    0.1288019224E+01
   1667.00    0.1473224074E+01
   1668.00    0.1687404341E+01
   1669.00    0.1938058345E+01
   1670.00    0.2235355216E+01
   1671.00    0.2593288133E+01
   1672.00    0.3031341173E+01
   1673.00    0.3576735880E+01
   1674.00    0.4266787005E+01
   1675.00    0.5148603958E+01
   1676.00    0.6265230334E+01
   1677.00    0.7595382897E+01
   1678.00    0.8899315026E+01
   1679.00    0.9615353189E+01
   1680.00    0.9336906407E+01
   1681.00    0.8379388496E+01
   1682.00    0.7284121606E+01
   1683.00    0.6317556513E+01
   1684.00    0.5531799587E+01
   1685.00    0.4905040860E+01
   1686.00    0.4402921932E+01
   1687.00    0.3995586993E+01
   1688.00    0.3660236752E+01
   1689.00    0.3380079721E+01
   1690.00    0.3142810254E+01
   1691.00    0.2939344709E+01
   1692.00    0.2762896588E+01
   1693.00    0.2608325814E+01
   1694.00    0.2471684964E+01
   1695.00    0.2349901669E+01
   1696.00    0.2240554216E+01
   1697.00    0.2141711109E+01
   1698.00    0.2051814906E+01
   1699.00    0.1969597003E+01
   1700.00    0.1894014362E+01
   1701.00    0.1824201945E+01
   1702.00    0.1759436564E+01
   1703.00    0.1699109101E+01
   1704.00    0.1642702947E+01
   1705.00    0.1589777113E+01
   1706.00    0.1539952880E+01
   1707.00    0.1492903153E+01
   1708.00    0.1448343919E+01
   1709.00    0.1406027327E+01
   1710.00    0.1365736053E+01
   1711.00    0.1327278677E+01
   1712.00    0.1290485870E+01
   1713.00    0.1255207229E+01
   1714.00    0.1221308633E+01
   1715.00    0.1188670028E+01
   1716.00    0.1157183559E+01
   1717.00    0.1126751985E+01
   1718.00    0.1097287334E+01
   1719.00    0.1068709750E+01
   1720.00    0.1040946506E+01
   1721.00    0.1013931152E+01
   1722.00    0.9876027796E+00
   1723.00    0.9619053810E+00
   1724.00    0.9367872937E+00
   1725.00    0.9122007128E+00
   1726.00    0.8881012635E+00
   1727.00    0.8644476252E+00
   1728.00    0.8412011996E+00
   1729.00    0.8183258161E+00
   1730.00    0.7957874713E+00
   1731.00    0.7735540956E+00
   1732.00    0.7515953459E+00
   1733.00    0.7298824200E+00
   1734.00    0.7083878900E+00
   1735.00    0.6870855533E+00
   1736.00    0.6659502990E+00
   1737.00    0.6449579893E+00
   1738.00    0.6240853532E+00
   1739.00    0.6033098941E+00
   1740.00    0.5826098097E+00
   1741.00    0.5619639256E+00
   1742.00    0.5413516430E+00
   1743.00    0.5207529034E+00
   1744.00    0.5001481722E+00
   1745.00    0.4795184476E+00
   1746.00    0.4588453002E+00
   1747.00    0.4381109547E+00
   1748.00    0.4172984284E+00
   1749.00    0.3963917493E+00
   1750.00    0.3753762882E+00
   1751.00    0.3542392562E+00
   1752.00    0.3329704497E+00
   1753.00    0.3115633713E+00
   1754.00    0.2900169402E+00
   1755.00    0.2683381439E+00
   1756.00    0.2465462470E+00
   1757.00    0.2246796477E+00
   1758.00    0.2028073977E+00
   1759.00    0.1810492164E+00
   1760.00    0.1596114632E+00
   1761.00    0.1388536193E+00
   1762.00    0.1194117334E+00
   1763.00    0.1024127976E+00
   1764.00    0.8974592360E-01
   1765.00    0.8399317422E-01
   1766.00    0.8718189555E-01
   1767.00    0.9908108039E-01
   1768.00    0.1176673452E+00
   1769.00    0.1408775365E+00
   1770.00    0.1673347825E+00
   1771.00    0.1962503783E+00
   1772.00    0.2271982528E+00
   1773.00    0.2599608698E+00
   1774.00    0.2944426894E+00
   1775.00    0.3306234749E+00
   1776.00    0.3685330149E+00
   1777.00    0.4082373280E+00
   1778.00    0.4498312176E+00
   1779.00    0.4934345112E+00
   1780.00    0.5391905768E+00
   1781.00    0.5872663664E+00
   1782.00    0.6378535914E+00
   1783.00    0.6911708412E+00
   1784.00    0.7474665794E+00
   1785.00    0.8070230415E+00
   1786.00    0.8701611260E+00
   1787.00    0.9372464345E+00
   1788.00    0.1008696688E+01
   1789.00    0.1084990824E+01
   1790.00    0.1166680180E+01
   1791.00    0.1254402307E+01
   1792.00    0.1348898118E+01
   1793.00    0.1451033333E+01
   1794.00    0.1561825479E+01
   1795.00    0.1682478181E+01
   1796.00    0.1814425096E+01
   1797.00    0.1959386750E+01
   1798.00    0.2119444828E+01
   1799.00    0.2297140380E+01
   1800.00    0.2495605175E+01
   1801.00    0.2718739646E+01
   1802.00    0.2971457210E+01
   1803.00    0.3260024420E+01
   1804.00    0.3592541373E+01
   1805.00    0.3979629745E+01
   1806.00    0.4435430513E+01
   1807.00    0.4979063103E+01
   1808.00    0.5636757532E+01
   1809.00    0.6444899434E+01
   1810.00    0.7454036793E+01
   1811.00    0.8732763441E+01
   1812.00    0.1036575336E+02
   1813.00    0.1242418126E+02
   1814.00    0.1484530648E+02
   1815.00    0.1713990758E+02
   1816.00    0.1824038103E+02
   1817.00    0.1746594229E+02
   1818.00    0.1549802418E+02
   1819.00    0.1335168777E+02
   1820.00    0.1149381007E+02
   1821.00    0.9999425668E+01
   1822.00    0.8816151608E+01
   1823.00    0.7873936880E+01
   1824.00    0.7113910191E+01
   1825.00    0.6491736038E+01
   1826.00    0.5975002287E+01
   1827.00    0.5540062081E+01
   1828.00    0.5169512000E+01
   1829.00    0.4850377298E+01
   1830.00    0.4572846660E+01
   1831.00    0.4329394909E+01
   1832.00    0.4114171299E+01
   1833.00    0.3922568483E+01
   1834.00    0.3750914966E+01
   1835.00    0.3596252751E+01
   1836.00    0.3456174448E+01
   1837.00    0.3328702422E+01
   1838.00    0.3212198032E+01
   1839.00    0.3105292687E+01
   1840.00    0.3006834904E+01
   1841.00    0.2915849236E+01
   1842.00    0.2831504115E+01
   1843.00    0.2753086440E+01
   1844.00    0.2679981332E+01
   1845.00    0.2611655880E+01
   1846.00    0.2547645988E+01
   1847.00    0.2487545668E+01
   1848.00    0.2430998262E+01
   1849.00    0.2377689195E+01
   1850.00    0.2327339971E+01
   1851.00    0.2279703160E+01
   1852.00    0.2234558199E+01
   1853.00    0.2191707848E+01
   1854.00    0.2150975198E+01
   1855.00    0.2112201119E+01
   1856.00    0.2075242088E+01
   1857.00    0.2039968324E+01
   1858.00    0.2006262187E+01
   1859.00    0.1974016787E+01
   1860.00    0.1943134788E+01
   1861.00    0.1913527368E+01
   1862.00    0.1885113302E+01
   1863.00    0.1857818172E+01
   1864.00    0.1831573668E+01
   1865.00    0.1806316971E+01
   1866.00    0.1781990218E+01
   1867.00    0.1758540016E+01
   1868.00    0.1735917023E+01
   1869.00    0.1714075570E+01
   1870.00    0.1692973321E+01
   1871.00    0.1672570981E+01
   1872.00    0.1652832023E+01
   1873.00    0.1633722447E+01
   1874.00    0.1615210569E+01
   1875.00    0.1597266824E+01
   1876.00    0.1579863591E+01
   1877.00    0.1562975039E+01
   1878.00    0.1546576979E+01
   1879.00    0.1530646739E+01
   1880.00    0.1515163044E+01
   1881.00    0.1500105913E+01
   1882.00    0.1485456558E+01
   1883.00    0.1471197299E+01
   1884.00    0.1457311481E+01
   1885.00    0.1443783403E+01
   1886.00    0.1430598246E+01
   1887.00    0.1417742018E+01
   1888.00    0.1405201492E+01
   1889.00    0.1392964155E+01
   1890.00    0.1381018161E+01
   1891.00    0.1369352287E+01
   1892.00    0.1357955893E+01
   1893.00    0.1346818882E+01
   1894.00    0.1335931669E+01
   1895.00    0.1325285145E+01
   1896.00    0.1314870651E+01
   1897.00    0.1304679948E+01
   1898.00    0.1294705193E+01
   1899.00    0.1284938916E+01
   1900.00    0.1275373994E+01
   1901.00    0.1266003637E+01
   1902.00    0.1256821363E+01
   1903.00    0.1247820985E+01
   1904.00    0.1238996592E+01
   1905.00    0.1230342533E+01
   1906.00    0.1221853403E+01
   1907.00    0.1213524033E+01
   1908.00    0.1205349473E+01
   1909.00    0.1197324981E+01
   1910.00    0.1189446015E+01
   1911.00    0.1181708219E+01
   1912.00    0.1174107416E+01
   1913.00    0.1166639597E+01
   1914.00    0.1159300914E+01
   1915.00    0.1152087670E+01
   1916.00    0.1144996314E+01
   1917.00    0.1138023433E+01
   1918.00    0.1131165744E+01
   1919.00    0.1124420089E+01
   1920.00    0.1117783428E+01
   1921.00    0.1111252836E+01
   1922.00    0.1104825494E+01
   1923.00    0.1098498686E+01
   1924.00    0.1092269797E+01
   1925.00    0.1086136301E+01
   1926.00    0.1080095766E+01
   1927.00    0.1074145843E+01
   1928.00    0.1068284265E+01
   1929.00    0.1062508844E+01
   1930.00    0.1056817466E+01
   1931.00    0.1051208088E+01
   1932.00    0.1045678738E+01
   1933.00    0.1040227507E+01
   1934.00    0.1034852550E+01
   1935.00    0.1029552083E+01
   1936.00    0.1024324377E+01
   1937.00    0.1019167763E+01
   1938.00    0.1014080621E+01
   1939.00    0.1009061383E+01
   1940.00    0.1004108533E+01
   1941.00    0.9992205976E+00
   1942.00    0.9943961521E+00
   1943.00    0.9896338136E+00
   1944.00    0.9849322417E+00
   1945.00    0.9802901358E+00
   1946.00    0.9757062343E+00
   1947.00    0.9711793127E+00
   1948.00    0.9667081825E+00
   1949.00    0.9622916895E+00
   1950.00    0.9579287130E+00
   1951.00    0.9536181642E+00
   1952.00    0.9493589852E+00
   1953.00    0.9451501480E+00
   1954.00    0.9409906531E+00
   1955.00    0.9368795290E+00
   1956.00    0.9328158306E+00
   1957.00    0.9287986389E+00
   1958.00    0.9248270595E+00
   1959.00    0.9209002224E+00
   1960.00    0.9170172805E+00
   1961.00    0.9131774093E+00
   1962.00    0.9093798061E+00
   1963.00    0.9056236889E+00
   1964.00    0.9019082962E+00
   1965.00    0.8982328859E+00
   1966.00    0.8945967351E+00
   1967.00    0.8909991391E+00
   1968.00    0.8874394109E+00
   1969.00    0.8839168807E+00
   1970.00    0.8804308956E+00
   1971.00    0.8769808185E+00
   1972.00    0.8735660279E+00
   1973.00    0.8701859177E+00
   1974.00    0.8668398963E+00
   1975.00    0.8635273862E+00
   1976.00    0.8602478237E+00
   1977.00    0.8570006587E+00
   1978.00    0.8537853537E+00
   1979.00    0.8506013840E+00
   1980.00    0.8474482369E+00
   1981.00    0.8443254117E+00
   1982.00    0.8412324191E+00
   1983.00    0.8381687809E+00
   1984.00    0.8351340297E+00
   1985.00    0.8321277088E+00
   1986.00    0.8291493714E+00
   1987.00    0.8261985810E+00
   1988.00    0.8232749102E+00
   1989.00    0.8203779415E+00
   1990.00    0.8175072662E+00
   1991.00    0.8146624844E+00
   1992.00    0.8118432051E+00
   1993.00    0.8090490453E+00
   1994.00    0.8062796304E+00
   1995.00    0.8035345936E+00
   1996.00    0.8008135758E+00
   1997.00    0.7981162254E+00
   1998.00    0.7954421981E+00
   1999.00    0.7927911567E+00
   2000.00    0.7901627710E+00
   2001.00    0.7875567174E+00
   2002.00    0.7849726788E+00
   2003.00    0.7824103447E+00
   2004.00    0.7798694107E+00
   2005.00    0.7773495784E+00
   2006.00    0.7748505555E+00
   2007.00    0.7723720552E+00
   2008.00    0.7699137964E+00
   2009.00    0.7674755037E+00
   2010.00    0.7650569066E+00
   2011.00    0.7626577403E+00
   2012.00    0.7602777446E+00
   2013.00    0.7579166645E+00
   2014.00    0.7555742499E+00
   2015.00    0.7532502552E+00
   2016.00    0.7509444395E+00
   2017.00    0.7486565664E+00
   2018.00    0.7463864038E+00
   2019.00    0.7441337241E+00
   2020.00    0.7418983035E+00
   2021.00    0.7396799226E+00
   2022.00    0.7374783659E+00
   2023.00    0.7352934215E+00
   2024.00    0.7331248818E+00
   2025.00    0.7309725426E+00
   2026.00    0.7288362033E+00
   2027.00    0.7267156669E+00
   2028.00    0.7246107399E+00
   2029.00    0.7225212322E+00
   2030.00    0.7204469570E+00
   2031.00    0.7183877305E+00
   2032.00    0.7163433725E+00
   2033.00    0.7143137055E+00
   2034.00    0.7122985551E+00
   2035.00    0.7102977501E+00
   2036.00    0.7083111219E+00
   2037.00    0.7063385049E+00
   2038.00    0.7043797362E+00
   2039.00    0.7024346555E+00
   2040.00    0.7005031055E+00
   2041.00    0.6985849311E+00
   2042.00    0.6966799799E+00
   2043.00    0.6947881020E+00
   2044.00    0.6929091499E+00
   2045.00    0.6910429786E+00
   2046.00    0.6891894452E+00
   2047.00    0.6873484093E+00
   2048.00    0.6855197326E+00
   2049.00    0.6837032791E+00
   2050.00    0.6818989149E+00
   2051.00    0.6801065081E+00
   2052.00    0.6783259289E+00
   2053.00    0.6765570498E+00
   2054.00    0.6747997448E+00
   2055.00    0.6730538902E+00
   2056.00    0.6713193641E+00
   2057.00    0.6695960464E+00
   2058.00    0.6678838189E+00
   2059.00    0.6661825652E+00
   2060.00    0.6644921705E+00
   2061.00    0.6628125219E+00
   2062.00    0.6611435081E+00
   2063.00    0.6594850195E+00
   2064.00    0.6578369482E+00
   2065.00    0.6561991876E+00
   2066.00    0.6545716330E+00
   2067.00    0.6529541810E+00
   2068.00    0.6513467298E+00
   2069.00    0.6497491791E+00
   2070.00    0.6481614301E+00
   2071.00    0.6465833851E+00
   2072.00    0.6450149482E+00
   2073.00    0.6434560247E+00
   2074.00    0.6419065211E+00
   2075.00    0.6403663456E+00
   2076.00    0.6388354072E+00
   2077.00    0.6373136165E+00
   2078.00    0.6358008853E+00
   2079.00    0.6342971266E+00
   2080.00    0.6328022546E+00
   2081.00    0.6313161846E+00
   2082.00    0.6298388333E+00
   2083.00    0.6283701182E+00
   2084.00    0.6269099583E+00
   2085.00    0.6254582733E+00
   2086.00    0.6240149843E+00
   2087.00    0.6225800134E+00
   2088.00    0.6211532836E+00
   2089.00    0.6197347190E+00
   2090.00    0.6183242448E+00
   2091.00    0.6169217871E+00
   2092.00    0.6155272729E+00
   2093.00    0.6141406304E+00
   2094.00    0.6127617885E+00
   2095.00    0.6113906771E+00
   2096.00    0.6100272271E+00
   2097.00    0.6086713702E+00
   2098.00    0.6073230389E+00
   2099.00    0.6059821668E+00
   2100.00    0.6046486882E+00
   2101.00    0.6033225381E+00
   2102.00    0.6020036527E+00
   2103.00    0.6006919686E+00
   2104.00    0.5993874235E+00
   2105.00    0.5980899558E+00
   2106.00    0.5967995045E+00
   2107.00    0.5955160095E+00
   2108.00    0.5942394115E+00
   2109.00    0.5929696519E+00
   2110.00    0.5917066728E+00
   2111.00    0.5904504169E+00
   2112.00    0.5892008279E+00
   2113.00    0.5879578498E+00
   2114.00    0.5867214275E+00
   2115.00    0.5854915067E+00
   2116.00    0.5842680334E+00
   2117.00    0.5830509546E+00
   2118.00    0.5818402177E+00
   2119.00    0.5806357708E+00
   2120.00    0.5794375627E+00
   2121.00    0.5782455427E+00
   2122.00    0.5770596607E+00
   2123.00    0.5758798672E+00
   2124.00    0.5747061134E+00
   2125.00    0.5735383509E+00
   2126.00    0.5723765319E+00
   2127.00    0.5712206093E+00
   2128.00    0.5700705363E+00
   2129.00    0.5689262669E+00
   2130.00    0.5677877555E+00
   2131.00    0.5666549570E+00
   2132.00    0.5655278267E+00
   2133.00    0.5644063208E+00
   2134.00    0.5632903956E+00
   2135.00    0.5621800081E+00
   2136.00    0.5610751157E+00
   2137.00    0.5599756763E+00
   2138.00    0.5588816483E+00
   2139.00    0.5577929905E+00
   2140.00    0.5567096622E+00
   2141.00    0.5556316232E+00
   2142.00    0.5545588337E+00
   2143.00    0.5534912543E+00
   2144.00    0.5524288461E+00
   2145.00    0.5513715706E+00
   2146.00    0.5503193897E+00
   2147.00    0.5492722656E+00
   2148.00    0.5482301613E+00
   2149.00    0.5471930397E+00
   2150.00    0.5461608645E+00
   2151.00    0.5451335995E+00
   2152.00    0.5441112091E+00
   2153.00    0.5430936580E+00
   2154.00    0.5420809113E+00
   2155.00    0.5410729344E+00
   2156.00    0.5400696931E+00
   2157.00    0.5390711536E+00
   2158.00    0.5380772824E+00
   2159.00    0.5370880464E+00
   2160.00    0.5361034129E+00
   2161.00    0.5351233493E+00
   2162.00    0.5341478237E+00
   2163.00    0.5331768042E+00
   2164.00    0.5322102594E+00
   2165.00    0.5312481582E+00
   2166.00    0.5302904699E+00
   2167.00    0.5293371639E+00
   2168.00    0.5283882101E+00
   2169.00    0.5274435787E+00
   2170.00    0.5265032400E+00
   2171.00    0.5255671649E+00
   2172.00    0.5246353244E+00
   2173.00    0.5237076899E+00
   2174.00    0.5227842329E+00
   2175.00    0.5218649253E+00
   2176.00    0.5209497395E+00
   2177.00    0.5200386478E+00
   2178.00    0.5191316230E+00
   2179.00    0.5182286381E+00
   2180.00    0.5173296664E+00
   2181.00    0.5164346814E+00
   2182.00    0.5155436570E+00
   2183.00    0.5146565672E+00
   2184.00    0.5137733864E+00
   2185.00    0.5128940890E+00
   2186.00    0.5120186500E+00
   2187.00    0.5111470444E+00
   2188.00    0.5102792475E+00
   2189.00    0.5094152348E+00
   2190.00    0.5085549821E+00
   2191.00    0.5076984655E+00
   2192.00    0.5068456611E+00
   2193.00    0.5059965455E+00
   2194.00    0.5051510954E+00
   2195.00    0.5043092876E+00
   2196.00    0.5034710993E+00
   2197.00    0.5026365078E+00
   2198.00    0.5018054908E+00
   2199.00    0.5009780261E+00
   2200.00    0.5001540915E+00
   2201.00    0.4993336653E+00
   2202.00    0.4985167259E+00
   2203.00    0.4977032519E+00
   2204.00    0.4968932221E+00
   2205.00    0.4960866155E+00
   2206.00    0.4952834113E+00
   2207.00    0.4944835889E+00
   2208.00    0.4936871279E+00
   2209.00    0.4928940080E+00
   2210.00    0.4921042092E+00
   2211.00    0.4913177117E+00
   2212.00    0.4905344957E+00
   2213.00    0.4897545417E+00
   2214.00    0.4889778304E+00
   2215.00    0.4882043428E+00
   2216.00    0.4874340597E+00
   2217.00    0.4866669624E+00
   2218.00    0.4859030323E+00
   2219.00    0.4851422510E+00
   2220.00    0.4843846000E+00
   2221.00    0.4836300613E+00
   2222.00    0.4828786170E+00
   2223.00    0.4821302491E+00
   2224.00    0.4813849402E+00
   2225.00    0.4806426725E+00
   2226.00    0.4799034290E+00
   2227.00    0.4791671922E+00
   2228.00    0.4784339453E+00
   2229.00    0.4777036714E+00
   2230.00    0.4769763536E+00
   2231.00    0.4762519755E+00
   2232.00    0.4755305206E+00
   2233.00    0.4748119727E+00
   2234.00    0.4740963154E+00
   2235.00    0.4733835329E+00
   2236.00    0.4726736094E+00
   2237.00    0.4719665289E+00
   2238.00    0.4712622760E+00
   2239.00    0.4705608353E+00
   2240.00    0.4698621913E+00
   2241.00    0.4691663289E+00
   2242.00    0.4684732330E+00
   2243.00    0.4677828888E+00
   2244.00    0.4670952814E+00
   2245.00    0.4664103961E+00
   2246.00    0.4657282183E+00
   2247.00    0.4650487338E+00
   2248.00    0.4643719281E+00
   2249.00    0.4636977871E+00
   2250.00    0.4630262968E+00
   2251.00    0.4623574431E+00
   2252.00    0.4616912123E+00
   2253.00    0.4610275907E+00
   2254.00    0.4603665647E+00
   2255.00    0.4597081209E+00
   2256.00    0.4590522458E+00
   2257.00    0.4583989262E+00
   2258.00    0.4577481491E+00
   2259.00    0.4570999013E+00
   2260.00    0.4564541700E+00
   2261.00    0.4558109424E+00
   2262.00    0.4551702057E+00
   2263.00    0.4545319475E+00
   2264.00    0.4538961551E+00
   2265.00    0.4532628163E+00
   2266.00    0.4526319187E+00
   2267.00    0.4520034502E+00
   2268.00    0.4513773988E+00
   2269.00    0.4507537523E+00
   2270.00    0.4501324990E+00
   2271.00    0.4495136271E+00
   2272.00    0.4488971250E+00
   2273.00    0.4482829809E+00
   2274.00    0.4476711836E+00
   2275.00    0.4470617214E+00
   2276.00    0.4464545833E+00
   2277.00    0.4458497579E+00
   2278.00    0.4452472342E+00
   2279.00    0.4446470011E+00
   2280.00    0.4440490478E+00
   2281.00    0.4434533633E+00
   2282.00    0.4428599370E+00
   2283.00    0.4422687581E+00
   2284.00    0.4416798161E+00
   2285.00    0.4410931005E+00
   2286.00    0.4405086010E+00
   2287.00    0.4399263071E+00
   2288.00    0.4393462087E+00
   2289.00    0.4387682956E+00
   2290.00    0.4381925578E+00
   2291.00    0.4376189852E+00
   2292.00    0.4370475680E+00
   2293.00    0.4364782963E+00
   2294.00    0.4359111605E+00
   2295.00    0.4353461508E+00
   2296.00    0.4347832576E+00
   2297.00    0.4342224715E+00
   2298.00    0.4336637830E+00
   2299.00    0.4331071828E+00
   2300.00    0.4325526616E+00
   2301.00    0.4320002102E+00
   2302.00    0.4314498195E+00
   2303.00    0.4309014803E+00
   2304.00    0.4303551838E+00
   2305.00    0.4298109211E+00
   2306.00    0.4292686833E+00
   2307.00    0.4287284615E+00
   2308.00    0.4281902473E+00
   2309.00    0.4276540319E+00
   2310.00    0.4271198067E+00
   2311.00    0.4265875633E+00
   2312.00    0.4260572934E+00
   2313.00    0.4255289884E+00
   2314.00    0.4250026403E+00
   2315.00    0.4244782406E+00
   2316.00    0.4239557814E+00
   2317.00    0.4234352545E+00
   2318.00    0.4229166520E+00
   2319.00    0.4223999658E+00
   2320.00    0.4218851881E+00
   2321.00    0.4213723111E+00
   2322.00    0.4208613269E+00
   2323.00    0.4203522281E+00
   2324.00    0.4198450068E+00
   2325.00    0.4193396555E+00
   2326.00    0.4188361668E+00
   2327.00    0.4183345331E+00
   2328.00    0.4178347471E+00
   2329.00    0.4173368015E+00
   2330.00    0.4168406890E+00
   2331.00    0.4163464025E+00
   2332.00    0.4158539346E+00
   2333.00    0.4153632784E+00
   2334.00    0.4148744269E+00
   2335.00    0.4143873730E+00
   2336.00    0.4139021099E+00
   2337.00    0.4134186307E+00
   2338.00    0.4129369286E+00
   2339.00    0.4124569968E+00
   2340.00    0.4119788287E+00
   2341.00    0.4115024175E+00
   2342.00    0.4110277569E+00
   2343.00    0.4105548401E+00
   2344.00    0.4100836608E+00
   2345.00    0.4096142125E+00
   2346.00    0.4091464889E+00
   2347.00    0.4086804836E+00
   2348.00    0.4082161904E+00
   2349.00    0.4077536031E+00
   2350.00    0.4072927155E+00
   2351.00    0.4068335215E+00
   2352.00    0.4063760151E+00
   2353.00    0.4059201902E+00
   2354.00    0.4054660410E+00
   2355.00    0.4050135615E+00
   2356.00    0.4045627458E+00
   2357.00    0.4041135883E+00
   2358.00    0.4036660830E+00
   2359.00    0.4032202243E+00
   2360.00    0.4027760066E+00
   2361.00    0.4023334242E+00
   2362.00    0.4018924716E+00
   2363.00    0.4014531433E+00
   2364.00    0.4010154338E+00
   2365.00    0.4005793377E+00
   2366.00    0.4001448496E+00
   2367.00    0.3997119642E+00
   2368.00    0.3992806762E+00
   2369.00    0.3988509805E+00
   2370.00    0.3984228717E+00
   2371.00    0.3979963448E+00
   2372.00    0.3975713947E+00
   2373.00    0.3971480164E+00
   2374.00    0.3967262047E+00
   2375.00    0.3963059548E+00
   2376.00    0.3958872618E+00
   2377.00    0.3954701208E+00
   2378.00    0.3950545269E+00
   2379.00    0.3946404754E+00
   2380.00    0.3942279615E+00
   2381.00    0.3938169805E+00
   2382.00    0.3934075278E+00
   2383.00    0.3929995988E+00
   2384.00    0.3925931889E+00
   2385.00    0.3921882935E+00
   2386.00    0.3917849083E+00
   2387.00    0.3913830286E+00
   2388.00    0.3909826502E+00
   2389.00    0.3905837687E+00
   2390.00    0.3901863798E+00
   2391.00    0.3897904791E+00
   2392.00    0.3893960624E+00
   2393.00    0.3890031256E+00
   2394.00    0.3886116645E+00
   2395.00    0.3882216750E+00
   2396.00    0.3878331530E+00
   2397.00    0.3874460944E+00
   2398.00    0.3870604953E+00
   2399.00    0.3866763516E+00
   2400.00    0.3862936596E+00
   2401.00    0.3859124153E+00
   2402.00    0.3855326148E+00
   2403.00    0.3851542545E+00
   2404.00    0.3847773304E+00
   2405.00    0.3844018389E+00
   2406.00    0.3840277763E+00
   2407.00    0.3836551389E+00
   2408.00    0.3832839232E+00
   2409.00    0.3829141256E+00
   2410.00    0.3825457425E+00
   2411.00    0.3821787705E+00
   2412.00    0.3818132060E+00
   2413.00    0.3814490457E+00
   2414.00    0.3810862862E+00
   2415.00    0.3807249241E+00
   2416.00    0.3803649562E+00
   2417.00    0.3800063791E+00
   2418.00    0.3796491896E+00
   2419.00    0.3792933846E+00
   2420.00    0.3789389608E+00
   2421.00    0.3785859151E+00
   2422.00    0.3782342445E+00
   2423.00    0.3778839459E+00
   2424.00    0.3775350163E+00
   2425.00    0.3771874527E+00
   2426.00    0.3768412521E+00
   2427.00    0.3764964117E+00
   2428.00    0.3761529286E+00
   2429.00    0.3758107998E+00
   2430.00    0.3754700228E+00
   2431.00    0.3751305946E+00
   2432.00    0.3747925125E+00
   2433.00    0.3744557739E+00
   2434.00    0.3741203760E+00
   2435.00    0.3737863163E+00
   2436.00    0.3734535922E+00
   2437.00    0.3731222011E+00
   2438.00    0.3727921405E+00
   2439.00    0.3724634079E+00
   2440.00    0.3721360009E+00
   2441.00    0.3718099170E+00
   2442.00    0.3714851538E+00
   2443.00    0.3711617091E+00
   2444.00    0.3708395805E+00
   2445.00    0.3705187658E+00
   2446.00    0.3701992626E+00
   2447.00    0.3698810688E+00
   2448.00    0.3695641822E+00
   2449.00    0.3692486007E+00
   2450.00    0.3689343222E+00
   2451.00    0.3686213445E+00
   2452.00    0.3683096657E+00
   2453.00    0.3679992838E+00
   2454.00    0.3676901968E+00
   2455.00    0.3673824028E+00
   2456.00    0.3670758998E+00
   2457.00    0.3667706860E+00
   2458.00    0.3664667596E+00
   2459.00    0.3661641187E+00
   2460.00    0.3658627617E+00
   2461.00    0.3655626868E+00
   2462.00    0.3652638922E+00
   2463.00    0.3649663764E+00
   2464.00    0.3646701377E+00
   2465.00    0.3643751745E+00
   2466.00    0.3640814853E+00
   2467.00    0.3637890685E+00
   2468.00    0.3634979227E+00
   2469.00    0.3632080464E+00
   2470.00    0.3629194381E+00
   2471.00    0.3626320966E+00
   2472.00    0.3623460203E+00
   2473.00    0.3620612082E+00
   2474.00    0.3617776587E+00
   2475.00    0.3614953707E+00
   2476.00    0.3612143431E+00
   2477.00    0.3609345745E+00
   2478.00    0.3606560639E+00
   2479.00    0.3603788101E+00
   2480.00    0.3601028120E+00
   2481.00    0.3598280687E+00
   2482.00    0.3595545792E+00
   2483.00    0.3592823423E+00
   2484.00    0.3590113573E+00
   2485.00    0.3587416232E+00
   2486.00    0.3584731391E+00
   2487.00    0.3582059042E+00
   2488.00    0.3579399177E+00
   2489.00    0.3576751788E+00
   2490.00    0.3574116869E+00
   2491.00    0.3571494412E+00
   2492.00    0.3568884410E+00
   2493.00    0.3566286858E+00
   2494.00    0.3563701749E+00
   2495.00    0.3561129078E+00
   2496.00    0.3558568840E+00
   2497.00    0.3556021029E+00
   2498.00    0.3553485643E+00
   2499.00    0.3550962675E+00
   2500.00    0.3548452124E+00
   2501.00    0.3545953985E+00
   2502.00    0.3543468255E+00
   2503.00    0.3540994932E+00
   2504.00    0.3538534013E+00
   2505.00    0.3536085496E+00
   2506.00    0.3533649381E+00
   2507.00    0.3531225665E+00
   2508.00    0.3528814348E+00
   2509.00    0.3526415429E+00
   2510.00    0.3524028909E+00
   2511.00    0.3521654788E+00
   2512.00    0.3519293065E+00
   2513.00    0.3516943744E+00
   2514.00    0.3514606823E+00
   2515.00    0.3512282307E+00
   2516.00    0.3509970196E+00
   2517.00    0.3507670493E+00
   2518.00    0.3505383202E+00
   2519.00    0.3503108325E+00
   2520.00    0.3500845867E+00
   2521.00    0.3498595831E+00
   2522.00    0.3496358221E+00
   2523.00    0.3494133044E+00
   2524.00    0.3491920303E+00
   2525.00    0.3489720005E+00
   2526.00    0.3487532156E+00
   2527.00    0.3485356761E+00
   2528.00    0.3483193829E+00
   2529.00    0.3481043367E+00
   2530.00    0.3478905381E+00
   2531.00    0.3476779880E+00
   2532.00    0.3474666873E+00
   2533.00    0.3472566368E+00
   2534.00    0.3470478375E+00
   2535.00    0.3468402903E+00
   2536.00    0.3466339963E+00
   2537.00    0.3464289565E+00
   2538.00    0.3462251720E+00
   2539.00    0.3460226439E+00
   2540.00    0.3458213735E+00
   2541.00    0.3456213620E+00
   2542.00    0.3454226106E+00
   2543.00    0.3452251207E+00
   2544.00    0.3450288935E+00
   2545.00    0.3448339306E+00
   2546.00    0.3446402333E+00
   2547.00    0.3444478031E+00
   2548.00    0.3442566417E+00
   2549.00    0.3440667505E+00
   2550.00    0.3438781311E+00
   2551.00    0.3436907853E+00
   2552.00    0.3435047148E+00
   2553.00    0.3433199214E+00
   2554.00    0.3431364067E+00
   2555.00    0.3429541728E+00
   2556.00    0.3427732215E+00
   2557.00    0.3425935547E+00
   2558.00    0.3424151745E+00
   2559.00    0.3422380829E+00
   2560.00    0.3420622821E+00
   2561.00    0.3418877740E+00
   2562.00    0.3417145611E+00
   2563.00    0.3415426454E+00
   2564.00    0.3413720293E+00
   2565.00    0.3412027152E+00
   2566.00    0.3410347054E+00
   2567.00    0.3408680024E+00
   2568.00    0.3407026086E+00
   2569.00    0.3405385267E+00
   2570.00    0.3403757593E+00
   2571.00    0.3402143090E+00
   2572.00    0.3400541784E+00
   2573.00    0.3398953705E+00
   2574.00    0.3397378880E+00
   2575.00    0.3395817337E+00
   2576.00    0.3394269106E+00
   2577.00    0.3392734218E+00
   2578.00    0.3391212701E+00
   2579.00    0.3389704588E+00
   2580.00    0.3388209910E+00
   2581.00    0.3386728698E+00
   2582.00    0.3385260987E+00
   2583.00    0.3383806808E+00
   2584.00    0.3382366196E+00
   2585.00    0.3380939186E+00
   2586.00    0.3379525811E+00
   2587.00    0.3378126109E+00
   2588.00    0.3376740115E+00
   2589.00    0.3375367866E+00
   2590.00    0.3374009401E+00
   2591.00    0.3372664756E+00
   2592.00    0.3371333970E+00
   2593.00    0.3370017084E+00
   2594.00    0.3368714137E+00
   2595.00    0.3367425170E+00
   2596.00    0.3366150224E+00
   2597.00    0.3364889342E+00
   2598.00    0.3363642566E+00
   2599.00    0.3362409939E+00
   2600.00    0.3361191506E+00
   2601.00    0.3359987311E+00
   2602.00    0.3358797400E+00
   2603.00    0.3357621819E+00
   2604.00    0.3356460615E+00
   2605.00    0.3355313836E+00
   2606.00    0.3354181529E+00
   2607.00    0.3353063744E+00
   2608.00    0.3351960530E+00
   2609.00    0.3350871939E+00
   2610.00    0.3349798022E+00
   2611.00    0.3348738829E+00
   2612.00    0.3347694416E+00
   2613.00    0.3346664834E+00
   2614.00    0.3345650139E+00
   2615.00    0.3344650385E+00
   2616.00    0.3343665629E+00
   2617.00    0.3342695927E+00
   2618.00    0.3341741337E+00
   2619.00    0.3340801918E+00
   2620.00    0.3339877728E+00
   2621.00    0.3338968828E+00
   2622.00    0.3338075280E+00
   2623.00    0.3337197144E+00
   2624.00    0.3336334483E+00
   2625.00    0.3335487362E+00
   2626.00    0.3334655844E+00
   2627.00    0.3333839995E+00
   2628.00    0.3333039882E+00
   2629.00    0.3332255572E+00
   2630.00    0.3331487132E+00
   2631.00    0.3330734632E+00
   2632.00    0.3329998143E+00
   2633.00    0.3329277734E+00
   2634.00    0.3328573479E+00
   2635.00    0.3327885450E+00
   2636.00    0.3327213722E+00
   2637.00    0.3326558368E+00
   2638.00    0.3325919466E+00
   2639.00    0.3325297093E+00
   2640.00    0.3324691327E+00
   2641.00    0.3324102246E+00
   2642.00    0.3323529931E+00
   2643.00    0.3322974464E+00
   2644.00    0.3322435928E+00
   2645.00    0.3321914404E+00
   2646.00    0.3321409980E+00
   2647.00    0.3320922739E+00
   2648.00    0.3320452770E+00
   2649.00    0.3320000160E+00
   2650.00    0.3319564999E+00
   2651.00    0.3319147378E+00
   2652.00    0.3318747387E+00
   2653.00    0.3318365121E+00
   2654.00    0.3318000673E+00
   2655.00    0.3317654139E+00
   2656.00    0.3317325616E+00
   2657.00    0.3317015202E+00
   2658.00    0.3316722995E+00
   2659.00    0.3316449098E+00
   2660.00    0.3316193611E+00
   2661.00    0.3315956639E+00
   2662.00    0.3315738285E+00
   2663.00    0.3315538657E+00
   2664.00    0.3315357861E+00
   2665.00    0.3315196007E+00
   2666.00    0.3315053205E+00
   2667.00    0.3314929567E+00
   2668.00    0.3314825207E+00
   2669.00    0.3314740239E+00
   2670.00    0.3314674779E+00
   2671.00    0.3314628946E+00
   2672.00    0.3314602860E+00
   2673.00    0.3314596640E+00
   2674.00    0.3314610411E+00
   2675.00    0.3314644296E+00
   2676.00    0.3314698421E+00
   2677.00    0.3314772914E+00
   2678.00    0.3314867905E+00
   2679.00    0.3314983524E+00
   2680.00    0.3315119904E+00
   2681.00    0.3315277180E+00
   2682.00    0.3315455488E+00
   2683.00    0.3315654966E+00
   2684.00    0.3315875755E+00
   2685.00    0.3316117996E+00
   2686.00    0.3316381834E+00
   2687.00    0.3316667413E+00
   2688.00    0.3316974881E+00
   2689.00    0.3317304389E+00
   2690.00    0.3317656087E+00
   2691.00    0.3318030129E+00
   2692.00    0.3318426672E+00
   2693.00    0.3318845872E+00
   2694.00    0.3319287890E+00
   2695.00    0.3319752888E+00
   2696.00    0.3320241030E+00
   2697.00    0.3320752483E+00
   2698.00    0.3321287415E+00
   2699.00    0.3321845997E+00
   2700.00    0.3322428403E+00
   2701.00    0.3323034807E+00
   2702.00    0.3323665389E+00
   2703.00    0.3324320329E+00
   2704.00    0.3324999809E+00
   2705.00    0.3325704014E+00
   2706.00    0.3326433134E+00
   2707.00    0.3327187357E+00
   2708.00    0.3327966878E+00
   2709.00    0.3328771892E+00
   2710.00    0.3329602597E+00
   2711.00    0.3330459194E+00
   2712.00    0.3331341887E+00
   2713.00    0.3332250883E+00
   2714.00    0.3333186392E+00
   2715.00    0.3334148625E+00
   2716.00    0.3335137799E+00
   2717.00    0.3336154130E+00
   2718.00    0.3337197842E+00
   2719.00    0.3338269157E+00
   2720.00    0.3339368304E+00
   2721.00    0.3340495513E+00
   2722.00    0.3341651019E+00
   2723.00    0.3342835058E+00
   2724.00    0.3344047871E+00
   2725.00    0.3345289702E+00
   2726.00    0.3346560799E+00
   2727.00    0.3347861411E+00
   2728.00    0.3349191794E+00
   2729.00    0.3350552206E+00
   2730.00    0.3351942907E+00
   2731.00    0.3353364164E+00
   2732.00    0.3354816246E+00
   2733.00    0.3356299425E+00
   2734.00    0.3357813979E+00
   2735.00    0.3359360188E+00
   2736.00    0.3360938337E+00
   2737.00    0.3362548716E+00
   2738.00    0.3364191617E+00
   2739.00    0.3365867339E+00
   2740.00    0.3367576181E+00
   2741.00    0.3369318452E+00
   2742.00    0.3371094461E+00
   2743.00    0.3372904523E+00
   2744.00    0.3374748959E+00
   2745.00    0.3376628092E+00
   2746.00    0.3378542253E+00
   2747.00    0.3380491774E+00
   2748.00    0.3382476995E+00
   2749.00    0.3384498260E+00
   2750.00    0.3386555918E+00
   2751.00    0.3388650324E+00
   2752.00    0.3390781836E+00
   2753.00    0.3392950821E+00
   2754.00    0.3395157649E+00
   2755.00    0.3397402695E+00
   2756.00    0.3399686341E+00
   2757.00    0.3402008976E+00
   2758.00    0.3404370992E+00
   2759.00    0.3406772789E+00
   2760.00    0.3409214772E+00
   2761.00    0.3411697353E+00
   2762.00    0.3414220950E+00
   2763.00    0.3416785987E+00
   2764.00    0.3419392896E+00
   2765.00    0.3422042115E+00
   2766.00    0.3424734086E+00
   2767.00    0.3427469263E+00
   2768.00    0.3430248104E+00
   2769.00    0.3433071073E+00
   2770.00    0.3435938644E+00
   2771.00    0.3438851298E+00
   2772.00    0.3441809522E+00
   2773.00    0.3444813812E+00
   2774.00    0.3447864672E+00
   2775.00    0.3450962613E+00
   2776.00    0.3454108155E+00
   2777.00    0.3457301826E+00
   2778.00    0.3460544163E+00
   2779.00    0.3463835711E+00
   2780.00    0.3467177024E+00
   2781.00    0.3470568666E+00
   2782.00    0.3474011208E+00
   2783.00    0.3477505233E+00
   2784.00    0.3481051331E+00
   2785.00    0.3484650103E+00
   2786.00    0.3488302161E+00
   2787.00    0.3492008126E+00
   2788.00    0.3495768628E+00
   2789.00    0.3499584309E+00
   2790.00    0.3503455823E+00
   2791.00    0.3507383832E+00
   2792.00    0.3511369012E+00
   2793.00    0.3515412048E+00
   2794.00    0.3519513639E+00
   2795.00    0.3523674493E+00
   2796.00    0.3527895334E+00
   2797.00    0.3532176894E+00
   2798.00    0.3536519922E+00
   2799.00    0.3540925176E+00
   2800.00    0.3545393429E+00
   2801.00    0.3549925468E+00
   2802.00    0.3554522093E+00
   2803.00    0.3559184119E+00
   2804.00    0.3563912372E+00
   2805.00    0.3568707697E+00
   2806.00    0.3573570952E+00
   2807.00    0.3578503009E+00
   2808.00    0.3583504758E+00
   2809.00    0.3588577103E+00
   2810.00    0.3593720965E+00
   2811.00    0.3598937282E+00
   2812.00    0.3604227009E+00
   2813.00    0.3609591118E+00
   2814.00    0.3615030598E+00
   2815.00    0.3620546458E+00
   2816.00    0.3626139724E+00
   2817.00    0.3631811442E+00
   2818.00    0.3637562676E+00
   2819.00    0.3643394512E+00
   2820.00    0.3649308054E+00
   2821.00    0.3655304428E+00
   2822.00    0.3661384782E+00
   2823.00    0.3667550284E+00
   2824.00    0.3673802125E+00
   2825.00    0.3680141519E+00
   2826.00    0.3686569703E+00
   2827.00    0.3693087939E+00
   2828.00    0.3699697510E+00
   2829.00    0.3706399729E+00
   2830.00    0.3713195929E+00
   2831.00    0.3720087475E+00
   2832.00    0.3727075753E+00
   2833.00    0.3734162182E+00
   2834.00    0.3741348204E+00
   2835.00    0.3748635293E+00
   2836.00    0.3756024952E+00
   2837.00    0.3763518714E+00
   2838.00    0.3771118142E+00
   2839.00    0.3778824833E+00
   2840.00    0.3786640413E+00
   2841.00    0.3794566546E+00
   2842.00    0.3802604926E+00
   2843.00    0.3810757284E+00
   2844.00    0.3819025388E+00
   2845.00    0.3827411039E+00
   2846.00    0.3835916081E+00
   2847.00    0.3844542392E+00
   2848.00    0.3853291892E+00
   2849.00    0.3862166544E+00
   2850.00    0.3871168348E+00
   2851.00    0.3880299350E+00
   2852.00    0.3889561641E+00
   2853.00    0.3898957354E+00
   2854.00    0.3908488672E+00
   2855.00    0.3918157824E+00
   2856.00    0.3927967088E+00
   2857.00    0.3937918792E+00
   2858.00    0.3948015317E+00
   2859.00    0.3958259097E+00
   2860.00    0.3968652618E+00
   2861.00    0.3979198427E+00
   2862.00    0.3989899123E+00
   2863.00    0.4000757370E+00
   2864.00    0.4011775888E+00
   2865.00    0.4022957463E+00
   2866.00    0.4034304944E+00
   2867.00    0.4045821246E+00
   2868.00    0.4057509354E+00
   2869.00    0.4069372321E+00
   2870.00    0.4081413274E+00
   2871.00    0.4093635413E+00
   2872.00    0.4106042016E+00
   2873.00    0.4118636437E+00
   2874.00    0.4131422115E+00
   2875.00    0.4144402571E+00
   2876.00    0.4157581409E+00
   2877.00    0.4170962326E+00
   2878.00    0.4184549109E+00
   2879.00    0.4198345638E+00
   2880.00    0.4212355892E+00
   2881.00    0.4226583947E+00
   2882.00    0.4241033985E+00
   2883.00    0.4255710294E+00
   2884.00    0.4270617271E+00
   2885.00    0.4285759426E+00
   2886.00    0.4301141386E+00
   2887.00    0.4316767900E+00
   2888.00    0.4332643839E+00
   2889.00    0.4348774205E+00
   2890.00    0.4365164131E+00
   2891.00    0.4381818889E+00
   2892.00    0.4398743889E+00
   2893.00    0.4415944691E+00
   2894.00    0.4433427005E+00
   2895.00    0.4451196697E+00
   2896.00    0.4469259795E+00
   2897.00    0.4487622495E+00
   2898.00    0.4506291164E+00
   2899.00    0.4525272350E+00
   2900.00    0.4544572785E+00
   2901.00    0.4564199393E+00
   2902.00    0.4584159297E+00
   2903.00    0.4604459824E+00
   2904.00    0.4625108516E+00
   2905.00    0.4646113135E+00
   2906.00    0.4667481671E+00
   2907.00    0.4689222350E+00
   2908.00    0.4711343647E+00
   2909.00    0.4733854289E+00
   2910.00    0.4756763268E+00
   2911.00    0.4780079852E+00
   2912.00    0.4803813591E+00
   2913.00    0.4827974334E+00
   2914.00    0.4852572234E+00
   2915.00    0.4877617765E+00
   2916.00    0.4903121731E+00
   2917.00    0.4929095282E+00
   2918.00    0.4955549926E+00
   2919.00    0.4982497543E+00
   2920.00    0.5009950400E+00
   2921.00    0.5037921169E+00
   2922.00    0.5066422941E+00
   2923.00    0.5095469244E+00
   2924.00    0.5125074062E+00
   2925.00    0.5155251853E+00
   2926.00    0.5186017570E+00
   2927.00    0.5217386682E+00
   2928.00    0.5249375196E+00
   2929.00    0.5281999679E+00
   2930.00    0.5315277286E+00
   2931.00    0.5349225783E+00
   2932.00    0.5383863574E+00
   2933.00    0.5419209731E+00
   2934.00    0.5455284026E+00
   2935.00    0.5492106959E+00
   2936.00    0.5529699794E+00
   2937.00    0.5568084594E+00
   2938.00    0.5607284259E+00
   2939.00    0.5647322566E+00
   2940.00    0.5688224210E+00
   2941.00    0.5730014847E+00
   2942.00    0.5772721146E+00
   2943.00    0.5816370834E+00
   2944.00    0.5860992748E+00
   2945.00    0.5906616897E+00
   2946.00    0.5953274515E+00
   2947.00    0.6000998127E+00
   2948.00    0.6049821614E+00
   2949.00    0.6099780286E+00
   2950.00    0.6150910955E+00
   2951.00    0.6203252020E+00
   2952.00    0.6256843546E+00
   2953.00    0.6311727360E+00
   2954.00    0.6367947144E+00
   2955.00    0.6425548544E+00
   2956.00    0.6484579276E+00
   2957.00    0.6545089245E+00
   2958.00    0.6607130672E+00
   2959.00    0.6670758228E+00
   2960.00    0.6736029181E+00
   2961.00    0.6803003547E+00
   2962.00    0.6871744260E+00
   2963.00    0.6942317348E+00
   2964.00    0.7014792124E+00
   2965.00    0.7089241394E+00
   2966.00    0.7165741677E+00
   2967.00    0.7244373443E+00
   2968.00    0.7325221372E+00
   2969.00    0.7408374630E+00
   2970.00    0.7493927168E+00
   2971.00    0.7581978048E+00
   2972.00    0.7672631793E+00
   2973.00    0.7765998764E+00
   2974.00    0.7862195576E+00
   2975.00    0.7961345542E+00
   2976.00    0.8063579162E+00
   2977.00    0.8169034649E+00
   2978.00    0.8277858506E+00
   2979.00    0.8390206156E+00
   2980.00    0.8506242630E+00
   2981.00    0.8626143314E+00
   2982.00    0.8750094776E+00
   2983.00    0.8878295664E+00
   2984.00    0.9010957702E+00
   2985.00    0.9148306779E+00
   2986.00    0.9290584146E+00
   2987.00    0.9438047748E+00
   2988.00    0.9590973684E+00
   2989.00    0.9749657834E+00
   2990.00    0.9914417652E+00
   2991.00    0.1008559417E+01
   2992.00    0.1026355423E+01
   2993.00    0.1044869294E+01
   2994.00    0.1064143650E+01
   2995.00    0.1084224524E+01
   2996.00    0.1105161718E+01
   2997.00    0.1127009192E+01
   2998.00    0.1149825505E+01
   2999.00    0.1173674322E+01
   3000.00    0.1198624974E+01
   3001.00    0.1224753108E+01
   3002.00    0.1252141422E+01
   3003.00    0.1280880504E+01
   3004.00    0.1311069796E+01
   3005.00    0.1342818705E+01
   3006.00    0.1376247882E+01
   3007.00    0.1411490705E+01
   3008.00    0.1448695006E+01
   3009.00    0.1488025082E+01
   3010.00    0.1529664061E+01
   3011.00    0.1573816676E+01
   3012.00    0.1620712559E+01
   3013.00    0.1670610151E+01
   3014.00    0.1723801376E+01
   3015.00    0.1780617257E+01
   3016.00    0.1841434710E+01
   3017.00    0.1906684803E+01
   3018.00    0.1976862876E+01
   3019.00    0.2052541020E+01
   3020.00    0.2134383587E+01
   3021.00    0.2223166619E+01
   3022.00    0.2319802390E+01
   3023.00    0.2425370676E+01
   3024.00    0.2541158944E+01
   3025.00    0.2668714428E+01
   3026.00    0.2809912090E+01
   3027.00    0.2967043643E+01
   3028.00    0.3142933818E+01
   3029.00    0.3341089489E+01
   3030.00    0.3565880578E+01
   3031.00    0.3822724925E+01
   3032.00    0.4118159920E+01
   3033.00    0.4459406825E+01
   3034.00    0.4852252370E+01
   3035.00    0.5294417030E+01
   3036.00    0.5762009326E+01
   3037.00    0.6210120203E+01
   3038.00    0.6657173634E+01
   3039.00    0.7264408473E+01
   3040.00    0.8186522481E+01
   3041.00    0.9484400317E+01
   3042.00    0.1119228420E+02
   3043.00    0.1329582715E+02
   3044.00    0.1553156044E+02
   3045.00    0.1709356045E+02
   3046.00    0.1700425179E+02
   3047.00    0.1537845980E+02
   3048.00    0.1323204582E+02
   3049.00    0.1125772340E+02
   3050.00    0.9644704779E+01
   3051.00    0.8368887243E+01
   3052.00    0.7359968601E+01
   3053.00    0.6553068581E+01
   3054.00    0.5898217184E+01
   3055.00    0.5358799970E+01
   3056.00    0.4908231426E+01
   3057.00    0.4527086148E+01
   3058.00    0.4200994924E+01
   3059.00    0.3919175022E+01
   3060.00    0.3673415502E+01
   3061.00    0.3457374466E+01
   3062.00    0.3266087612E+01
   3063.00    0.3095620246E+01
   3064.00    0.2942817539E+01
   3065.00    0.2805122833E+01
   3066.00    0.2680443711E+01
   3067.00    0.2567051995E+01
   3068.00    0.2463508191E+01
   3069.00    0.2368603741E+01
   3070.00    0.2281316408E+01
   3071.00    0.2200775451E+01
   3072.00    0.2126234177E+01
   3073.00    0.2057048099E+01
   3074.00    0.1992657382E+01
   3075.00    0.1932572618E+01
   3076.00    0.1876363157E+01
   3077.00    0.1823647452E+01
   3078.00    0.1774084958E+01
   3079.00    0.1727369225E+01
   3080.00    0.1683221927E+01
   3081.00    0.1641387549E+01
   3082.00    0.1601628572E+01
   3083.00    0.1563720950E+01
   3084.00    0.1527449763E+01
   3085.00    0.1492604955E+01
   3086.00    0.1458977217E+01
   3087.00    0.1426354382E+01
   3088.00    0.1394519483E+01
   3089.00    0.1363253517E+01
   3090.00    0.1332350749E+01
   3091.00    0.1301666442E+01
   3092.00    0.1271247737E+01
   3093.00    0.1241674993E+01
   3094.00    0.1214905573E+01
   3095.00    0.1196063555E+01
   3096.00    0.1195411271E+01
   3097.00    0.1222760936E+01
   3098.00    0.1265121393E+01
   3099.00    0.1288501836E+01
   3100.00    0.1282311590E+01
   3101.00    0.1259789053E+01
   3102.00    0.1235402844E+01
   3103.00    0.1222382413E+01
   3104.00    0.1237469333E+01
   3105.00    0.1292073465E+01
   3106.00    0.1362460889E+01
   3107.00    0.1404224303E+01
   3108.00    0.1409107734E+01
   3109.00    0.1394388426E+01
   3110.00    0.1373697504E+01
   3111.00    0.1353011251E+01
   3112.00    0.1334311799E+01
   3113.00    0.1318028096E+01
   3114.00    0.1304066496E+01
   3115.00    0.1292191849E+01
   3116.00    0.1282158512E+01
   3117.00    0.1273750228E+01
   3118.00    0.1266787941E+01
   3119.00    0.1261127157E+01
   3120.00    0.1256652615E+01
   3121.00    0.1253272938E+01
   3122.00    0.1250916052E+01
   3123.00    0.1249525503E+01
   3124.00    0.1249057574E+01
   3125.00    0.1249479048E+01
   3126.00    0.1250765500E+01
   3127.00    0.1252899984E+01
   3128.00    0.1255872029E+01
   3129.00    0.1259676890E+01
   3130.00    0.1264314976E+01
   3131.00    0.1269791442E+01
   3132.00    0.1276115892E+01
   3133.00    0.1283302194E+01
   3134.00    0.1291368372E+01
   3135.00    0.1300336575E+01
   3136.00    0.1310233104E+01
   3137.00    0.1321088509E+01
   3138.00    0.1332937725E+01
   3139.00    0.1345820272E+01
   3140.00    0.1359780501E+01
   3141.00    0.1374867883E+01
   3142.00    0.1391137355E+01
   3143.00    0.1408649709E+01
   3144.00    0.1427472030E+01
   3145.00    0.1447678174E+01
   3146.00    0.1469349292E+01
   3147.00    0.1492574379E+01
   3148.00    0.1517450846E+01
   3149.00    0.1544085082E+01
   3150.00    0.1572592979E+01
   3151.00    0.1603100369E+01
   3152.00    0.1635743288E+01
   3153.00    0.1670667969E+01
   3154.00    0.1708030397E+01
   3155.00    0.1747995237E+01
   3156.00    0.1790733865E+01
   3157.00    0.1836421283E+01
   3158.00    0.1885231841E+01
   3159.00    0.1937334392E+01
   3160.00    0.1992889567E+01
   3161.00    0.2052057591E+01
   3162.00    0.2115040691E+01
   3163.00    0.2182226715E+01
   3164.00    0.2254616959E+01
   3165.00    0.2335036929E+01
   3166.00    0.2431427701E+01
   3167.00    0.2565001305E+01
   3168.00    0.2784988515E+01
   3169.00    0.3168343652E+01
   3170.00    0.3733029612E+01
   3171.00    0.4340531277E+01
   3172.00    0.4863842996E+01
   3173.00    0.5329288033E+01
   3174.00    0.5816553217E+01
   3175.00    0.6390346841E+01
   3176.00    0.7103165862E+01
   3177.00    0.8009041257E+01
   3178.00    0.9169485665E+01
   3179.00    0.1064060338E+02
   3180.00    0.1240579214E+02
   3181.00    0.1418565420E+02
   3182.00    0.1522162764E+02
   3183.00    0.1475023649E+02
   3184.00    0.1306190557E+02
   3185.00    0.1107329137E+02
   3186.00    0.9317759479E+01
   3187.00    0.7909800152E+01
   3188.00    0.6806971518E+01
   3189.00    0.5940113757E+01
   3190.00    0.5249871815E+01
   3191.00    0.4691716703E+01
   3192.00    0.4233427123E+01
   3193.00    0.3851769087E+01
   3194.00    0.3529838411E+01
   3195.00    0.3255166668E+01
   3196.00    0.3018416752E+01
   3197.00    0.2812489555E+01
   3198.00    0.2631908329E+01
   3199.00    0.2472389523E+01
   3200.00    0.2330539518E+01
   3201.00    0.2203637228E+01
   3202.00    0.2089475995E+01
   3203.00    0.1986246956E+01
   3204.00    0.1892451791E+01
   3205.00    0.1806836520E+01
   3206.00    0.1728340536E+01
   3207.00    0.1656056745E+01
   3208.00    0.1589199867E+01
   3209.00    0.1527080709E+01
   3210.00    0.1469084880E+01
   3211.00    0.1414654838E+01
   3212.00    0.1363274733E+01
   3213.00    0.1314458282E+01
   3214.00    0.1267741480E+01
   3215.00    0.1222685486E+01
   3216.00    0.1178903402E+01
   3217.00    0.1136145356E+01
   3218.00    0.1094528158E+01
   3219.00    0.1055125444E+01
   3220.00    0.1021435859E+01
   3221.00    0.1002742954E+01
   3222.00    0.1019702449E+01
   3223.00    0.1102348689E+01
   3224.00    0.1247820093E+01
   3225.00    0.1377702231E+01
   3226.00    0.1432478966E+01
   3227.00    0.1431254972E+01
   3228.00    0.1408488308E+01
   3229.00    0.1382696701E+01
   3230.00    0.1360733340E+01
   3231.00    0.1344210318E+01
   3232.00    0.1332088302E+01
   3233.00    0.1320682699E+01
   3234.00    0.1303380532E+01
   3235.00    0.1276719340E+01
   3236.00    0.1252642883E+01
   3237.00    0.1247541897E+01
   3238.00    0.1262903969E+01
   3239.00    0.1293374726E+01
   3240.00    0.1335990476E+01
   3241.00    0.1390881677E+01
   3242.00    0.1460232539E+01
   3243.00    0.1547790892E+01
   3244.00    0.1658814181E+01
   3245.00    0.1799925493E+01
   3246.00    0.1977524707E+01
   3247.00    0.2189825540E+01
   3248.00    0.2399217498E+01
   3249.00    0.2490278729E+01
   3250.00    0.2331269916E+01
   3251.00    0.1962645656E+01
   3252.00    0.1552983171E+01
   3253.00    0.1204497100E+01
   3254.00    0.9348102754E+00
   3255.00    0.7306643115E+00
   3256.00    0.5752999353E+00
   3257.00    0.4553727060E+00
   3258.00    0.3613477417E+00
   3259.00    0.2865995775E+00
   3260.00    0.2265439582E+00
   3261.00    0.1780227022E+00
   3262.00    0.1389192520E+00
   3263.00    0.1079548803E+00
   3264.00    0.8461145374E-01
   3265.00    0.6902511614E-01
   3266.00    0.6141845104E-01
   3267.00    0.6092188779E-01
   3268.00    0.6527841331E-01
   3269.00    0.7211912219E-01
   3270.00    0.7986864654E-01
   3271.00    0.8768997917E-01
   3272.00    0.9518454957E-01
   3273.00    0.1021803659E+00
   3274.00    0.1086181279E+00
   3275.00    0.1144938581E+00
   3276.00    0.1198300921E+00
   3277.00    0.1246612198E+00
   3278.00    0.1290259452E+00
   3279.00    0.1329634098E+00
   3280.00    0.1365112463E+00
   3281.00    0.1397046653E+00
   3282.00    0.1425760988E+00
   3283.00    0.1451551423E+00
   3284.00    0.1474686530E+00
   3285.00    0.1495409248E+00
   3286.00    0.1513938943E+00
   3287.00    0.1530473547E+00
   3288.00    0.1545191639E+00
   3289.00    0.1558254391E+00
   3290.00    0.1569807365E+00
   3291.00    0.1579982132E+00
   3292.00    0.1588897742E+00
   3293.00    0.1596662030E+00
   3294.00    0.1603372783E+00
   3295.00    0.1609118779E+00
   3296.00    0.1613980717E+00
   3297.00    0.1618032029E+00
   3298.00    0.1621339618E+00
   3299.00    0.1623964505E+00
   3300.00    0.1625962408E+00
   3301.00    0.1627384257E+00
   3302.00    0.1628276656E+00
   3303.00    0.1628682287E+00
   3304.00    0.1628640288E+00
   3305.00    0.1628186570E+00
   3306.00    0.1627354121E+00
   3307.00    0.1626173266E+00
   3308.00    0.1624671906E+00
   3309.00    0.1622875731E+00
   3310.00    0.1620808414E+00
   3311.00    0.1618491784E+00
   3312.00    0.1615945987E+00
   3313.00    0.1613189621E+00
   3314.00    0.1610239873E+00
   3315.00    0.1607112629E+00
   3316.00    0.1603822586E+00
   3317.00    0.1600383343E+00
   3318.00    0.1596807493E+00
   3319.00    0.1593106700E+00
   3320.00    0.1589291773E+00
   3321.00    0.1585372736E+00
   3322.00    0.1581358880E+00
   3323.00    0.1577258829E+00
   3324.00    0.1573080583E+00
   3325.00    0.1568831569E+00
   3326.00    0.1564518681E+00
   3327.00    0.1560148324E+00
   3328.00    0.1555726442E+00
   3329.00    0.1551258561E+00
   3330.00    0.1546749810E+00
   3331.00    0.1542204958E+00
   3332.00    0.1537628432E+00
   3333.00    0.1533024347E+00
   3334.00    0.1528396525E+00
   3335.00    0.1523748515E+00
   3336.00    0.1519083615E+00
   3337.00    0.1514404885E+00
   3338.00    0.1509715168E+00
   3339.00    0.1505017100E+00
   3340.00    0.1500313128E+00
   3341.00    0.1495605521E+00
   3342.00    0.1490896382E+00
   3343.00    0.1486187659E+00
   3344.00    0.1481481155E+00
   3345.00    0.1476778540E+00
   3346.00    0.1472081356E+00
   3347.00    0.1467391029E+00
   3348.00    0.1462708872E+00
   3349.00    0.1458036099E+00
   3350.00    0.1453373824E+00
   3351.00    0.1448723075E+00
   3352.00    0.1444084792E+00
   3353.00    0.1439459839E+00
   3354.00    0.1434849005E+00
   3355.00    0.1430253011E+00
   3356.00    0.1425672513E+00
   3357.00    0.1421108105E+00
   3358.00    0.1416560327E+00
   3359.00    0.1412029666E+00
   3360.00    0.1407516557E+00
   3361.00    0.1403021391E+00
   3362.00    0.1398544514E+00
   3363.00    0.1394086232E+00
   3364.00    0.1389646814E+00
   3365.00    0.1385226490E+00
   3366.00    0.1380825461E+00
   3367.00    0.1376443893E+00
   3368.00    0.1372081925E+00
   3369.00    0.1367739668E+00
   3370.00    0.1363417206E+00
   3371.00    0.1359114601E+00
   3372.00    0.1354831892E+00
   3373.00    0.1350569097E+00
   3374.00    0.1346326213E+00
   3375.00    0.1342103221E+00
   3376.00    0.1337900082E+00
   3377.00    0.1333716744E+00
   3378.00    0.1329553139E+00
   3379.00    0.1325409184E+00
   3380.00    0.1321284783E+00
   3381.00    0.1317179830E+00
   3382.00    0.1313094205E+00
   3383.00    0.1309027780E+00
   3384.00    0.1304980414E+00
   3385.00    0.1300951960E+00
   3386.00    0.1296942260E+00
   3387.00    0.1292951151E+00
   3388.00    0.1288978460E+00
   3389.00    0.1285024008E+00
   3390.00    0.1281087610E+00
   3391.00    0.1277169075E+00
   3392.00    0.1273268207E+00
   3393.00    0.1269384804E+00
   3394.00    0.1265518661E+00
   3395.00    0.1261669568E+00
   3396.00    0.1257837311E+00
   3397.00    0.1254021672E+00
   3398.00    0.1250222430E+00
   3399.00    0.1246439362E+00
   3400.00    0.1242672242E+00
   3401.00    0.1238920840E+00
   3402.00    0.1235184926E+00
   3403.00    0.1231464266E+00
   3404.00    0.1227758627E+00
   3405.00    0.1224067770E+00
   3406.00    0.1220391459E+00
   3407.00    0.1216729455E+00
   3408.00    0.1213081517E+00
   3409.00    0.1209447404E+00
   3410.00    0.1205826874E+00
   3411.00    0.1202219685E+00
   3412.00    0.1198625594E+00
   3413.00    0.1195044355E+00
   3414.00    0.1191475727E+00
   3415.00    0.1187919464E+00
   3416.00    0.1184375321E+00
   3417.00    0.1180843055E+00
   3418.00    0.1177322420E+00
   3419.00    0.1173813172E+00
   3420.00    0.1170315066E+00
   3421.00    0.1166827858E+00
   3422.00    0.1163351304E+00
   3423.00    0.1159885160E+00
   3424.00    0.1156429182E+00
   3425.00    0.1152983127E+00
   3426.00    0.1149546751E+00
   3427.00    0.1146119813E+00
   3428.00    0.1142702071E+00
   3429.00    0.1139293281E+00
   3430.00    0.1135893204E+00
   3431.00    0.1132501598E+00
   3432.00    0.1129118223E+00
   3433.00    0.1125742840E+00
   3434.00    0.1122375209E+00
   3435.00    0.1119015091E+00
   3436.00    0.1115662248E+00
   3437.00    0.1112316442E+00
   3438.00    0.1108977436E+00
   3439.00    0.1105644993E+00
   3440.00    0.1102318877E+00
   3441.00    0.1098998853E+00
   3442.00    0.1095684685E+00
   3443.00    0.1092376138E+00
   3444.00    0.1089072978E+00
   3445.00    0.1085774971E+00
   3446.00    0.1082481883E+00
   3447.00    0.1079193483E+00
   3448.00    0.1075909537E+00
   3449.00    0.1072629812E+00
   3450.00    0.1069354078E+00
   3451.00    0.1066082102E+00
   3452.00    0.1062813654E+00
   3453.00    0.1059548502E+00
   3454.00    0.1056286415E+00
   3455.00    0.1053027165E+00
   3456.00    0.1049770519E+00
   3457.00    0.1046516249E+00
   3458.00    0.1043264124E+00
   3459.00    0.1040013915E+00
   3460.00    0.1036765393E+00
   3461.00    0.1033518326E+00
   3462.00    0.1030272487E+00
   3463.00    0.1027027645E+00
   3464.00    0.1023783572E+00
   3465.00    0.1020540036E+00
   3466.00    0.1017296810E+00
   3467.00    0.1014053662E+00
   3468.00    0.1010810363E+00
   3469.00    0.1007566683E+00
   3470.00    0.1004322391E+00
   3471.00    0.1001077256E+00
   3472.00    0.9978310473E-01
   3473.00    0.9945835333E-01
   3474.00    0.9913344821E-01
   3475.00    0.9880836614E-01
   3476.00    0.9848308383E-01
   3477.00    0.9815757794E-01
   3478.00    0.9783182508E-01
   3479.00    0.9750580178E-01
   3480.00    0.9717948452E-01
   3481.00    0.9685284970E-01
   3482.00    0.9652587365E-01
   3483.00    0.9619853260E-01
   3484.00    0.9587080271E-01
   3485.00    0.9554266004E-01
   3486.00    0.9521408057E-01
   3487.00    0.9488504017E-01
   3488.00    0.9455551459E-01
   3489.00    0.9422547948E-01
   3490.00    0.9389491038E-01
   3491.00    0.9356378269E-01
   3492.00    0.9323207171E-01
   3493.00    0.9289975256E-01
   3494.00    0.9256680028E-01
   3495.00    0.9223318971E-01
   3496.00    0.9189889558E-01
   3497.00    0.9156389244E-01
   3498.00    0.9122815468E-01
   3499.00    0.9089165653E-01
   3500.00    0.9055437204E-01
   3501.00    0.9021627508E-01
   3502.00    0.8987733932E-01
   3503.00    0.8953753825E-01
   3504.00    0.8919684516E-01
   3505.00    0.8885523311E-01
   3506.00    0.8851267497E-01
   3507.00    0.8816914337E-01
   3508.00    0.8782461073E-01
   3509.00    0.8747904920E-01
   3510.00    0.8713243071E-01
   3511.00    0.8678472694E-01
   3512.00    0.8643590929E-01
   3513.00    0.8608594891E-01
   3514.00    0.8573481667E-01
   3515.00    0.8538248315E-01
   3516.00    0.8502891864E-01
   3517.00    0.8467409312E-01
   3518.00    0.8431797627E-01
   3519.00    0.8396053745E-01
   3520.00    0.8360174568E-01
   3521.00    0.8324156966E-01
   3522.00    0.8287997773E-01
   3523.00    0.8251693787E-01
   3524.00    0.8215241769E-01
   3525.00    0.8178638443E-01
   3526.00    0.8141880495E-01
   3527.00    0.8104964570E-01
   3528.00    0.8067887270E-01
   3529.00    0.8030645159E-01
   3530.00    0.7993234756E-01
   3531.00    0.7955652533E-01
   3532.00    0.7917894920E-01
   3533.00    0.7879958299E-01
   3534.00    0.7841839002E-01
   3535.00    0.7803533315E-01
   3536.00    0.7765037470E-01
   3537.00    0.7726347649E-01
   3538.00    0.7687459979E-01
   3539.00    0.7648370535E-01
   3540.00    0.7609075331E-01
   3541.00    0.7569570328E-01
   3542.00    0.7529851424E-01
   3543.00    0.7489914459E-01
   3544.00    0.7449755208E-01
   3545.00    0.7409369383E-01
   3546.00    0.7368752630E-01
   3547.00    0.7327900528E-01
   3548.00    0.7286808586E-01
   3549.00    0.7245472243E-01
   3550.00    0.7203886861E-01
   3551.00    0.7162047733E-01
   3552.00    0.7119950071E-01
   3553.00    0.7077589009E-01
   3554.00    0.7034959599E-01
   3555.00    0.6992056813E-01
   3556.00    0.6948875535E-01
   3557.00    0.6905410560E-01
   3558.00    0.6861656597E-01
   3559.00    0.6817608261E-01
   3560.00    0.6773260070E-01
   3561.00    0.6728606447E-01
   3562.00    0.6683641716E-01
   3563.00    0.6638360097E-01
   3564.00    0.6592755703E-01
   3565.00    0.6546822544E-01
   3566.00    0.6500554513E-01
   3567.00    0.6453945394E-01
   3568.00    0.6406988850E-01
   3569.00    0.6359678428E-01
   3570.00    0.6312007549E-01
   3571.00    0.6263969506E-01
   3572.00    0.6215557466E-01
   3573.00    0.6166764458E-01
   3574.00    0.6117583376E-01
   3575.00    0.6068006973E-01
   3576.00    0.6018027857E-01
   3577.00    0.5967638486E-01
   3578.00    0.5916831166E-01
   3579.00    0.5865598046E-01
   3580.00    0.5813931114E-01
   3581.00    0.5761822190E-01
   3582.00    0.5709262927E-01
   3583.00    0.5656244800E-01
   3584.00    0.5602759105E-01
   3585.00    0.5548796953E-01
   3586.00    0.5494349266E-01
   3587.00    0.5439406770E-01
   3588.00    0.5383959989E-01
   3589.00    0.5327999245E-01
   3590.00    0.5271514643E-01
   3591.00    0.5214496075E-01
   3592.00    0.5156933206E-01
   3593.00    0.5098815473E-01
   3594.00    0.5040132078E-01
   3595.00    0.4980871978E-01
   3596.00    0.4921023885E-01
   3597.00    0.4860576253E-01
   3598.00    0.4799517273E-01
   3599.00    0.4737834871E-01
   3600.00    0.4675516692E-01
   3601.00    0.4612550104E-01
   3602.00    0.4548922180E-01
   3603.00    0.4484619698E-01
   3604.00    0.4419629133E-01
   3605.00    0.4353936647E-01
   3606.00    0.4287528087E-01
   3607.00    0.4220388973E-01
   3608.00    0.4152504494E-01
   3609.00    0.4083859506E-01
   3610.00    0.4014438518E-01
   3611.00    0.3944225694E-01
   3612.00    0.3873204847E-01
   3613.00    0.3801359435E-01
   3614.00    0.3728672559E-01
   3615.00    0.3655126966E-01
   3616.00    0.3580705046E-01
   3617.00    0.3505388840E-01
   3618.00    0.3429160047E-01
   3619.00    0.3352000034E-01
   3620.00    0.3273889853E-01
   3621.00    0.3194810264E-01
   3622.00    0.3114741765E-01
   3623.00    0.3033664630E-01
   3624.00    0.2951558961E-01
   3625.00    0.2868404757E-01
   3626.00    0.2784181998E-01
   3627.00    0.2698870756E-01
   3628.00    0.2612451340E-01
   3629.00    0.2524904482E-01
   3630.00    0.2436211573E-01
   3631.00    0.2346354982E-01
   3632.00    0.2255318457E-01
   3633.00    0.2163087673E-01
   3634.00    0.2069650950E-01
   3635.00    0.1975000214E-01
   3636.00    0.1879132320E-01
   3637.00    0.1782050863E-01
   3638.00    0.1683768713E-01
   3639.00    0.1584311626E-01
   3640.00    0.1483723480E-01
   3641.00    0.1382074027E-01
   3642.00    0.1279470652E-01
   3643.00    0.1176076708E-01
   3644.00    0.1072140933E-01
   3645.00    0.9680462577E-02
   3646.00    0.8643936591E-02
   3647.00    0.7621514238E-02
   3648.00    0.6629289969E-02
   3649.00    0.5694846446E-02
   3650.00    0.4866200453E-02
   3651.00    0.4224018742E-02
   3652.00    0.3882770948E-02
   3653.00    0.3942957235E-02
   3654.00    0.4408073239E-02
   3655.00    0.5187906871E-02
   3656.00    0.6180076564E-02
   3657.00    0.7312735805E-02
   3658.00    0.8543006274E-02
   3659.00    0.9846178292E-02
   3660.00    0.1120786067E-01
   3661.00    0.1261949910E-01
   3662.00    0.1407593637E-01
   3663.00    0.1557407038E-01
   3664.00    0.1711209425E-01
   3665.00    0.1868905122E-01
   3666.00    0.2030456527E-01
   3667.00    0.2195867304E-01
   3668.00    0.2365171622E-01
   3669.00    0.2538427121E-01
   3670.00    0.2715710222E-01
   3671.00    0.2897112990E-01
   3672.00    0.3082741006E-01
   3673.00    0.3272711961E-01
   3674.00    0.3467154731E-01
   3675.00    0.3666208820E-01
   3676.00    0.3870024063E-01
   3677.00    0.4078760534E-01
   3678.00    0.4292588615E-01
   3679.00    0.4511689193E-01
   3680.00    0.4736253975E-01
   3681.00    0.4966485890E-01
   3682.00    0.5202599593E-01
   3683.00    0.5444822043E-01
   3684.00    0.5693393171E-01
   3685.00    0.5948566628E-01
   3686.00    0.6210610614E-01
   3687.00    0.6479808804E-01
   3688.00    0.6756461356E-01
   3689.00    0.7040886031E-01
   3690.00    0.7333419408E-01
   3691.00    0.7634418227E-01
   3692.00    0.7944260849E-01
   3693.00    0.8263348862E-01
   3694.00    0.8592108836E-01
   3695.00    0.8930994254E-01
   3696.00    0.9280487620E-01
   3697.00    0.9641102783E-01
   3698.00    0.1001338749E+00
   3699.00    0.1039792618E+00
   3700.00    0.1079534312E+00
   3701.00    0.1120630578E+00
   3702.00    0.1163152863E+00
   3703.00    0.1207177733E+00
   3704.00    0.1252787338E+00
   3705.00    0.1300069925E+00
   3706.00    0.1349120415E+00
   3707.00    0.1400041042E+00
   3708.00    0.1452942070E+00
   3709.00    0.1507942593E+00
   3710.00    0.1565171434E+00
   3711.00    0.1624768158E+00
   3712.00    0.1686884209E+00
   3713.00    0.1751684202E+00
   3714.00    0.1819347380E+00
   3715.00    0.1890069268E+00
   3716.00    0.1964063567E+00
   3717.00    0.2041564300E+00
   3718.00    0.2122828287E+00
   3719.00    0.2208137980E+00
   3720.00    0.2297804726E+00
   3721.00    0.2392172553E+00
   3722.00    0.2491622554E+00
   3723.00    0.2596577998E+00
   3724.00    0.2707510310E+00
   3725.00    0.2824946083E+00
   3726.00    0.2949475362E+00
   3727.00    0.3081761447E+00
   3728.00    0.3222552569E+00
   3729.00    0.3372695850E+00
   3730.00    0.3533154113E+00
   3731.00    0.3705026191E+00
   3732.00    0.3889571667E+00
   3733.00    0.4088241152E+00
   3734.00    0.4302713632E+00
   3735.00    0.4534942843E+00
   3736.00    0.4787215304E+00
   3737.00    0.5062223551E+00
   3738.00    0.5363159336E+00
   3739.00    0.5693833371E+00
   3740.00    0.6058830714E+00
   3741.00    0.6463714558E+00
   3742.00    0.6915296577E+00
   3743.00    0.7421999939E+00
   3744.00    0.7994353057E+00
   3745.00    0.8645670301E+00
   3746.00    0.9393003663E+00
   3747.00    0.1025849202E+01
   3748.00    0.1127129963E+01
   3749.00    0.1247043179E+01
   3750.00    0.1390884515E+01
   3751.00    0.1565939932E+01
   3752.00    0.1782312865E+01
   3753.00    0.2053926007E+01
   3754.00    0.2399144378E+01
   3755.00    0.2838592203E+01
   3756.00    0.3381795927E+01
   3757.00    0.3982428544E+01
   3758.00    0.4458573100E+01
   3759.00    0.4536707008E+01
   3760.00    0.4176677810E+01
   3761.00    0.3628034115E+01
   3762.00    0.3100614126E+01
   3763.00    0.2663404920E+01
   3764.00    0.2316401932E+01
   3765.00    0.2042197585E+01
   3766.00    0.1823386616E+01
   3767.00    0.1646270946E+01
   3768.00    0.1500747863E+01
   3769.00    0.1379474342E+01
   3770.00    0.1277091792E+01
   3771.00    0.1189645303E+01
   3772.00    0.1114174946E+01
   3773.00    0.1048433023E+01
   3774.00    0.9906882893E+00
   3775.00    0.9395892487E+00
   3776.00    0.8940675386E+00
   3777.00    0.8532687543E+00
   3778.00    0.8165022409E+00
   3779.00    0.7832041724E+00
   3780.00    0.7529100556E+00
   3781.00    0.7252340048E+00
   3782.00    0.6998529445E+00
   3783.00    0.6764944374E+00
   3784.00    0.6549272150E+00
   3785.00    0.6349537388E+00
   3786.00    0.6164043076E+00
   3787.00    0.5991323503E+00
   3788.00    0.5830106371E+00
   3789.00    0.5679282074E+00
   3790.00    0.5537878628E+00
   3791.00    0.5405041067E+00
   3792.00    0.5280014429E+00
   3793.00    0.5162129603E+00
   3794.00    0.5050791509E+00
   3795.00    0.4945469174E+00
   3796.00    0.4845687352E+00
   3797.00    0.4751019425E+00
   3798.00    0.4661081353E+00
   3799.00    0.4575526511E+00
   3800.00    0.4494041252E+00
   3801.00    0.4416341085E+00
   3802.00    0.4342167373E+00
   3803.00    0.4271284467E+00
   3804.00    0.4203477217E+00
   3805.00    0.4138548790E+00
   3806.00    0.4076318768E+00
   3807.00    0.4016621476E+00
   3808.00    0.3959304507E+00
   3809.00    0.3904227423E+00
   3810.00    0.3851260604E+00
   3811.00    0.3800284231E+00
   3812.00    0.3751187373E+00
   3813.00    0.3703867184E+00
   3814.00    0.3658228176E+00
   3815.00    0.3614181579E+00
   3816.00    0.3571644756E+00
   3817.00    0.3530540686E+00
   3818.00    0.3490797496E+00
   3819.00    0.3452348035E+00
   3820.00    0.3415129497E+00
   3821.00    0.3379083072E+00
   3822.00    0.3344153637E+00
   3823.00    0.3310289469E+00
   3824.00    0.3277441989E+00
   3825.00    0.3245565525E+00
   3826.00    0.3214617100E+00
   3827.00    0.3184556234E+00
   3828.00    0.3155344770E+00
   3829.00    0.3126946702E+00
   3830.00    0.3099328035E+00
   3831.00    0.3072456637E+00
   3832.00    0.3046302123E+00
   3833.00    0.3020835730E+00
   3834.00    0.2996030215E+00
   3835.00    0.2971859752E+00
   3836.00    0.2948299847E+00
   3837.00    0.2925327246E+00
   3838.00    0.2902919864E+00
   3839.00    0.2881056709E+00
   3840.00    0.2859717816E+00
   3841.00    0.2838884184E+00
   3842.00    0.2818537722E+00
   3843.00    0.2798661190E+00
   3844.00    0.2779238154E+00
   3845.00    0.2760252938E+00
   3846.00    0.2741690580E+00
   3847.00    0.2723536792E+00
   3848.00    0.2705777924E+00
   3849.00    0.2688400927E+00
   3850.00    0.2671393321E+00
   3851.00    0.2654743165E+00
   3852.00    0.2638439027E+00
   3853.00    0.2622469959E+00
   3854.00    0.2606825467E+00
   3855.00    0.2591495496E+00
   3856.00    0.2576470398E+00
   3857.00    0.2561740919E+00
   3858.00    0.2547298175E+00
   3859.00    0.2533133636E+00
   3860.00    0.2519239104E+00
   3861.00    0.2505606705E+00
   3862.00    0.2492228866E+00
   3863.00    0.2479098303E+00
   3864.00    0.2466208008E+00
   3865.00    0.2453551238E+00
   3866.00    0.2441121496E+00
   3867.00    0.2428912528E+00
   3868.00    0.2416918307E+00
   3869.00    0.2405133022E+00
   3870.00    0.2393551071E+00
   3871.00    0.2382167053E+00
   3872.00    0.2370975755E+00
   3873.00    0.2359972145E+00
   3874.00    0.2349151366E+00
   3875.00    0.2338508728E+00
   3876.00    0.2328039700E+00
   3877.00    0.2317739903E+00
   3878.00    0.2307605105E+00
   3879.00    0.2297631214E+00
   3880.00    0.2287814273E+00
   3881.00    0.2278150454E+00
   3882.00    0.2268636051E+00
   3883.00    0.2259267479E+00
   3884.00    0.2250041267E+00
   3885.00    0.2240954052E+00
   3886.00    0.2232002577E+00
   3887.00    0.2223183688E+00
   3888.00    0.2214494325E+00
   3889.00    0.2205931524E+00
   3890.00    0.2197492411E+00
   3891.00    0.2189174197E+00
   3892.00    0.2180974178E+00
   3893.00    0.2172889730E+00
   3894.00    0.2164918306E+00
   3895.00    0.2157057433E+00
   3896.00    0.2149304711E+00
   3897.00    0.2141657809E+00
   3898.00    0.2134114462E+00
   3899.00    0.2126672469E+00
   3900.00    0.2119329693E+00
   3901.00    0.2112084056E+00
   3902.00    0.2104933537E+00
   3903.00    0.2097876171E+00
   3904.00    0.2090910048E+00
   3905.00    0.2084033310E+00
   3906.00    0.2077244148E+00
   3907.00    0.2070540802E+00
   3908.00    0.2063921561E+00
   3909.00    0.2057384757E+00
   3910.00    0.2050928767E+00
   3911.00    0.2044552011E+00
   3912.00    0.2038252948E+00
   3913.00    0.2032030079E+00
   3914.00    0.2025881943E+00
   3915.00    0.2019807116E+00
   3916.00    0.2013804211E+00
   3917.00    0.2007871873E+00
   3918.00    0.2002008785E+00
   3919.00    0.1996213660E+00
   3920.00    0.1990485244E+00
   3921.00    0.1984822314E+00
   3922.00    0.1979223675E+00
   3923.00    0.1973688163E+00
   3924.00    0.1968214641E+00
   3925.00    0.1962802001E+00
   3926.00    0.1957449159E+00
   3927.00    0.1952155059E+00
   3928.00    0.1946918667E+00
   3929.00    0.1941738976E+00
   3930.00    0.1936615001E+00
   3931.00    0.1931545781E+00
   3932.00    0.1926530375E+00
   3933.00    0.1921567866E+00
   3934.00    0.1916657355E+00
   3935.00    0.1911797967E+00
   3936.00    0.1906988844E+00
   3937.00    0.1902229148E+00
   3938.00    0.1897518059E+00
   3939.00    0.1892854775E+00
   3940.00    0.1888238515E+00
   3941.00    0.1883668509E+00
   3942.00    0.1879144010E+00
   3943.00    0.1874664283E+00
   3944.00    0.1870228611E+00
   3945.00    0.1865836290E+00
   3946.00    0.1861486633E+00
   3947.00    0.1857178968E+00
   3948.00    0.1852912636E+00
   3949.00    0.1848686991E+00
   3950.00    0.1844501402E+00
   3951.00    0.1840355251E+00
   3952.00    0.1836247932E+00
   3953.00    0.1832178851E+00
   3954.00    0.1828147428E+00
   3955.00    0.1824153093E+00
   3956.00    0.1820195288E+00
   3957.00    0.1816273468E+00
   3958.00    0.1812387095E+00
   3959.00    0.1808535646E+00
   3960.00    0.1804718605E+00
   3961.00    0.1800935468E+00
   3962.00    0.1797185740E+00
   3963.00    0.1793468937E+00
   3964.00    0.1789784583E+00
   3965.00    0.1786132212E+00
   3966.00    0.1782511366E+00
   3967.00    0.1778921597E+00
   3968.00    0.1775362465E+00
   3969.00    0.1771833538E+00
   3970.00    0.1768334392E+00
   3971.00    0.1764864612E+00
   3972.00    0.1761423791E+00
   3973.00    0.1758011527E+00
   3974.00    0.1754627428E+00
   3975.00    0.1751271109E+00
   3976.00    0.1747942191E+00
   3977.00    0.1744640302E+00
   3978.00    0.1741365077E+00
   3979.00    0.1738116159E+00
   3980.00    0.1734893195E+00
   3981.00    0.1731695841E+00
   3982.00    0.1728523755E+00
   3983.00    0.1725376606E+00
   3984.00    0.1722254067E+00
   3985.00    0.1719155814E+00
   3986.00    0.1716081533E+00
   3987.00    0.1713030913E+00
   3988.00    0.1710003648E+00
   3989.00    0.1706999440E+00
   3990.00    0.1704017993E+00
   3991.00    0.1701059018E+00
   3992.00    0.1698122230E+00
   3993.00    0.1695207349E+00
   3994.00    0.1692314101E+00
   3995.00    0.1689442215E+00
   3996.00    0.1686591425E+00
   3997.00    0.1683761470E+00
   3998.00    0.1680952092E+00
   3999.00    0.1678163039E+00
   4000.00    0.1675394063E+00
