Frequencies(cm-1)    polar_2nd_xyy        
   1000.00    0.1247467623E-03
   1001.00    0.1330636567E-03
   1002.00    0.1358621243E-03
   1003.00    0.1382186647E-03
   1004.00    0.1415317175E-03
   1005.00    0.1454177775E-03
   1006.00    0.1494723309E-03
   1007.00    0.1534996430E-03
   1008.00    0.1574214844E-03
   1009.00    0.1612097632E-03
   1010.00    0.1648563054E-03
   1011.00    0.1683606144E-03
   1012.00    0.1717249580E-03
   1013.00    0.1749523470E-03
   1014.00    0.1780456635E-03
   1015.00    0.1810072566E-03
   1016.00    0.1838387264E-03
   1017.00    0.1865407839E-03
   1018.00    0.1891131309E-03
   1019.00    0.1915543369E-03
   1020.00    0.1938616963E-03
   1021.00    0.1960310535E-03
   1022.00    0.1980565849E-03
   1023.00    0.1999305246E-03
   1024.00    0.2016428199E-03
   1025.00    0.2031806984E-03
   1026.00    0.2045281303E-03
   1027.00    0.2056651744E-03
   1028.00    0.2065672126E-03
   1029.00    0.2072041330E-03
   1030.00    0.2075396617E-03
   1031.00    0.2075313862E-03
   1032.00    0.2071328892E-03
   1033.00    0.2063016036E-03
   1034.00    0.2050216089E-03
   1035.00    0.2033648334E-03
   1036.00    0.2016481299E-03
   1037.00    0.2008043686E-03
   1038.00    0.2030480592E-03
   1039.00    0.2119642741E-03
   1040.00    0.2285396771E-03
   1041.00    0.2450648481E-03
   1042.00    0.2531305382E-03
   1043.00    0.2542154308E-03
   1044.00    0.2549917576E-03
   1045.00    0.2632458740E-03
   1046.00    0.2857513825E-03
   1047.00    0.3185800941E-03
   1048.00    0.3443429278E-03
   1049.00    0.3538410488E-03
   1050.00    0.3522152501E-03
   1051.00    0.3460629485E-03
   1052.00    0.3386959733E-03
   1053.00    0.3312960927E-03
   1054.00    0.3242369150E-03
   1055.00    0.3178353008E-03
   1056.00    0.3129957404E-03
   1057.00    0.3122628678E-03
   1058.00    0.3214679777E-03
   1059.00    0.3493865968E-03
   1060.00    0.3971788437E-03
   1061.00    0.4453340002E-03
   1062.00    0.4739654433E-03
   1063.00    0.4850095631E-03
   1064.00    0.4886110257E-03
   1065.00    0.4914027778E-03
   1066.00    0.4965033080E-03
   1067.00    0.5055441960E-03
   1068.00    0.5198815019E-03
   1069.00    0.5412565564E-03
   1070.00    0.5723473260E-03
   1071.00    0.6175293491E-03
   1072.00    0.6841976667E-03
   1073.00    0.7852165507E-03
   1074.00    0.9434950018E-03
   1075.00    0.1200315208E-02
   1076.00    0.1629209712E-02
   1077.00    0.2352268830E-02
   1078.00    0.3523953531E-02
   1079.00    0.5145175216E-02
   1080.00    0.6620447517E-02
   1081.00    0.6995470328E-02
   1082.00    0.6301693584E-02
   1083.00    0.5299933331E-02
   1084.00    0.4430031346E-02
   1085.00    0.3776471168E-02
   1086.00    0.3305501620E-02
   1087.00    0.2969222746E-02
   1088.00    0.2730008202E-02
   1089.00    0.2561916321E-02
   1090.00    0.2447840205E-02
   1091.00    0.2376832080E-02
   1092.00    0.2342267252E-02
   1093.00    0.2340726763E-02
   1094.00    0.2371397100E-02
   1095.00    0.2435824180E-02
   1096.00    0.2537855182E-02
   1097.00    0.2683424439E-02
   1098.00    0.2879144782E-02
   1099.00    0.3126497446E-02
   1100.00    0.3403217773E-02
   1101.00    0.3621086502E-02
   1102.00    0.3600062785E-02
   1103.00    0.3218303671E-02
   1104.00    0.2618702852E-02
   1105.00    0.2030170255E-02
   1106.00    0.1552308336E-02
   1107.00    0.1187826880E-02
   1108.00    0.9125354078E-03
   1109.00    0.7028464531E-03
   1110.00    0.5412924316E-03
   1111.00    0.4160822318E-03
   1112.00    0.3198612938E-03
   1113.00    0.2488200236E-03
   1114.00    0.2019323747E-03
   1115.00    0.1790710775E-03
   1116.00    0.1774383237E-03
   1117.00    0.1904644191E-03
   1118.00    0.2112996698E-03
   1119.00    0.2353897475E-03
   1120.00    0.2603123565E-03
   1121.00    0.2849042110E-03
   1122.00    0.3086457565E-03
   1123.00    0.3313321931E-03
   1124.00    0.3529090526E-03
   1125.00    0.3733909575E-03
   1126.00    0.3928231954E-03
   1127.00    0.4112702347E-03
   1128.00    0.4288334462E-03
   1129.00    0.4457256614E-03
   1130.00    0.4624816758E-03
   1131.00    0.4804594889E-03
   1132.00    0.5025995659E-03
   1133.00    0.5326299538E-03
   1134.00    0.5690007454E-03
   1135.00    0.6025604663E-03
   1136.00    0.6285417184E-03
   1137.00    0.6494514188E-03
   1138.00    0.6685268165E-03
   1139.00    0.6874598954E-03
   1140.00    0.7066817201E-03
   1141.00    0.7254050762E-03
   1142.00    0.7407553438E-03
   1143.00    0.7465738012E-03
   1144.00    0.7369739555E-03
   1145.00    0.7193432765E-03
   1146.00    0.7113885256E-03
   1147.00    0.7182111926E-03
   1148.00    0.7342098961E-03
   1149.00    0.7542349552E-03
   1150.00    0.7757740335E-03
   1151.00    0.7978557605E-03
   1152.00    0.8201785141E-03
   1153.00    0.8427178666E-03
   1154.00    0.8655947021E-03
   1155.00    0.8890861551E-03
   1156.00    0.9137082860E-03
   1157.00    0.9400603355E-03
   1158.00    0.9679185878E-03
   1159.00    0.9960441890E-03
   1160.00    0.1023934094E-02
   1161.00    0.1052063311E-02
   1162.00    0.1080967712E-02
   1163.00    0.1110982061E-02
   1164.00    0.1142317028E-02
   1165.00    0.1175135890E-02
   1166.00    0.1209592526E-02
   1167.00    0.1245848608E-02
   1168.00    0.1284082417E-02
   1169.00    0.1324494777E-02
   1170.00    0.1367314472E-02
   1171.00    0.1412804215E-02
   1172.00    0.1461267864E-02
   1173.00    0.1513059457E-02
   1174.00    0.1568594743E-02
   1175.00    0.1628366092E-02
   1176.00    0.1692961934E-02
   1177.00    0.1763092320E-02
   1178.00    0.1839622686E-02
   1179.00    0.1923618477E-02
   1180.00    0.2016403476E-02
   1181.00    0.2119633603E-02
   1182.00    0.2235382276E-02
   1183.00    0.2366213917E-02
   1184.00    0.2515161393E-02
   1185.00    0.2685340335E-02
   1186.00    0.2878397986E-02
   1187.00    0.3089534895E-02
   1188.00    0.3293821140E-02
   1189.00    0.3419206880E-02
   1190.00    0.3341419415E-02
   1191.00    0.3018694749E-02
   1192.00    0.2647682646E-02
   1193.00    0.2454576775E-02
   1194.00    0.2476625363E-02
   1195.00    0.2645865239E-02
   1196.00    0.2902430736E-02
   1197.00    0.3218469051E-02
   1198.00    0.3588206202E-02
   1199.00    0.4019713543E-02
   1200.00    0.4534257349E-02
   1201.00    0.5175656515E-02
   1202.00    0.6038595893E-02
   1203.00    0.7322342391E-02
   1204.00    0.9313728219E-02
   1205.00    0.1195785159E-01
   1206.00    0.1430275822E-01
   1207.00    0.1530192603E-01
   1208.00    0.1488758094E-01
   1209.00    0.1345838367E-01
   1210.00    0.1156928046E-01
   1211.00    0.9753715464E-02
   1212.00    0.8234289193E-02
   1213.00    0.7018103983E-02
   1214.00    0.6047419082E-02
   1215.00    0.5262229657E-02
   1216.00    0.4615337366E-02
   1217.00    0.4073226975E-02
   1218.00    0.3614951404E-02
   1219.00    0.3233332595E-02
   1220.00    0.2941392211E-02
   1221.00    0.2785877980E-02
   1222.00    0.2856305518E-02
   1223.00    0.3237656724E-02
   1224.00    0.3861980064E-02
   1225.00    0.4412976766E-02
   1226.00    0.4596657603E-02
   1227.00    0.4457529303E-02
   1228.00    0.4186161402E-02
   1229.00    0.3899960561E-02
   1230.00    0.3640521228E-02
   1231.00    0.3416065860E-02
   1232.00    0.3224106315E-02
   1233.00    0.3059746647E-02
   1234.00    0.2918247717E-02
   1235.00    0.2795649852E-02
   1236.00    0.2688799232E-02
   1237.00    0.2595221284E-02
   1238.00    0.2512978509E-02
   1239.00    0.2440549912E-02
   1240.00    0.2376737915E-02
   1241.00    0.2320600554E-02
   1242.00    0.2271407278E-02
   1243.00    0.2228622536E-02
   1244.00    0.2191935867E-02
   1245.00    0.2161387930E-02
   1246.00    0.2137671444E-02
   1247.00    0.2122468460E-02
   1248.00    0.2117434967E-02
   1249.00    0.2120402364E-02
   1250.00    0.2126134052E-02
   1251.00    0.2133459033E-02
   1252.00    0.2144735911E-02
   1253.00    0.2162253112E-02
   1254.00    0.2187600918E-02
   1255.00    0.2222115591E-02
   1256.00    0.2267240667E-02
   1257.00    0.2324751831E-02
   1258.00    0.2396943138E-02
   1259.00    0.2486844687E-02
   1260.00    0.2598531126E-02
   1261.00    0.2737605747E-02
   1262.00    0.2912030193E-02
   1263.00    0.3133701101E-02
   1264.00    0.3421778965E-02
   1265.00    0.3809989138E-02
   1266.00    0.4359113918E-02
   1267.00    0.5149201771E-02
   1268.00    0.6137845453E-02
   1269.00    0.6903907106E-02
   1270.00    0.6895248823E-02
   1271.00    0.6140801304E-02
   1272.00    0.5142804246E-02
   1273.00    0.4247014208E-02
   1274.00    0.3541198934E-02
   1275.00    0.3006519516E-02
   1276.00    0.2604304552E-02
   1277.00    0.2301218449E-02
   1278.00    0.2072893547E-02
   1279.00    0.1902471897E-02
   1280.00    0.1778648956E-02
   1281.00    0.1694189729E-02
   1282.00    0.1644986030E-02
   1283.00    0.1629560552E-02
   1284.00    0.1648930923E-02
   1285.00    0.1706760504E-02
   1286.00    0.1809637060E-02
   1287.00    0.1966875251E-02
   1288.00    0.2187616341E-02
   1289.00    0.2468271329E-02
   1290.00    0.2756483028E-02
   1291.00    0.2903827314E-02
   1292.00    0.2738736838E-02
   1293.00    0.2282785653E-02
   1294.00    0.1737542248E-02
   1295.00    0.1295289007E-02
   1296.00    0.1014724623E-02
   1297.00    0.8472373096E-03
   1298.00    0.7386246989E-03
   1299.00    0.6601545136E-03
   1300.00    0.5990375180E-03
   1301.00    0.5492902256E-03
   1302.00    0.5077030489E-03
   1303.00    0.4723006560E-03
   1304.00    0.4417380634E-03
   1305.00    0.4150385425E-03
   1306.00    0.3914639774E-03
   1307.00    0.3704420318E-03
   1308.00    0.3515207995E-03
   1309.00    0.3343384116E-03
   1310.00    0.3186016318E-03
   1311.00    0.3040702657E-03
   1312.00    0.2905455337E-03
   1313.00    0.2778612402E-03
   1314.00    0.2658769676E-03
   1315.00    0.2544727590E-03
   1316.00    0.2435449124E-03
   1317.00    0.2330026122E-03
   1318.00    0.2227652008E-03
   1319.00    0.2127599490E-03
   1320.00    0.2029202303E-03
   1321.00    0.1931840561E-03
   1322.00    0.1834929840E-03
   1323.00    0.1737915145E-03
   1324.00    0.1640272576E-03
   1325.00    0.1541524956E-03
   1326.00    0.1441284625E-03
   1327.00    0.1339351487E-03
   1328.00    0.1235926908E-03
   1329.00    0.1132076161E-03
   1330.00    0.1030727315E-03
   1331.00    0.9387807594E-04
   1332.00    0.8711121930E-04
   1333.00    0.8557123325E-04
   1334.00    0.9324780597E-04
   1335.00    0.1136147684E-03
   1336.00    0.1475920545E-03
   1337.00    0.1914014444E-03
   1338.00    0.2319429213E-03
   1339.00    0.2498187028E-03
   1340.00    0.2400658171E-03
   1341.00    0.2153507388E-03
   1342.00    0.1874241840E-03
   1343.00    0.1611491859E-03
   1344.00    0.1376519189E-03
   1345.00    0.1168939291E-03
   1346.00    0.9873469415E-04
   1347.00    0.8336149085E-04
   1348.00    0.7156121383E-04
   1349.00    0.6484151127E-04
   1350.00    0.6488180386E-04
   1351.00    0.7218288227E-04
   1352.00    0.8570416422E-04
   1353.00    0.1040539498E-03
   1354.00    0.1263429854E-03
   1355.00    0.1522526445E-03
   1356.00    0.1818877119E-03
   1357.00    0.2156747898E-03
   1358.00    0.2543338389E-03
   1359.00    0.2989085960E-03
   1360.00    0.3508488651E-03
   1361.00    0.4121476000E-03
   1362.00    0.4855371110E-03
   1363.00    0.5747227078E-03
   1364.00    0.6845094981E-03
   1365.00    0.8202253933E-03
   1366.00    0.9844031691E-03
   1367.00    0.1165478810E-02
   1368.00    0.1314779909E-02
   1369.00    0.1347106577E-02
   1370.00    0.1231156096E-02
   1371.00    0.1039743957E-02
   1372.00    0.8526293225E-03
   1373.00    0.7061924016E-03
   1374.00    0.6156830783E-03
   1375.00    0.5944298575E-03
   1376.00    0.6532953743E-03
   1377.00    0.7954985352E-03
   1378.00    0.1023450996E-02
   1379.00    0.1346399042E-02
   1380.00    0.1772271119E-02
   1381.00    0.2269506567E-02
   1382.00    0.2704326593E-02
   1383.00    0.2890995712E-02
   1384.00    0.2813030137E-02
   1385.00    0.2614248024E-02
   1386.00    0.2408211729E-02
   1387.00    0.2237303701E-02
   1388.00    0.2109012443E-02
   1389.00    0.2020487334E-02
   1390.00    0.1967616865E-02
   1391.00    0.1947600084E-02
   1392.00    0.1959297658E-02
   1393.00    0.2002454588E-02
   1394.00    0.2075012497E-02
   1395.00    0.2165830169E-02
   1396.00    0.2241551406E-02
   1397.00    0.2249913526E-02
   1398.00    0.2181488933E-02
   1399.00    0.2074031186E-02
   1400.00    0.1900210453E-02
   1401.00    0.1645134901E-02
   1402.00    0.1385213857E-02
   1403.00    0.1166538726E-02
   1404.00    0.9761380238E-03
   1405.00    0.8092369487E-03
   1406.00    0.6726618722E-03
   1407.00    0.5666583667E-03
   1408.00    0.4864201169E-03
   1409.00    0.4265566827E-03
   1410.00    0.3826797838E-03
   1411.00    0.3515424823E-03
   1412.00    0.3308129352E-03
   1413.00    0.3188412720E-03
   1414.00    0.3145171815E-03
   1415.00    0.3172759003E-03
   1416.00    0.3273895779E-03
   1417.00    0.3468726005E-03
   1418.00    0.3812572859E-03
   1419.00    0.4397268429E-03
   1420.00    0.5251803175E-03
   1421.00    0.6239025835E-03
   1422.00    0.7247573854E-03
   1423.00    0.8330146394E-03
   1424.00    0.9601607608E-03
   1425.00    0.1118016408E-02
   1426.00    0.1319789890E-02
   1427.00    0.1582399247E-02
   1428.00    0.1927963235E-02
   1429.00    0.2381246487E-02
   1430.00    0.2951844317E-02
   1431.00    0.3577574733E-02
   1432.00    0.4050741389E-02
   1433.00    0.4138138479E-02
   1434.00    0.3881217655E-02
   1435.00    0.3503621457E-02
   1436.00    0.3149728309E-02
   1437.00    0.2862004145E-02
   1438.00    0.2639957101E-02
   1439.00    0.2472583523E-02
   1440.00    0.2348896084E-02
   1441.00    0.2260287799E-02
   1442.00    0.2200573013E-02
   1443.00    0.2165547288E-02
   1444.00    0.2152565202E-02
   1445.00    0.2160241554E-02
   1446.00    0.2188280323E-02
   1447.00    0.2237419317E-02
   1448.00    0.2309485782E-02
   1449.00    0.2407572540E-02
   1450.00    0.2536362348E-02
   1451.00    0.2702649705E-02
   1452.00    0.2916130317E-02
   1453.00    0.3190525718E-02
   1454.00    0.3544984931E-02
   1455.00    0.4005054149E-02
   1456.00    0.4599650680E-02
   1457.00    0.5338990606E-02
   1458.00    0.6130017656E-02
   1459.00    0.6640106312E-02
   1460.00    0.6481227150E-02
   1461.00    0.5748129517E-02
   1462.00    0.4861966733E-02
   1463.00    0.4078660496E-02
   1464.00    0.3455208419E-02
   1465.00    0.2972620230E-02
   1466.00    0.2598795907E-02
   1467.00    0.2306210263E-02
   1468.00    0.2074332430E-02
   1469.00    0.1888420704E-02
   1470.00    0.1737946096E-02
   1471.00    0.1615340862E-02
   1472.00    0.1515114475E-02
   1473.00    0.1433251453E-02
   1474.00    0.1366805357E-02
   1475.00    0.1313625971E-02
   1476.00    0.1272177495E-02
   1477.00    0.1241420694E-02
   1478.00    0.1220742339E-02
   1479.00    0.1209922364E-02
   1480.00    0.1209134046E-02
   1481.00    0.1218975273E-02
   1482.00    0.1240527851E-02
   1483.00    0.1275429746E-02
   1484.00    0.1325899076E-02
   1485.00    0.1394497789E-02
   1486.00    0.1482970291E-02
   1487.00    0.1588373008E-02
   1488.00    0.1693694606E-02
   1489.00    0.1759441695E-02
   1490.00    0.1758092652E-02
   1491.00    0.1742846568E-02
   1492.00    0.1777610578E-02
   1493.00    0.1832083724E-02
   1494.00    0.1863419198E-02
   1495.00    0.1862449337E-02
   1496.00    0.1768423914E-02
   1497.00    0.1550878371E-02
   1498.00    0.1292050618E-02
   1499.00    0.1089916454E-02
   1500.00    0.9696484860E-03
   1501.00    0.9140870291E-03
   1502.00    0.9100093883E-03
   1503.00    0.9568247855E-03
   1504.00    0.1064626030E-02
   1505.00    0.1254191089E-02
   1506.00    0.1558284326E-02
   1507.00    0.2016429633E-02
   1508.00    0.2639670893E-02
   1509.00    0.3327645685E-02
   1510.00    0.3876553985E-02
   1511.00    0.4212673170E-02
   1512.00    0.4408447500E-02
   1513.00    0.4440196327E-02
   1514.00    0.4168814277E-02
   1515.00    0.3610083288E-02
   1516.00    0.2993392722E-02
   1517.00    0.2485503202E-02
   1518.00    0.2113486871E-02
   1519.00    0.1841389171E-02
   1520.00    0.1627863425E-02
   1521.00    0.1470863820E-02
   1522.00    0.1392337077E-02
   1523.00    0.1367011727E-02
   1524.00    0.1359142199E-02
   1525.00    0.1365461156E-02
   1526.00    0.1373351631E-02
   1527.00    0.1331488665E-02
   1528.00    0.1186277077E-02
   1529.00    0.9640025754E-03
   1530.00    0.7416336876E-03
   1531.00    0.5590955924E-03
   1532.00    0.4169122368E-03
   1533.00    0.3019588893E-03
   1534.00    0.1978481149E-03
   1535.00    0.8737221829E-04
   1536.00    0.9012458073E-04
   1537.00    0.2984929376E-03
   1538.00    0.5397201343E-03
   1539.00    0.7024303306E-03
   1540.00    0.7286110125E-03
   1541.00    0.6752130912E-03
   1542.00    0.6163339142E-03
   1543.00    0.5889522899E-03
   1544.00    0.6021460456E-03
   1545.00    0.6394893039E-03
   1546.00    0.6635442377E-03
   1547.00    0.6554297587E-03
   1548.00    0.6301320592E-03
   1549.00    0.6053607598E-03
   1550.00    0.5882158679E-03
   1551.00    0.5796486749E-03
   1552.00    0.5787220546E-03
   1553.00    0.5842628830E-03
   1554.00    0.5953129891E-03
   1555.00    0.6111948202E-03
   1556.00    0.6314791637E-03
   1557.00    0.6559403714E-03
   1558.00    0.6845207551E-03
   1559.00    0.7173075535E-03
   1560.00    0.7545214681E-03
   1561.00    0.7965153732E-03
   1562.00    0.8437824881E-03
   1563.00    0.8969742577E-03
   1564.00    0.9569292982E-03
   1565.00    0.1024716142E-02
   1566.00    0.1101694429E-02
   1567.00    0.1189602219E-02
   1568.00    0.1290682352E-02
   1569.00    0.1407871262E-02
   1570.00    0.1545096710E-02
   1571.00    0.1707786685E-02
   1572.00    0.1903822889E-02
   1573.00    0.2145369208E-02
   1574.00    0.2451471913E-02
   1575.00    0.2847200631E-02
   1576.00    0.3354525207E-02
   1577.00    0.3992332819E-02
   1578.00    0.4777680838E-02
   1579.00    0.5670472852E-02
   1580.00    0.6451569111E-02
   1581.00    0.6717761626E-02
   1582.00    0.6310834150E-02
   1583.00    0.5549392296E-02
   1584.00    0.4777084782E-02
   1585.00    0.4127751859E-02
   1586.00    0.3613487548E-02
   1587.00    0.3211178494E-02
   1588.00    0.2894299041E-02
   1589.00    0.2639557108E-02
   1590.00    0.2424882055E-02
   1591.00    0.2223777008E-02
   1592.00    0.2002494994E-02
   1593.00    0.1743908933E-02
   1594.00    0.1494479832E-02
   1595.00    0.1318533374E-02
   1596.00    0.1215481968E-02
   1597.00    0.1152660675E-02
   1598.00    0.1107455543E-02
   1599.00    0.1069850333E-02
   1600.00    0.1036043531E-02
   1601.00    0.1004664776E-02
   1602.00    0.9752192351E-03
   1603.00    0.9475110768E-03
   1604.00    0.9214383407E-03
   1605.00    0.8969231391E-03
   1606.00    0.8738902906E-03
   1607.00    0.8522627034E-03
   1608.00    0.8319620200E-03
   1609.00    0.8129104674E-03
   1610.00    0.7950325855E-03
   1611.00    0.7782565007E-03
   1612.00    0.7625147416E-03
   1613.00    0.7477446920E-03
   1614.00    0.7338887837E-03
   1615.00    0.7208945160E-03
   1616.00    0.7087143683E-03
   1617.00    0.6973056549E-03
   1618.00    0.6866303543E-03
   1619.00    0.6766549396E-03
   1620.00    0.6673502253E-03
   1621.00    0.6586912437E-03
   1622.00    0.6506571619E-03
   1623.00    0.6432312460E-03
   1624.00    0.6364008833E-03
   1625.00    0.6301576702E-03
   1626.00    0.6244975780E-03
   1627.00    0.6194212101E-03
   1628.00    0.6149341691E-03
   1629.00    0.6110475571E-03
   1630.00    0.6077786405E-03
   1631.00    0.6051517218E-03
   1632.00    0.6031992720E-03
   1633.00    0.6019634015E-03
   1634.00    0.6014977683E-03
   1635.00    0.6018700657E-03
   1636.00    0.6031652791E-03
   1637.00    0.6054899790E-03
   1638.00    0.6089780222E-03
   1639.00    0.6137981793E-03
   1640.00    0.6201644159E-03
   1641.00    0.6283498311E-03
   1642.00    0.6387055973E-03
   1643.00    0.6516865703E-03
   1644.00    0.6678852159E-03
   1645.00    0.6880740576E-03
   1646.00    0.7132506388E-03
   1647.00    0.7446577631E-03
   1648.00    0.7836844365E-03
   1649.00    0.8313483341E-03
   1650.00    0.8864880645E-03
   1651.00    0.9405957249E-03
   1652.00    0.9675245167E-03
   1653.00    0.9214043459E-03
   1654.00    0.7817937726E-03
   1655.00    0.5987977533E-03
   1656.00    0.4341446798E-03
   1657.00    0.3104282984E-03
   1658.00    0.2263644889E-03
   1659.00    0.1756933129E-03
   1660.00    0.1519607998E-03
   1661.00    0.1473060685E-03
   1662.00    0.1534077503E-03
   1663.00    0.1642585129E-03
   1664.00    0.1766623871E-03
   1665.00    0.1892137365E-03
   1666.00    0.2014027226E-03
   1667.00    0.2131349371E-03
   1668.00    0.2245093330E-03
   1669.00    0.2357221489E-03
   1670.00    0.2470289045E-03
   1671.00    0.2587320680E-03
   1672.00    0.2711752262E-03
   1673.00    0.2847208391E-03
   1674.00    0.2996589938E-03
   1675.00    0.3159031420E-03
   1676.00    0.3320989731E-03
   1677.00    0.3434544156E-03
   1678.00    0.3387527946E-03
   1679.00    0.3045825082E-03
   1680.00    0.2454698726E-03
   1681.00    0.1868338300E-03
   1682.00    0.1471243545E-03
   1683.00    0.1282048380E-03
   1684.00    0.1234959224E-03
   1685.00    0.1258787029E-03
   1686.00    0.1309450966E-03
   1687.00    0.1366217548E-03
   1688.00    0.1420714420E-03
   1689.00    0.1470047261E-03
   1690.00    0.1513578191E-03
   1691.00    0.1551544362E-03
   1692.00    0.1584481023E-03
   1693.00    0.1612985238E-03
   1694.00    0.1637623729E-03
   1695.00    0.1658901707E-03
   1696.00    0.1677257099E-03
   1697.00    0.1693064770E-03
   1698.00    0.1706644060E-03
   1699.00    0.1718266847E-03
   1700.00    0.1728164979E-03
   1701.00    0.1736536762E-03
   1702.00    0.1743552428E-03
   1703.00    0.1749358693E-03
   1704.00    0.1754082521E-03
   1705.00    0.1757834230E-03
   1706.00    0.1760710059E-03
   1707.00    0.1762794278E-03
   1708.00    0.1764160946E-03
   1709.00    0.1764875372E-03
   1710.00    0.1764995330E-03
   1711.00    0.1764572083E-03
   1712.00    0.1763651241E-03
   1713.00    0.1762273488E-03
   1714.00    0.1760475199E-03
   1715.00    0.1758288962E-03
   1716.00    0.1755744033E-03
   1717.00    0.1752866715E-03
   1718.00    0.1749680694E-03
   1719.00    0.1746207325E-03
   1720.00    0.1742465878E-03
   1721.00    0.1738473756E-03
   1722.00    0.1734246685E-03
   1723.00    0.1729798875E-03
   1724.00    0.1725143166E-03
   1725.00    0.1720291154E-03
   1726.00    0.1715253302E-03
   1727.00    0.1710039041E-03
   1728.00    0.1704656850E-03
   1729.00    0.1699114337E-03
   1730.00    0.1693418307E-03
   1731.00    0.1687574815E-03
   1732.00    0.1681589228E-03
   1733.00    0.1675466261E-03
   1734.00    0.1669210026E-03
   1735.00    0.1662824062E-03
   1736.00    0.1656311368E-03
   1737.00    0.1649674432E-03
   1738.00    0.1642915248E-03
   1739.00    0.1636035344E-03
   1740.00    0.1629035792E-03
   1741.00    0.1621917225E-03
   1742.00    0.1614679843E-03
   1743.00    0.1607323429E-03
   1744.00    0.1599847345E-03
   1745.00    0.1592250543E-03
   1746.00    0.1584531558E-03
   1747.00    0.1576688512E-03
   1748.00    0.1568719105E-03
   1749.00    0.1560620610E-03
   1750.00    0.1552389863E-03
   1751.00    0.1544023251E-03
   1752.00    0.1535516692E-03
   1753.00    0.1526865627E-03
   1754.00    0.1518064987E-03
   1755.00    0.1509109176E-03
   1756.00    0.1499992042E-03
   1757.00    0.1490706842E-03
   1758.00    0.1481246206E-03
   1759.00    0.1471602099E-03
   1760.00    0.1461765771E-03
   1761.00    0.1451727707E-03
   1762.00    0.1441477568E-03
   1763.00    0.1431004127E-03
   1764.00    0.1420295191E-03
   1765.00    0.1409337526E-03
   1766.00    0.1398116757E-03
   1767.00    0.1386617272E-03
   1768.00    0.1374822099E-03
   1769.00    0.1362712779E-03
   1770.00    0.1350269218E-03
   1771.00    0.1337469523E-03
   1772.00    0.1324289811E-03
   1773.00    0.1310704000E-03
   1774.00    0.1296683570E-03
   1775.00    0.1282197291E-03
   1776.00    0.1267210914E-03
   1777.00    0.1251686822E-03
   1778.00    0.1235583633E-03
   1779.00    0.1218855743E-03
   1780.00    0.1201452810E-03
   1781.00    0.1183319165E-03
   1782.00    0.1164393138E-03
   1783.00    0.1144606292E-03
   1784.00    0.1123882555E-03
   1785.00    0.1102137241E-03
   1786.00    0.1079275945E-03
   1787.00    0.1055193329E-03
   1788.00    0.1029771807E-03
   1789.00    0.1002880170E-03
   1790.00    0.9743722445E-04
   1791.00    0.9440857768E-04
   1792.00    0.9118418695E-04
   1793.00    0.8774456257E-04
   1794.00    0.8406891886E-04
   1795.00    0.8013594199E-04
   1796.00    0.7592544985E-04
   1797.00    0.7142177881E-04
   1798.00    0.6662056729E-04
   1799.00    0.6154235938E-04
   1800.00    0.5626015272E-04
   1801.00    0.5095545471E-04
   1802.00    0.4602909887E-04
   1803.00    0.4229134360E-04
   1804.00    0.4114459883E-04
   1805.00    0.4434453654E-04
   1806.00    0.5312678505E-04
   1807.00    0.6786377154E-04
   1808.00    0.8880384720E-04
   1809.00    0.1167670655E-03
   1810.00    0.1534407002E-03
   1811.00    0.2015633705E-03
   1812.00    0.2650057413E-03
   1813.00    0.3480573336E-03
   1814.00    0.4515267640E-03
   1815.00    0.5615281132E-03
   1816.00    0.6393086584E-03
   1817.00    0.6510801438E-03
   1818.00    0.6113293180E-03
   1819.00    0.5548355602E-03
   1820.00    0.5012219722E-03
   1821.00    0.4560225802E-03
   1822.00    0.4191898953E-03
   1823.00    0.3892803650E-03
   1824.00    0.3648032708E-03
   1825.00    0.3445383852E-03
   1826.00    0.3275514222E-03
   1827.00    0.3131401419E-03
   1828.00    0.3007767726E-03
   1829.00    0.2900616594E-03
   1830.00    0.2806889128E-03
   1831.00    0.2724216435E-03
   1832.00    0.2650742142E-03
   1833.00    0.2584994777E-03
   1834.00    0.2525795248E-03
   1835.00    0.2472189099E-03
   1836.00    0.2423396363E-03
   1837.00    0.2378774027E-03
   1838.00    0.2337787638E-03
   1839.00    0.2299989590E-03
   1840.00    0.2265002363E-03
   1841.00    0.2232505452E-03
   1842.00    0.2202225092E-03
   1843.00    0.2173926103E-03
   1844.00    0.2147405375E-03
   1845.00    0.2122486619E-03
   1846.00    0.2099016109E-03
   1847.00    0.2076859202E-03
   1848.00    0.2055897485E-03
   1849.00    0.2036026410E-03
   1850.00    0.2017153334E-03
   1851.00    0.1999195876E-03
   1852.00    0.1982080541E-03
   1853.00    0.1965741557E-03
   1854.00    0.1950119890E-03
   1855.00    0.1935162405E-03
   1856.00    0.1920821148E-03
   1857.00    0.1907052732E-03
   1858.00    0.1893817808E-03
   1859.00    0.1881080603E-03
   1860.00    0.1868808528E-03
   1861.00    0.1856971827E-03
   1862.00    0.1845543281E-03
   1863.00    0.1834497939E-03
   1864.00    0.1823812890E-03
   1865.00    0.1813467055E-03
   1866.00    0.1803441012E-03
   1867.00    0.1793716831E-03
   1868.00    0.1784277938E-03
   1869.00    0.1775108987E-03
   1870.00    0.1766195746E-03
   1871.00    0.1757525003E-03
   1872.00    0.1749084469E-03
   1873.00    0.1740862704E-03
   1874.00    0.1732849044E-03
   1875.00    0.1725033533E-03
   1876.00    0.1717406867E-03
   1877.00    0.1709960344E-03
   1878.00    0.1702685809E-03
   1879.00    0.1695575619E-03
   1880.00    0.1688622598E-03
   1881.00    0.1681820003E-03
   1882.00    0.1675161495E-03
   1883.00    0.1668641101E-03
   1884.00    0.1662253199E-03
   1885.00    0.1655992480E-03
   1886.00    0.1649853938E-03
   1887.00    0.1643832839E-03
   1888.00    0.1637924709E-03
   1889.00    0.1632125314E-03
   1890.00    0.1626430642E-03
   1891.00    0.1620836892E-03
   1892.00    0.1615340459E-03
   1893.00    0.1609937919E-03
   1894.00    0.1604626020E-03
   1895.00    0.1599401673E-03
   1896.00    0.1594261936E-03
   1897.00    0.1589204012E-03
   1898.00    0.1584225235E-03
   1899.00    0.1579323064E-03
   1900.00    0.1574495077E-03
   1901.00    0.1569738961E-03
   1902.00    0.1565052510E-03
   1903.00    0.1560433614E-03
   1904.00    0.1555880258E-03
   1905.00    0.1551390513E-03
   1906.00    0.1546962534E-03
   1907.00    0.1542594555E-03
   1908.00    0.1538284884E-03
   1909.00    0.1534031898E-03
   1910.00    0.1529834042E-03
   1911.00    0.1525689825E-03
   1912.00    0.1521597813E-03
   1913.00    0.1517556631E-03
   1914.00    0.1513564958E-03
   1915.00    0.1509621524E-03
   1916.00    0.1505725108E-03
   1917.00    0.1501874534E-03
   1918.00    0.1498068672E-03
   1919.00    0.1494306433E-03
   1920.00    0.1490586768E-03
   1921.00    0.1486908667E-03
   1922.00    0.1483271155E-03
   1923.00    0.1479673293E-03
   1924.00    0.1476114175E-03
   1925.00    0.1472592925E-03
   1926.00    0.1469108700E-03
   1927.00    0.1465660683E-03
   1928.00    0.1462248087E-03
   1929.00    0.1458870150E-03
   1930.00    0.1455526135E-03
   1931.00    0.1452215330E-03
   1932.00    0.1448937046E-03
   1933.00    0.1445690617E-03
   1934.00    0.1442475396E-03
   1935.00    0.1439290758E-03
   1936.00    0.1436136098E-03
   1937.00    0.1433010829E-03
   1938.00    0.1429914381E-03
   1939.00    0.1426846203E-03
   1940.00    0.1423805761E-03
   1941.00    0.1420792534E-03
   1942.00    0.1417806020E-03
   1943.00    0.1414845729E-03
   1944.00    0.1411911187E-03
   1945.00    0.1409001931E-03
   1946.00    0.1406117515E-03
   1947.00    0.1403257503E-03
   1948.00    0.1400421472E-03
   1949.00    0.1397609009E-03
   1950.00    0.1394819716E-03
   1951.00    0.1392053202E-03
   1952.00    0.1389309089E-03
   1953.00    0.1386587008E-03
   1954.00    0.1383886601E-03
   1955.00    0.1381207518E-03
   1956.00    0.1378549418E-03
   1957.00    0.1375911971E-03
   1958.00    0.1373294852E-03
   1959.00    0.1370697748E-03
   1960.00    0.1368120351E-03
   1961.00    0.1365562362E-03
   1962.00    0.1363023490E-03
   1963.00    0.1360503449E-03
   1964.00    0.1358001962E-03
   1965.00    0.1355518759E-03
   1966.00    0.1353053573E-03
   1967.00    0.1350606148E-03
   1968.00    0.1348176231E-03
   1969.00    0.1345763575E-03
   1970.00    0.1343367941E-03
   1971.00    0.1340989094E-03
   1972.00    0.1338626803E-03
   1973.00    0.1336280844E-03
   1974.00    0.1333950998E-03
   1975.00    0.1331637051E-03
   1976.00    0.1329338792E-03
   1977.00    0.1327056016E-03
   1978.00    0.1324788524E-03
   1979.00    0.1322536118E-03
   1980.00    0.1320298606E-03
   1981.00    0.1318075801E-03
   1982.00    0.1315867518E-03
   1983.00    0.1313673577E-03
   1984.00    0.1311493802E-03
   1985.00    0.1309328020E-03
   1986.00    0.1307176061E-03
   1987.00    0.1305037760E-03
   1988.00    0.1302912954E-03
   1989.00    0.1300801484E-03
   1990.00    0.1298703194E-03
   1991.00    0.1296617932E-03
   1992.00    0.1294545546E-03
   1993.00    0.1292485891E-03
   1994.00    0.1290438821E-03
   1995.00    0.1288404196E-03
   1996.00    0.1286381876E-03
   1997.00    0.1284371726E-03
   1998.00    0.1282373613E-03
   1999.00    0.1280387404E-03
   2000.00    0.1278412971E-03
   2001.00    0.1276450189E-03
   2002.00    0.1274498933E-03
   2003.00    0.1272559082E-03
   2004.00    0.1270630515E-03
   2005.00    0.1268713117E-03
   2006.00    0.1266806770E-03
   2007.00    0.1264911363E-03
   2008.00    0.1263026784E-03
   2009.00    0.1261152924E-03
   2010.00    0.1259289675E-03
   2011.00    0.1257436931E-03
   2012.00    0.1255594590E-03
   2013.00    0.1253762548E-03
   2014.00    0.1251940707E-03
   2015.00    0.1250128966E-03
   2016.00    0.1248327230E-03
   2017.00    0.1246535402E-03
   2018.00    0.1244753390E-03
   2019.00    0.1242981100E-03
   2020.00    0.1241218443E-03
   2021.00    0.1239465329E-03
   2022.00    0.1237721669E-03
   2023.00    0.1235987378E-03
   2024.00    0.1234262371E-03
   2025.00    0.1232546564E-03
   2026.00    0.1230839874E-03
   2027.00    0.1229142221E-03
   2028.00    0.1227453524E-03
   2029.00    0.1225773704E-03
   2030.00    0.1224102686E-03
   2031.00    0.1222440391E-03
   2032.00    0.1220786745E-03
   2033.00    0.1219141675E-03
   2034.00    0.1217505106E-03
   2035.00    0.1215876968E-03
   2036.00    0.1214257190E-03
   2037.00    0.1212645702E-03
   2038.00    0.1211042435E-03
   2039.00    0.1209447321E-03
   2040.00    0.1207860295E-03
   2041.00    0.1206281290E-03
   2042.00    0.1204710241E-03
   2043.00    0.1203147084E-03
   2044.00    0.1201591758E-03
   2045.00    0.1200044198E-03
   2046.00    0.1198504345E-03
   2047.00    0.1196972138E-03
   2048.00    0.1195447517E-03
   2049.00    0.1193930423E-03
   2050.00    0.1192420799E-03
   2051.00    0.1190918588E-03
   2052.00    0.1189423733E-03
   2053.00    0.1187936178E-03
   2054.00    0.1186455870E-03
   2055.00    0.1184982752E-03
   2056.00    0.1183516773E-03
   2057.00    0.1182057880E-03
   2058.00    0.1180606020E-03
   2059.00    0.1179161142E-03
   2060.00    0.1177723195E-03
   2061.00    0.1176292130E-03
   2062.00    0.1174867897E-03
   2063.00    0.1173450448E-03
   2064.00    0.1172039734E-03
   2065.00    0.1170635707E-03
   2066.00    0.1169238321E-03
   2067.00    0.1167847530E-03
   2068.00    0.1166463288E-03
   2069.00    0.1165085549E-03
   2070.00    0.1163714270E-03
   2071.00    0.1162349405E-03
   2072.00    0.1160990912E-03
   2073.00    0.1159638747E-03
   2074.00    0.1158292868E-03
   2075.00    0.1156953234E-03
   2076.00    0.1155619802E-03
   2077.00    0.1154292532E-03
   2078.00    0.1152971383E-03
   2079.00    0.1151656315E-03
   2080.00    0.1150347289E-03
   2081.00    0.1149044265E-03
   2082.00    0.1147747206E-03
   2083.00    0.1146456073E-03
   2084.00    0.1145170828E-03
   2085.00    0.1143891434E-03
   2086.00    0.1142617855E-03
   2087.00    0.1141350053E-03
   2088.00    0.1140087994E-03
   2089.00    0.1138831641E-03
   2090.00    0.1137580958E-03
   2091.00    0.1136335913E-03
   2092.00    0.1135096469E-03
   2093.00    0.1133862593E-03
   2094.00    0.1132634252E-03
   2095.00    0.1131411412E-03
   2096.00    0.1130194041E-03
   2097.00    0.1128982105E-03
   2098.00    0.1127775573E-03
   2099.00    0.1126574413E-03
   2100.00    0.1125378594E-03
   2101.00    0.1124188084E-03
   2102.00    0.1123002852E-03
   2103.00    0.1121822869E-03
   2104.00    0.1120648104E-03
   2105.00    0.1119478527E-03
   2106.00    0.1118314109E-03
   2107.00    0.1117154821E-03
   2108.00    0.1116000633E-03
   2109.00    0.1114851518E-03
   2110.00    0.1113707447E-03
   2111.00    0.1112568393E-03
   2112.00    0.1111434327E-03
   2113.00    0.1110305222E-03
   2114.00    0.1109181051E-03
   2115.00    0.1108061787E-03
   2116.00    0.1106947405E-03
   2117.00    0.1105837877E-03
   2118.00    0.1104733177E-03
   2119.00    0.1103633281E-03
   2120.00    0.1102538162E-03
   2121.00    0.1101447795E-03
   2122.00    0.1100362156E-03
   2123.00    0.1099281219E-03
   2124.00    0.1098204961E-03
   2125.00    0.1097133357E-03
   2126.00    0.1096066383E-03
   2127.00    0.1095004015E-03
   2128.00    0.1093946231E-03
   2129.00    0.1092893006E-03
   2130.00    0.1091844319E-03
   2131.00    0.1090800145E-03
   2132.00    0.1089760463E-03
   2133.00    0.1088725250E-03
   2134.00    0.1087694484E-03
   2135.00    0.1086668143E-03
   2136.00    0.1085646206E-03
   2137.00    0.1084628651E-03
   2138.00    0.1083615457E-03
   2139.00    0.1082606603E-03
   2140.00    0.1081602067E-03
   2141.00    0.1080601830E-03
   2142.00    0.1079605871E-03
   2143.00    0.1078614170E-03
   2144.00    0.1077626706E-03
   2145.00    0.1076643459E-03
   2146.00    0.1075664411E-03
   2147.00    0.1074689542E-03
   2148.00    0.1073718831E-03
   2149.00    0.1072752261E-03
   2150.00    0.1071789813E-03
   2151.00    0.1070831466E-03
   2152.00    0.1069877204E-03
   2153.00    0.1068927007E-03
   2154.00    0.1067980857E-03
   2155.00    0.1067038737E-03
   2156.00    0.1066100628E-03
   2157.00    0.1065166513E-03
   2158.00    0.1064236374E-03
   2159.00    0.1063310193E-03
   2160.00    0.1062387954E-03
   2161.00    0.1061469639E-03
   2162.00    0.1060555232E-03
   2163.00    0.1059644715E-03
   2164.00    0.1058738073E-03
   2165.00    0.1057835288E-03
   2166.00    0.1056936345E-03
   2167.00    0.1056041227E-03
   2168.00    0.1055149918E-03
   2169.00    0.1054262402E-03
   2170.00    0.1053378665E-03
   2171.00    0.1052498689E-03
   2172.00    0.1051622460E-03
   2173.00    0.1050749963E-03
   2174.00    0.1049881181E-03
   2175.00    0.1049016101E-03
   2176.00    0.1048154708E-03
   2177.00    0.1047296986E-03
   2178.00    0.1046442921E-03
   2179.00    0.1045592499E-03
   2180.00    0.1044745705E-03
   2181.00    0.1043902526E-03
   2182.00    0.1043062946E-03
   2183.00    0.1042226953E-03
   2184.00    0.1041394531E-03
   2185.00    0.1040565669E-03
   2186.00    0.1039740351E-03
   2187.00    0.1038918565E-03
   2188.00    0.1038100297E-03
   2189.00    0.1037285535E-03
   2190.00    0.1036474264E-03
   2191.00    0.1035666472E-03
   2192.00    0.1034862146E-03
   2193.00    0.1034061274E-03
   2194.00    0.1033263843E-03
   2195.00    0.1032469839E-03
   2196.00    0.1031679252E-03
   2197.00    0.1030892068E-03
   2198.00    0.1030108276E-03
   2199.00    0.1029327863E-03
   2200.00    0.1028550818E-03
   2201.00    0.1027777128E-03
   2202.00    0.1027006782E-03
   2203.00    0.1026239768E-03
   2204.00    0.1025476075E-03
   2205.00    0.1024715691E-03
   2206.00    0.1023958605E-03
   2207.00    0.1023204806E-03
   2208.00    0.1022454282E-03
   2209.00    0.1021707023E-03
   2210.00    0.1020963018E-03
   2211.00    0.1020222256E-03
   2212.00    0.1019484726E-03
   2213.00    0.1018750417E-03
   2214.00    0.1018019319E-03
   2215.00    0.1017291422E-03
   2216.00    0.1016566716E-03
   2217.00    0.1015845189E-03
   2218.00    0.1015126832E-03
   2219.00    0.1014411635E-03
   2220.00    0.1013699588E-03
   2221.00    0.1012990681E-03
   2222.00    0.1012284904E-03
   2223.00    0.1011582248E-03
   2224.00    0.1010882703E-03
   2225.00    0.1010186259E-03
   2226.00    0.1009492907E-03
   2227.00    0.1008802638E-03
   2228.00    0.1008115442E-03
   2229.00    0.1007431311E-03
   2230.00    0.1006750234E-03
   2231.00    0.1006072204E-03
   2232.00    0.1005397212E-03
   2233.00    0.1004725248E-03
   2234.00    0.1004056303E-03
   2235.00    0.1003390370E-03
   2236.00    0.1002727439E-03
   2237.00    0.1002067503E-03
   2238.00    0.1001410552E-03
   2239.00    0.1000756578E-03
   2240.00    0.1000105573E-03
   2241.00    0.9994575292E-04
   2242.00    0.9988124381E-04
   2243.00    0.9981702918E-04
   2244.00    0.9975310823E-04
   2245.00    0.9968948017E-04
   2246.00    0.9962614423E-04
   2247.00    0.9956309964E-04
   2248.00    0.9950034563E-04
   2249.00    0.9943788145E-04
   2250.00    0.9937570634E-04
   2251.00    0.9931381957E-04
   2252.00    0.9925222041E-04
   2253.00    0.9919090812E-04
   2254.00    0.9912988200E-04
   2255.00    0.9906914131E-04
   2256.00    0.9900868538E-04
   2257.00    0.9894851348E-04
   2258.00    0.9888862494E-04
   2259.00    0.9882901907E-04
   2260.00    0.9876969520E-04
   2261.00    0.9871065265E-04
   2262.00    0.9865189077E-04
   2263.00    0.9859340889E-04
   2264.00    0.9853520637E-04
   2265.00    0.9847728258E-04
   2266.00    0.9841963686E-04
   2267.00    0.9836226860E-04
   2268.00    0.9830517718E-04
   2269.00    0.9824836197E-04
   2270.00    0.9819182238E-04
   2271.00    0.9813555780E-04
   2272.00    0.9807956763E-04
   2273.00    0.9802385129E-04
   2274.00    0.9796840820E-04
   2275.00    0.9791323778E-04
   2276.00    0.9785833946E-04
   2277.00    0.9780371269E-04
   2278.00    0.9774935689E-04
   2279.00    0.9769527154E-04
   2280.00    0.9764145608E-04
   2281.00    0.9758790997E-04
   2282.00    0.9753463269E-04
   2283.00    0.9748162371E-04
   2284.00    0.9742888251E-04
   2285.00    0.9737640859E-04
   2286.00    0.9732420144E-04
   2287.00    0.9727226055E-04
   2288.00    0.9722058544E-04
   2289.00    0.9716917562E-04
   2290.00    0.9711803060E-04
   2291.00    0.9706714992E-04
   2292.00    0.9701653311E-04
   2293.00    0.9696617969E-04
   2294.00    0.9691608922E-04
   2295.00    0.9686626124E-04
   2296.00    0.9681669532E-04
   2297.00    0.9676739100E-04
   2298.00    0.9671834787E-04
   2299.00    0.9666956549E-04
   2300.00    0.9662104343E-04
   2301.00    0.9657278129E-04
   2302.00    0.9652477866E-04
   2303.00    0.9647703514E-04
   2304.00    0.9642955031E-04
   2305.00    0.9638232381E-04
   2306.00    0.9633535523E-04
   2307.00    0.9628864420E-04
   2308.00    0.9624219034E-04
   2309.00    0.9619599328E-04
   2310.00    0.9615005267E-04
   2311.00    0.9610436814E-04
   2312.00    0.9605893935E-04
   2313.00    0.9601376594E-04
   2314.00    0.9596884758E-04
   2315.00    0.9592418394E-04
   2316.00    0.9587977467E-04
   2317.00    0.9583561947E-04
   2318.00    0.9579171801E-04
   2319.00    0.9574806998E-04
   2320.00    0.9570467507E-04
   2321.00    0.9566153299E-04
   2322.00    0.9561864343E-04
   2323.00    0.9557600612E-04
   2324.00    0.9553362075E-04
   2325.00    0.9549148707E-04
   2326.00    0.9544960479E-04
   2327.00    0.9540797364E-04
   2328.00    0.9536659336E-04
   2329.00    0.9532546371E-04
   2330.00    0.9528458442E-04
   2331.00    0.9524395525E-04
   2332.00    0.9520357596E-04
   2333.00    0.9516344631E-04
   2334.00    0.9512356609E-04
   2335.00    0.9508393506E-04
   2336.00    0.9504455300E-04
   2337.00    0.9500541971E-04
   2338.00    0.9496653498E-04
   2339.00    0.9492789860E-04
   2340.00    0.9488951037E-04
   2341.00    0.9485137012E-04
   2342.00    0.9481347765E-04
   2343.00    0.9477583279E-04
   2344.00    0.9473843535E-04
   2345.00    0.9470128518E-04
   2346.00    0.9466438210E-04
   2347.00    0.9462772597E-04
   2348.00    0.9459131662E-04
   2349.00    0.9455515391E-04
   2350.00    0.9451923770E-04
   2351.00    0.9448356785E-04
   2352.00    0.9444814424E-04
   2353.00    0.9441296673E-04
   2354.00    0.9437803521E-04
   2355.00    0.9434334956E-04
   2356.00    0.9430890968E-04
   2357.00    0.9427471546E-04
   2358.00    0.9424076681E-04
   2359.00    0.9420706363E-04
   2360.00    0.9417360583E-04
   2361.00    0.9414039334E-04
   2362.00    0.9410742607E-04
   2363.00    0.9407470397E-04
   2364.00    0.9404222695E-04
   2365.00    0.9400999497E-04
   2366.00    0.9397800797E-04
   2367.00    0.9394626591E-04
   2368.00    0.9391476873E-04
   2369.00    0.9388351641E-04
   2370.00    0.9385250890E-04
   2371.00    0.9382174619E-04
   2372.00    0.9379122826E-04
   2373.00    0.9376095508E-04
   2374.00    0.9373092666E-04
   2375.00    0.9370114298E-04
   2376.00    0.9367160405E-04
   2377.00    0.9364230988E-04
   2378.00    0.9361326048E-04
   2379.00    0.9358445587E-04
   2380.00    0.9355589607E-04
   2381.00    0.9352758111E-04
   2382.00    0.9349951103E-04
   2383.00    0.9347168587E-04
   2384.00    0.9344410569E-04
   2385.00    0.9341677052E-04
   2386.00    0.9338968043E-04
   2387.00    0.9336283549E-04
   2388.00    0.9333623576E-04
   2389.00    0.9330988133E-04
   2390.00    0.9328377226E-04
   2391.00    0.9325790866E-04
   2392.00    0.9323229061E-04
   2393.00    0.9320691822E-04
   2394.00    0.9318179158E-04
   2395.00    0.9315691082E-04
   2396.00    0.9313227604E-04
   2397.00    0.9310788737E-04
   2398.00    0.9308374494E-04
   2399.00    0.9305984889E-04
   2400.00    0.9303619935E-04
   2401.00    0.9301279647E-04
   2402.00    0.9298964041E-04
   2403.00    0.9296673132E-04
   2404.00    0.9294406937E-04
   2405.00    0.9292165474E-04
   2406.00    0.9289948759E-04
   2407.00    0.9287756811E-04
   2408.00    0.9285589649E-04
   2409.00    0.9283447293E-04
   2410.00    0.9281329764E-04
   2411.00    0.9279237080E-04
   2412.00    0.9277169266E-04
   2413.00    0.9275126341E-04
   2414.00    0.9273108330E-04
   2415.00    0.9271115255E-04
   2416.00    0.9269147140E-04
   2417.00    0.9267204011E-04
   2418.00    0.9265285892E-04
   2419.00    0.9263392809E-04
   2420.00    0.9261524790E-04
   2421.00    0.9259681860E-04
   2422.00    0.9257864049E-04
   2423.00    0.9256071384E-04
   2424.00    0.9254303896E-04
   2425.00    0.9252561613E-04
   2426.00    0.9250844566E-04
   2427.00    0.9249152787E-04
   2428.00    0.9247486308E-04
   2429.00    0.9245845161E-04
   2430.00    0.9244229379E-04
   2431.00    0.9242638997E-04
   2432.00    0.9241074049E-04
   2433.00    0.9239534570E-04
   2434.00    0.9238020597E-04
   2435.00    0.9236532166E-04
   2436.00    0.9235069315E-04
   2437.00    0.9233632082E-04
   2438.00    0.9232220505E-04
   2439.00    0.9230834625E-04
   2440.00    0.9229474482E-04
   2441.00    0.9228140117E-04
   2442.00    0.9226831572E-04
   2443.00    0.9225548889E-04
   2444.00    0.9224292111E-04
   2445.00    0.9223061283E-04
   2446.00    0.9221856450E-04
   2447.00    0.9220677656E-04
   2448.00    0.9219524949E-04
   2449.00    0.9218398375E-04
   2450.00    0.9217297982E-04
   2451.00    0.9216223819E-04
   2452.00    0.9215175935E-04
   2453.00    0.9214154380E-04
   2454.00    0.9213159206E-04
   2455.00    0.9212190464E-04
   2456.00    0.9211248206E-04
   2457.00    0.9210332487E-04
   2458.00    0.9209443360E-04
   2459.00    0.9208580880E-04
   2460.00    0.9207745103E-04
   2461.00    0.9206936085E-04
   2462.00    0.9206153885E-04
   2463.00    0.9205398561E-04
   2464.00    0.9204670171E-04
   2465.00    0.9203968776E-04
   2466.00    0.9203294437E-04
   2467.00    0.9202647215E-04
   2468.00    0.9202027173E-04
   2469.00    0.9201434374E-04
   2470.00    0.9200868884E-04
   2471.00    0.9200330767E-04
   2472.00    0.9199820089E-04
   2473.00    0.9199336918E-04
   2474.00    0.9198881321E-04
   2475.00    0.9198453368E-04
   2476.00    0.9198053128E-04
   2477.00    0.9197680672E-04
   2478.00    0.9197336072E-04
   2479.00    0.9197019400E-04
   2480.00    0.9196730730E-04
   2481.00    0.9196470137E-04
   2482.00    0.9196237696E-04
   2483.00    0.9196033483E-04
   2484.00    0.9195857577E-04
   2485.00    0.9195710055E-04
   2486.00    0.9195590998E-04
   2487.00    0.9195500485E-04
   2488.00    0.9195438599E-04
   2489.00    0.9195405421E-04
   2490.00    0.9195401036E-04
   2491.00    0.9195425528E-04
   2492.00    0.9195478983E-04
   2493.00    0.9195561487E-04
   2494.00    0.9195673128E-04
   2495.00    0.9195813996E-04
   2496.00    0.9195984180E-04
   2497.00    0.9196183771E-04
   2498.00    0.9196412861E-04
   2499.00    0.9196671544E-04
   2500.00    0.9196959915E-04
   2501.00    0.9197278068E-04
   2502.00    0.9197626101E-04
   2503.00    0.9198004111E-04
   2504.00    0.9198412198E-04
   2505.00    0.9198850461E-04
   2506.00    0.9199319002E-04
   2507.00    0.9199817924E-04
   2508.00    0.9200347331E-04
   2509.00    0.9200907327E-04
   2510.00    0.9201498019E-04
   2511.00    0.9202119514E-04
   2512.00    0.9202771921E-04
   2513.00    0.9203455351E-04
   2514.00    0.9204169913E-04
   2515.00    0.9204915722E-04
   2516.00    0.9205692891E-04
   2517.00    0.9206501534E-04
   2518.00    0.9207341770E-04
   2519.00    0.9208213715E-04
   2520.00    0.9209117489E-04
   2521.00    0.9210053212E-04
   2522.00    0.9211021006E-04
   2523.00    0.9212020995E-04
   2524.00    0.9213053304E-04
   2525.00    0.9214118058E-04
   2526.00    0.9215215386E-04
   2527.00    0.9216345416E-04
   2528.00    0.9217508279E-04
   2529.00    0.9218704106E-04
   2530.00    0.9219933032E-04
   2531.00    0.9221195192E-04
   2532.00    0.9222490721E-04
   2533.00    0.9223819758E-04
   2534.00    0.9225182442E-04
   2535.00    0.9226578916E-04
   2536.00    0.9228009320E-04
   2537.00    0.9229473800E-04
   2538.00    0.9230972502E-04
   2539.00    0.9232505573E-04
   2540.00    0.9234073163E-04
   2541.00    0.9235675421E-04
   2542.00    0.9237312502E-04
   2543.00    0.9238984559E-04
   2544.00    0.9240691748E-04
   2545.00    0.9242434227E-04
   2546.00    0.9244212155E-04
   2547.00    0.9246025693E-04
   2548.00    0.9247875005E-04
   2549.00    0.9249760256E-04
   2550.00    0.9251681611E-04
   2551.00    0.9253639240E-04
   2552.00    0.9255633313E-04
   2553.00    0.9257664002E-04
   2554.00    0.9259731481E-04
   2555.00    0.9261835927E-04
   2556.00    0.9263977517E-04
   2557.00    0.9266156431E-04
   2558.00    0.9268372852E-04
   2559.00    0.9270626963E-04
   2560.00    0.9272918950E-04
   2561.00    0.9275249002E-04
   2562.00    0.9277617309E-04
   2563.00    0.9280024062E-04
   2564.00    0.9282469457E-04
   2565.00    0.9284953690E-04
   2566.00    0.9287476959E-04
   2567.00    0.9290039466E-04
   2568.00    0.9292641413E-04
   2569.00    0.9295283007E-04
   2570.00    0.9297964454E-04
   2571.00    0.9300685964E-04
   2572.00    0.9303447751E-04
   2573.00    0.9306250028E-04
   2574.00    0.9309093012E-04
   2575.00    0.9311976923E-04
   2576.00    0.9314901984E-04
   2577.00    0.9317868417E-04
   2578.00    0.9320876450E-04
   2579.00    0.9323926312E-04
   2580.00    0.9327018235E-04
   2581.00    0.9330152454E-04
   2582.00    0.9333329205E-04
   2583.00    0.9336548728E-04
   2584.00    0.9339811266E-04
   2585.00    0.9343117063E-04
   2586.00    0.9346466368E-04
   2587.00    0.9349859431E-04
   2588.00    0.9353296505E-04
   2589.00    0.9356777846E-04
   2590.00    0.9360303714E-04
   2591.00    0.9363874370E-04
   2592.00    0.9367490079E-04
   2593.00    0.9371151110E-04
   2594.00    0.9374857733E-04
   2595.00    0.9378610221E-04
   2596.00    0.9382408853E-04
   2597.00    0.9386253907E-04
   2598.00    0.9390145668E-04
   2599.00    0.9394084422E-04
   2600.00    0.9398070458E-04
   2601.00    0.9402104069E-04
   2602.00    0.9406185552E-04
   2603.00    0.9410315207E-04
   2604.00    0.9414493335E-04
   2605.00    0.9418720245E-04
   2606.00    0.9422996245E-04
   2607.00    0.9427321650E-04
   2608.00    0.9431696776E-04
   2609.00    0.9436121945E-04
   2610.00    0.9440597480E-04
   2611.00    0.9445123709E-04
   2612.00    0.9449700965E-04
   2613.00    0.9454329582E-04
   2614.00    0.9459009901E-04
   2615.00    0.9463742266E-04
   2616.00    0.9468527022E-04
   2617.00    0.9473364522E-04
   2618.00    0.9478255121E-04
   2619.00    0.9483199179E-04
   2620.00    0.9488197059E-04
   2621.00    0.9493249129E-04
   2622.00    0.9498355761E-04
   2623.00    0.9503517333E-04
   2624.00    0.9508734224E-04
   2625.00    0.9514006821E-04
   2626.00    0.9519335513E-04
   2627.00    0.9524720695E-04
   2628.00    0.9530162765E-04
   2629.00    0.9535662128E-04
   2630.00    0.9541219192E-04
   2631.00    0.9546834370E-04
   2632.00    0.9552508081E-04
   2633.00    0.9558240748E-04
   2634.00    0.9564032798E-04
   2635.00    0.9569884666E-04
   2636.00    0.9575796790E-04
   2637.00    0.9581769613E-04
   2638.00    0.9587803584E-04
   2639.00    0.9593899158E-04
   2640.00    0.9600056795E-04
   2641.00    0.9606276959E-04
   2642.00    0.9612560122E-04
   2643.00    0.9618906760E-04
   2644.00    0.9625317356E-04
   2645.00    0.9631792397E-04
   2646.00    0.9638332378E-04
   2647.00    0.9644937799E-04
   2648.00    0.9651609166E-04
   2649.00    0.9658346991E-04
   2650.00    0.9665151793E-04
   2651.00    0.9672024097E-04
   2652.00    0.9678964434E-04
   2653.00    0.9685973342E-04
   2654.00    0.9693051366E-04
   2655.00    0.9700199057E-04
   2656.00    0.9707416973E-04
   2657.00    0.9714705679E-04
   2658.00    0.9722065746E-04
   2659.00    0.9729497755E-04
   2660.00    0.9737002291E-04
   2661.00    0.9744579949E-04
   2662.00    0.9752231328E-04
   2663.00    0.9759957038E-04
   2664.00    0.9767757696E-04
   2665.00    0.9775633924E-04
   2666.00    0.9783586356E-04
   2667.00    0.9791615631E-04
   2668.00    0.9799722397E-04
   2669.00    0.9807907311E-04
   2670.00    0.9816171037E-04
   2671.00    0.9824514249E-04
   2672.00    0.9832937628E-04
   2673.00    0.9841441865E-04
   2674.00    0.9850027660E-04
   2675.00    0.9858695720E-04
   2676.00    0.9867446764E-04
   2677.00    0.9876281519E-04
   2678.00    0.9885200720E-04
   2679.00    0.9894205115E-04
   2680.00    0.9903295458E-04
   2681.00    0.9912472515E-04
   2682.00    0.9921737063E-04
   2683.00    0.9931089887E-04
   2684.00    0.9940531782E-04
   2685.00    0.9950063557E-04
   2686.00    0.9959686028E-04
   2687.00    0.9969400024E-04
   2688.00    0.9979206384E-04
   2689.00    0.9989105959E-04
   2690.00    0.9999099610E-04
   2691.00    0.1000918821E-03
   2692.00    0.1001937265E-03
   2693.00    0.1002965382E-03
   2694.00    0.1004003263E-03
   2695.00    0.1005051000E-03
   2696.00    0.1006108688E-03
   2697.00    0.1007176420E-03
   2698.00    0.1008254292E-03
   2699.00    0.1009342402E-03
   2700.00    0.1010440848E-03
   2701.00    0.1011549731E-03
   2702.00    0.1012669152E-03
   2703.00    0.1013799213E-03
   2704.00    0.1014940019E-03
   2705.00    0.1016091676E-03
   2706.00    0.1017254290E-03
   2707.00    0.1018427970E-03
   2708.00    0.1019612827E-03
   2709.00    0.1020808972E-03
   2710.00    0.1022016519E-03
   2711.00    0.1023235582E-03
   2712.00    0.1024466278E-03
   2713.00    0.1025708724E-03
   2714.00    0.1026963042E-03
   2715.00    0.1028229353E-03
   2716.00    0.1029507779E-03
   2717.00    0.1030798447E-03
   2718.00    0.1032101482E-03
   2719.00    0.1033417015E-03
   2720.00    0.1034745175E-03
   2721.00    0.1036086094E-03
   2722.00    0.1037439909E-03
   2723.00    0.1038806754E-03
   2724.00    0.1040186769E-03
   2725.00    0.1041580093E-03
   2726.00    0.1042986871E-03
   2727.00    0.1044407245E-03
   2728.00    0.1045841364E-03
   2729.00    0.1047289376E-03
   2730.00    0.1048751433E-03
   2731.00    0.1050227687E-03
   2732.00    0.1051718296E-03
   2733.00    0.1053223417E-03
   2734.00    0.1054743210E-03
   2735.00    0.1056277840E-03
   2736.00    0.1057827471E-03
   2737.00    0.1059392272E-03
   2738.00    0.1060972414E-03
   2739.00    0.1062568069E-03
   2740.00    0.1064179413E-03
   2741.00    0.1065806627E-03
   2742.00    0.1067449890E-03
   2743.00    0.1069109388E-03
   2744.00    0.1070785307E-03
   2745.00    0.1072477838E-03
   2746.00    0.1074187174E-03
   2747.00    0.1075913511E-03
   2748.00    0.1077657049E-03
   2749.00    0.1079417990E-03
   2750.00    0.1081196539E-03
   2751.00    0.1082992907E-03
   2752.00    0.1084807305E-03
   2753.00    0.1086639949E-03
   2754.00    0.1088491059E-03
   2755.00    0.1090360857E-03
   2756.00    0.1092249571E-03
   2757.00    0.1094157429E-03
   2758.00    0.1096084667E-03
   2759.00    0.1098031522E-03
   2760.00    0.1099998237E-03
   2761.00    0.1101985056E-03
   2762.00    0.1103992230E-03
   2763.00    0.1106020013E-03
   2764.00    0.1108068663E-03
   2765.00    0.1110138444E-03
   2766.00    0.1112229621E-03
   2767.00    0.1114342467E-03
   2768.00    0.1116477259E-03
   2769.00    0.1118634277E-03
   2770.00    0.1120813806E-03
   2771.00    0.1123016139E-03
   2772.00    0.1125241570E-03
   2773.00    0.1127490400E-03
   2774.00    0.1129762936E-03
   2775.00    0.1132059489E-03
   2776.00    0.1134380376E-03
   2777.00    0.1136725919E-03
   2778.00    0.1139096447E-03
   2779.00    0.1141492293E-03
   2780.00    0.1143913798E-03
   2781.00    0.1146361307E-03
   2782.00    0.1148835173E-03
   2783.00    0.1151335754E-03
   2784.00    0.1153863415E-03
   2785.00    0.1156418528E-03
   2786.00    0.1159001472E-03
   2787.00    0.1161612630E-03
   2788.00    0.1164252397E-03
   2789.00    0.1166921171E-03
   2790.00    0.1169619360E-03
   2791.00    0.1172347377E-03
   2792.00    0.1175105646E-03
   2793.00    0.1177894595E-03
   2794.00    0.1180714665E-03
   2795.00    0.1183566300E-03
   2796.00    0.1186449956E-03
   2797.00    0.1189366097E-03
   2798.00    0.1192315195E-03
   2799.00    0.1195297731E-03
   2800.00    0.1198314197E-03
   2801.00    0.1201365092E-03
   2802.00    0.1204450926E-03
   2803.00    0.1207572220E-03
   2804.00    0.1210729503E-03
   2805.00    0.1213923316E-03
   2806.00    0.1217154210E-03
   2807.00    0.1220422748E-03
   2808.00    0.1223729501E-03
   2809.00    0.1227075056E-03
   2810.00    0.1230460009E-03
   2811.00    0.1233884968E-03
   2812.00    0.1237350554E-03
   2813.00    0.1240857400E-03
   2814.00    0.1244406153E-03
   2815.00    0.1247997473E-03
   2816.00    0.1251632033E-03
   2817.00    0.1255310521E-03
   2818.00    0.1259033637E-03
   2819.00    0.1262802098E-03
   2820.00    0.1266616635E-03
   2821.00    0.1270477995E-03
   2822.00    0.1274386940E-03
   2823.00    0.1278344250E-03
   2824.00    0.1282350719E-03
   2825.00    0.1286407160E-03
   2826.00    0.1290514404E-03
   2827.00    0.1294673297E-03
   2828.00    0.1298884706E-03
   2829.00    0.1303149518E-03
   2830.00    0.1307468636E-03
   2831.00    0.1311842987E-03
   2832.00    0.1316273514E-03
   2833.00    0.1320761186E-03
   2834.00    0.1325306990E-03
   2835.00    0.1329911936E-03
   2836.00    0.1334577059E-03
   2837.00    0.1339303415E-03
   2838.00    0.1344092085E-03
   2839.00    0.1348944176E-03
   2840.00    0.1353860818E-03
   2841.00    0.1358843171E-03
   2842.00    0.1363892417E-03
   2843.00    0.1369009771E-03
   2844.00    0.1374196474E-03
   2845.00    0.1379453796E-03
   2846.00    0.1384783038E-03
   2847.00    0.1390185532E-03
   2848.00    0.1395662642E-03
   2849.00    0.1401215767E-03
   2850.00    0.1406846337E-03
   2851.00    0.1412555817E-03
   2852.00    0.1418345712E-03
   2853.00    0.1424217559E-03
   2854.00    0.1430172937E-03
   2855.00    0.1436213464E-03
   2856.00    0.1442340796E-03
   2857.00    0.1448556634E-03
   2858.00    0.1454862720E-03
   2859.00    0.1461260843E-03
   2860.00    0.1467752836E-03
   2861.00    0.1474340579E-03
   2862.00    0.1481026003E-03
   2863.00    0.1487811087E-03
   2864.00    0.1494697865E-03
   2865.00    0.1501688421E-03
   2866.00    0.1508784899E-03
   2867.00    0.1515989496E-03
   2868.00    0.1523304472E-03
   2869.00    0.1530732144E-03
   2870.00    0.1538274897E-03
   2871.00    0.1545935177E-03
   2872.00    0.1553715500E-03
   2873.00    0.1561618452E-03
   2874.00    0.1569646689E-03
   2875.00    0.1577802943E-03
   2876.00    0.1586090024E-03
   2877.00    0.1594510820E-03
   2878.00    0.1603068304E-03
   2879.00    0.1611765533E-03
   2880.00    0.1620605653E-03
   2881.00    0.1629591901E-03
   2882.00    0.1638727610E-03
   2883.00    0.1648016212E-03
   2884.00    0.1657461241E-03
   2885.00    0.1667066335E-03
   2886.00    0.1676835243E-03
   2887.00    0.1686771828E-03
   2888.00    0.1696880072E-03
   2889.00    0.1707164076E-03
   2890.00    0.1717628072E-03
   2891.00    0.1728276422E-03
   2892.00    0.1739113625E-03
   2893.00    0.1750144322E-03
   2894.00    0.1761373303E-03
   2895.00    0.1772805511E-03
   2896.00    0.1784446048E-03
   2897.00    0.1796300183E-03
   2898.00    0.1808373358E-03
   2899.00    0.1820671193E-03
   2900.00    0.1833199496E-03
   2901.00    0.1845964269E-03
   2902.00    0.1858971718E-03
   2903.00    0.1872228259E-03
   2904.00    0.1885740528E-03
   2905.00    0.1899515389E-03
   2906.00    0.1913559947E-03
   2907.00    0.1927881554E-03
   2908.00    0.1942487825E-03
   2909.00    0.1957386642E-03
   2910.00    0.1972586174E-03
   2911.00    0.1988094884E-03
   2912.00    0.2003921542E-03
   2913.00    0.2020075245E-03
   2914.00    0.2036565423E-03
   2915.00    0.2053401861E-03
   2916.00    0.2070594714E-03
   2917.00    0.2088154520E-03
   2918.00    0.2106092226E-03
   2919.00    0.2124419197E-03
   2920.00    0.2143147247E-03
   2921.00    0.2162288651E-03
   2922.00    0.2181856174E-03
   2923.00    0.2201863092E-03
   2924.00    0.2222323217E-03
   2925.00    0.2243250925E-03
   2926.00    0.2264661186E-03
   2927.00    0.2286569590E-03
   2928.00    0.2308992380E-03
   2929.00    0.2331946491E-03
   2930.00    0.2355449578E-03
   2931.00    0.2379520060E-03
   2932.00    0.2404177159E-03
   2933.00    0.2429440942E-03
   2934.00    0.2455332369E-03
   2935.00    0.2481873341E-03
   2936.00    0.2509086752E-03
   2937.00    0.2536996545E-03
   2938.00    0.2565627770E-03
   2939.00    0.2595006652E-03
   2940.00    0.2625160653E-03
   2941.00    0.2656118548E-03
   2942.00    0.2687910502E-03
   2943.00    0.2720568150E-03
   2944.00    0.2754124692E-03
   2945.00    0.2788614984E-03
   2946.00    0.2824075638E-03
   2947.00    0.2860545140E-03
   2948.00    0.2898063959E-03
   2949.00    0.2936674681E-03
   2950.00    0.2976422140E-03
   2951.00    0.3017353572E-03
   2952.00    0.3059518766E-03
   2953.00    0.3102970241E-03
   2954.00    0.3147763432E-03
   2955.00    0.3193956883E-03
   2956.00    0.3241612472E-03
   2957.00    0.3290795643E-03
   2958.00    0.3341575656E-03
   2959.00    0.3394025870E-03
   2960.00    0.3448224041E-03
   2961.00    0.3504252646E-03
   2962.00    0.3562199243E-03
   2963.00    0.3622156854E-03
   2964.00    0.3684224393E-03
   2965.00    0.3748507127E-03
   2966.00    0.3815117179E-03
   2967.00    0.3884174087E-03
   2968.00    0.3955805410E-03
   2969.00    0.4030147396E-03
   2970.00    0.4107345717E-03
   2971.00    0.4187556277E-03
   2972.00    0.4270946107E-03
   2973.00    0.4357694348E-03
   2974.00    0.4447993343E-03
   2975.00    0.4542049846E-03
   2976.00    0.4640086364E-03
   2977.00    0.4742342643E-03
   2978.00    0.4849077336E-03
   2979.00    0.4960569848E-03
   2980.00    0.5077122412E-03
   2981.00    0.5199062405E-03
   2982.00    0.5326744949E-03
   2983.00    0.5460555836E-03
   2984.00    0.5600914823E-03
   2985.00    0.5748279350E-03
   2986.00    0.5903148754E-03
   2987.00    0.6066069041E-03
   2988.00    0.6237638319E-03
   2989.00    0.6418512983E-03
   2990.00    0.6609414797E-03
   2991.00    0.6811138993E-03
   2992.00    0.7024563597E-03
   2993.00    0.7250660166E-03
   2994.00    0.7490506208E-03
   2995.00    0.7745299588E-03
   2996.00    0.8016375295E-03
   2997.00    0.8305225021E-03
   2998.00    0.8613520118E-03
   2999.00    0.8943138600E-03
   3000.00    0.9296197058E-03
   3001.00    0.9675088505E-03
   3002.00    0.1008252749E-02
   3003.00    0.1052160409E-02
   3004.00    0.1099584889E-02
   3005.00    0.1150931149E-02
   3006.00    0.1206665603E-02
   3007.00    0.1267327797E-02
   3008.00    0.1333544768E-02
   3009.00    0.1406048828E-02
   3010.00    0.1485699729E-02
   3011.00    0.1573512494E-02
   3012.00    0.1670692619E-02
   3013.00    0.1778680988E-02
   3014.00    0.1899211660E-02
   3015.00    0.2034386923E-02
   3016.00    0.2186775772E-02
   3017.00    0.2359544478E-02
   3018.00    0.2556631762E-02
   3019.00    0.2782986717E-02
   3020.00    0.3044896340E-02
   3021.00    0.3350442985E-02
   3022.00    0.3710153356E-02
   3023.00    0.4137934921E-02
   3024.00    0.4652451848E-02
   3025.00    0.5279186663E-02
   3026.00    0.6053594209E-02
   3027.00    0.7026032551E-02
   3028.00    0.8269642689E-02
   3029.00    0.9893200555E-02
   3030.00    0.1206240122E-01
   3031.00    0.1503515604E-01
   3032.00    0.1921807708E-01
   3033.00    0.2524403050E-01
   3034.00    0.3401419434E-01
   3035.00    0.4639235187E-01
   3036.00    0.6153147611E-01
   3037.00    0.7317855355E-01
   3038.00    0.7157817596E-01
   3039.00    0.5767601195E-01
   3040.00    0.4178217578E-01
   3041.00    0.2944650702E-01
   3042.00    0.2089902090E-01
   3043.00    0.1493847115E-01
   3044.00    0.1048223368E-01
   3045.00    0.6962835609E-02
   3046.00    0.4390082539E-02
   3047.00    0.2822428281E-02
   3048.00    0.1977757572E-02
   3049.00    0.1504822140E-02
   3050.00    0.1197491161E-02
   3051.00    0.9690596552E-03
   3052.00    0.7863664971E-03
   3053.00    0.6356480618E-03
   3054.00    0.5100127475E-03
   3055.00    0.4053406494E-03
   3056.00    0.3190198095E-03
   3057.00    0.2496571013E-03
   3058.00    0.1971422895E-03
   3059.00    0.1625302294E-03
   3060.00    0.1466320449E-03
   3061.00    0.1472391636E-03
   3062.00    0.1588758319E-03
   3063.00    0.1760452284E-03
   3064.00    0.1951866772E-03
   3065.00    0.2144364354E-03
   3066.00    0.2329217733E-03
   3067.00    0.2502804354E-03
   3068.00    0.2664039099E-03
   3069.00    0.2813077796E-03
   3070.00    0.2950663250E-03
   3071.00    0.3077791442E-03
   3072.00    0.3195539850E-03
   3073.00    0.3304979766E-03
   3074.00    0.3407132996E-03
   3075.00    0.3502952288E-03
   3076.00    0.3593314381E-03
   3077.00    0.3679019555E-03
   3078.00    0.3760794204E-03
   3079.00    0.3839294384E-03
   3080.00    0.3915109035E-03
   3081.00    0.3988762044E-03
   3082.00    0.4060712510E-03
   3083.00    0.4131352928E-03
   3084.00    0.4201005534E-03
   3085.00    0.4269918685E-03
   3086.00    0.4338269205E-03
   3087.00    0.4406187332E-03
   3088.00    0.4473848576E-03
   3089.00    0.4541749369E-03
   3090.00    0.4611476732E-03
   3091.00    0.4687801264E-03
   3092.00    0.4784285024E-03
   3093.00    0.4937732832E-03
   3094.00    0.5240456896E-03
   3095.00    0.5880280897E-03
   3096.00    0.7049697849E-03
   3097.00    0.8440382360E-03
   3098.00    0.8944074209E-03
   3099.00    0.8170075548E-03
   3100.00    0.7173220525E-03
   3101.00    0.6749706969E-03
   3102.00    0.7002855842E-03
   3103.00    0.7961313863E-03
   3104.00    0.9753437286E-03
   3105.00    0.1188101234E-02
   3106.00    0.1259933292E-02
   3107.00    0.1105168430E-02
   3108.00    0.8516174233E-03
   3109.00    0.6203276315E-03
   3110.00    0.4455238734E-03
   3111.00    0.3236150237E-03
   3112.00    0.2452808146E-03
   3113.00    0.2030791664E-03
   3114.00    0.1893331926E-03
   3115.00    0.1942562814E-03
   3116.00    0.2088674992E-03
   3117.00    0.2275050344E-03
   3118.00    0.2473422128E-03
   3119.00    0.2671412891E-03
   3120.00    0.2864279382E-03
   3121.00    0.3050754276E-03
   3122.00    0.3231106515E-03
   3123.00    0.3406251134E-03
   3124.00    0.3577342617E-03
   3125.00    0.3745592511E-03
   3126.00    0.3912192458E-03
   3127.00    0.4078287261E-03
   3128.00    0.4244971668E-03
   3129.00    0.4413298242E-03
   3130.00    0.4584290221E-03
   3131.00    0.4758956522E-03
   3132.00    0.4938307651E-03
   3133.00    0.5123372101E-03
   3134.00    0.5315213252E-03
   3135.00    0.5514947050E-03
   3136.00    0.5723760861E-03
   3137.00    0.5942934031E-03
   3138.00    0.6173860799E-03
   3139.00    0.6418076333E-03
   3140.00    0.6677286827E-03
   3141.00    0.6953404814E-03
   3142.00    0.7248591147E-03
   3143.00    0.7565305470E-03
   3144.00    0.7906367519E-03
   3145.00    0.8275032295E-03
   3146.00    0.8675083094E-03
   3147.00    0.9110947640E-03
   3148.00    0.9587844385E-03
   3149.00    0.1011196850E-02
   3150.00    0.1069073053E-02
   3151.00    0.1133306578E-02
   3152.00    0.1204983953E-02
   3153.00    0.1285438373E-02
   3154.00    0.1376321644E-02
   3155.00    0.1479701857E-02
   3156.00    0.1598197807E-02
   3157.00    0.1735166734E-02
   3158.00    0.1894970624E-02
   3159.00    0.2083360285E-02
   3160.00    0.2308038959E-02
   3161.00    0.2579504278E-02
   3162.00    0.2912328290E-02
   3163.00    0.3327134566E-02
   3164.00    0.3853685551E-02
   3165.00    0.4535692467E-02
   3166.00    0.5437978867E-02
   3167.00    0.6654750933E-02
   3168.00    0.8302604182E-02
   3169.00    0.1040461661E-01
   3170.00    0.1248353715E-01
   3171.00    0.1350752195E-01
   3172.00    0.1323053639E-01
   3173.00    0.1241163748E-01
   3174.00    0.1168315873E-01
   3175.00    0.1129452990E-01
   3176.00    0.1132877795E-01
   3177.00    0.1184785064E-01
   3178.00    0.1294583424E-01
   3179.00    0.1473535251E-01
   3180.00    0.1718570356E-01
   3181.00    0.1959799655E-01
   3182.00    0.2004455570E-01
   3183.00    0.1709150401E-01
   3184.00    0.1248747907E-01
   3185.00    0.8584987643E-02
   3186.00    0.5958103999E-02
   3187.00    0.4298465565E-02
   3188.00    0.3243338847E-02
   3189.00    0.2551286211E-02
   3190.00    0.2079892313E-02
   3191.00    0.1746588401E-02
   3192.00    0.1502678111E-02
   3193.00    0.1318601386E-02
   3194.00    0.1175831357E-02
   3195.00    0.1062383421E-02
   3196.00    0.9702702669E-03
   3197.00    0.8940195249E-03
   3198.00    0.8297852270E-03
   3199.00    0.7747999363E-03
   3200.00    0.7270276733E-03
   3201.00    0.6849383300E-03
   3202.00    0.6473574274E-03
   3203.00    0.6133636841E-03
   3204.00    0.5822175888E-03
   3205.00    0.5533105300E-03
   3206.00    0.5261279757E-03
   3207.00    0.5002228414E-03
   3208.00    0.4751973288E-03
   3209.00    0.4506939287E-03
   3210.00    0.4264001783E-03
   3211.00    0.4020796021E-03
   3212.00    0.3776587249E-03
   3213.00    0.3534401532E-03
   3214.00    0.3306011630E-03
   3215.00    0.3123033898E-03
   3216.00    0.3058354779E-03
   3217.00    0.3252663865E-03
   3218.00    0.3912102966E-03
   3219.00    0.5266557179E-03
   3220.00    0.7575103903E-03
   3221.00    0.1115750281E-02
   3222.00    0.1617251751E-02
   3223.00    0.2165225521E-02
   3224.00    0.2437905635E-02
   3225.00    0.2179479051E-02
   3226.00    0.1625885807E-02
   3227.00    0.1117718094E-02
   3228.00    0.7646202220E-03
   3229.00    0.5515252730E-03
   3230.00    0.4441748898E-03
   3231.00    0.4131565213E-03
   3232.00    0.4355991903E-03
   3233.00    0.5020286152E-03
   3234.00    0.6147947620E-03
   3235.00    0.7437776305E-03
   3236.00    0.7993286181E-03
   3237.00    0.7522995429E-03
   3238.00    0.6604817723E-03
   3239.00    0.5744116126E-03
   3240.00    0.5190797168E-03
   3241.00    0.5137750257E-03
   3242.00    0.5812200677E-03
   3243.00    0.7451921915E-03
   3244.00    0.1034883877E-02
   3245.00    0.1500040487E-02
   3246.00    0.2222132583E-02
   3247.00    0.3294510102E-02
   3248.00    0.4685678725E-02
   3249.00    0.5905909709E-02
   3250.00    0.6068840109E-02
   3251.00    0.5095554170E-02
   3252.00    0.3814266340E-02
   3253.00    0.2758071231E-02
   3254.00    0.2004094890E-02
   3255.00    0.1482650658E-02
   3256.00    0.1118790700E-02
   3257.00    0.8592078631E-03
   3258.00    0.6693433564E-03
   3259.00    0.5271201955E-03
   3260.00    0.4182744720E-03
   3261.00    0.3334038037E-03
   3262.00    0.2661745898E-03
   3263.00    0.2122361183E-03
   3264.00    0.1685579535E-03
   3265.00    0.1330256252E-03
   3266.00    0.1042028912E-03
   3267.00    0.8121238961E-04
   3268.00    0.6370048974E-04
   3269.00    0.5179028696E-04
   3270.00    0.4572490346E-04
   3271.00    0.4501527339E-04
   3272.00    0.4809115477E-04
   3273.00    0.5317977218E-04
   3274.00    0.5905716764E-04
   3275.00    0.6506020921E-04
   3276.00    0.7086841629E-04
   3277.00    0.7634021383E-04
   3278.00    0.8142344186E-04
   3279.00    0.8611006074E-04
   3280.00    0.9041337557E-04
   3281.00    0.9435643847E-04
   3282.00    0.9796607084E-04
   3283.00    0.1012697776E-03
   3284.00    0.1042941840E-03
   3285.00    0.1070642884E-03
   3286.00    0.1096031551E-03
   3287.00    0.1119318451E-03
   3288.00    0.1140694713E-03
   3289.00    0.1160333165E-03
   3290.00    0.1178389777E-03
   3291.00    0.1195005186E-03
   3292.00    0.1210306184E-03
   3293.00    0.1224407124E-03
   3294.00    0.1237411213E-03
   3295.00    0.1249411688E-03
   3296.00    0.1260492866E-03
   3297.00    0.1270731098E-03
   3298.00    0.1280195601E-03
   3299.00    0.1288949212E-03
   3300.00    0.1297049052E-03
   3301.00    0.1304547110E-03
   3302.00    0.1311490772E-03
   3303.00    0.1317923284E-03
   3304.00    0.1323884162E-03
   3305.00    0.1329409561E-03
   3306.00    0.1334532602E-03
   3307.00    0.1339283661E-03
   3308.00    0.1343690631E-03
   3309.00    0.1347779155E-03
   3310.00    0.1351572829E-03
   3311.00    0.1355093393E-03
   3312.00    0.1358360898E-03
   3313.00    0.1361393853E-03
   3314.00    0.1364209360E-03
   3315.00    0.1366823240E-03
   3316.00    0.1369250138E-03
   3317.00    0.1371503627E-03
   3318.00    0.1373596290E-03
   3319.00    0.1375539811E-03
   3320.00    0.1377345041E-03
   3321.00    0.1379022067E-03
   3322.00    0.1380580276E-03
   3323.00    0.1382028406E-03
   3324.00    0.1383374597E-03
   3325.00    0.1384626440E-03
   3326.00    0.1385791016E-03
   3327.00    0.1386874936E-03
   3328.00    0.1387884375E-03
   3329.00    0.1388825104E-03
   3330.00    0.1389702522E-03
   3331.00    0.1390521680E-03
   3332.00    0.1391287308E-03
   3333.00    0.1392003834E-03
   3334.00    0.1392675412E-03
   3335.00    0.1393305936E-03
   3336.00    0.1393899058E-03
   3337.00    0.1394458207E-03
   3338.00    0.1394986602E-03
   3339.00    0.1395487269E-03
   3340.00    0.1395963051E-03
   3341.00    0.1396416620E-03
   3342.00    0.1396850492E-03
   3343.00    0.1397267032E-03
   3344.00    0.1397668468E-03
   3345.00    0.1398056897E-03
   3346.00    0.1398434296E-03
   3347.00    0.1398802528E-03
   3348.00    0.1399163348E-03
   3349.00    0.1399518413E-03
   3350.00    0.1399869284E-03
   3351.00    0.1400217436E-03
   3352.00    0.1400564261E-03
   3353.00    0.1400911073E-03
   3354.00    0.1401259115E-03
   3355.00    0.1401609559E-03
   3356.00    0.1401963514E-03
   3357.00    0.1402322029E-03
   3358.00    0.1402686097E-03
   3359.00    0.1403056655E-03
   3360.00    0.1403434592E-03
   3361.00    0.1403820748E-03
   3362.00    0.1404215921E-03
   3363.00    0.1404620864E-03
   3364.00    0.1405036292E-03
   3365.00    0.1405462883E-03
   3366.00    0.1405901281E-03
   3367.00    0.1406352094E-03
   3368.00    0.1406815901E-03
   3369.00    0.1407293252E-03
   3370.00    0.1407784668E-03
   3371.00    0.1408290644E-03
   3372.00    0.1408811652E-03
   3373.00    0.1409348140E-03
   3374.00    0.1409900533E-03
   3375.00    0.1410469238E-03
   3376.00    0.1411054640E-03
   3377.00    0.1411657107E-03
   3378.00    0.1412276990E-03
   3379.00    0.1412914623E-03
   3380.00    0.1413570325E-03
   3381.00    0.1414244402E-03
   3382.00    0.1414937144E-03
   3383.00    0.1415648829E-03
   3384.00    0.1416379725E-03
   3385.00    0.1417130085E-03
   3386.00    0.1417900155E-03
   3387.00    0.1418690170E-03
   3388.00    0.1419500353E-03
   3389.00    0.1420330922E-03
   3390.00    0.1421182085E-03
   3391.00    0.1422054041E-03
   3392.00    0.1422946984E-03
   3393.00    0.1423861099E-03
   3394.00    0.1424796568E-03
   3395.00    0.1425753563E-03
   3396.00    0.1426732252E-03
   3397.00    0.1427732800E-03
   3398.00    0.1428755364E-03
   3399.00    0.1429800099E-03
   3400.00    0.1430867153E-03
   3401.00    0.1431956673E-03
   3402.00    0.1433068802E-03
   3403.00    0.1434203678E-03
   3404.00    0.1435361438E-03
   3405.00    0.1436542214E-03
   3406.00    0.1437746139E-03
   3407.00    0.1438973340E-03
   3408.00    0.1440223945E-03
   3409.00    0.1441498077E-03
   3410.00    0.1442795861E-03
   3411.00    0.1444117418E-03
   3412.00    0.1445462869E-03
   3413.00    0.1446832334E-03
   3414.00    0.1448225931E-03
   3415.00    0.1449643777E-03
   3416.00    0.1451085991E-03
   3417.00    0.1452552690E-03
   3418.00    0.1454043990E-03
   3419.00    0.1455560008E-03
   3420.00    0.1457100860E-03
   3421.00    0.1458666664E-03
   3422.00    0.1460257537E-03
   3423.00    0.1461873596E-03
   3424.00    0.1463514958E-03
   3425.00    0.1465181743E-03
   3426.00    0.1466874071E-03
   3427.00    0.1468592060E-03
   3428.00    0.1470335833E-03
   3429.00    0.1472105512E-03
   3430.00    0.1473901219E-03
   3431.00    0.1475723080E-03
   3432.00    0.1477571220E-03
   3433.00    0.1479445766E-03
   3434.00    0.1481346848E-03
   3435.00    0.1483274596E-03
   3436.00    0.1485229141E-03
   3437.00    0.1487210617E-03
   3438.00    0.1489219161E-03
   3439.00    0.1491254908E-03
   3440.00    0.1493318000E-03
   3441.00    0.1495408577E-03
   3442.00    0.1497526783E-03
   3443.00    0.1499672763E-03
   3444.00    0.1501846666E-03
   3445.00    0.1504048642E-03
   3446.00    0.1506278844E-03
   3447.00    0.1508537427E-03
   3448.00    0.1510824549E-03
   3449.00    0.1513140369E-03
   3450.00    0.1515485053E-03
   3451.00    0.1517858764E-03
   3452.00    0.1520261671E-03
   3453.00    0.1522693947E-03
   3454.00    0.1525155765E-03
   3455.00    0.1527647303E-03
   3456.00    0.1530168742E-03
   3457.00    0.1532720264E-03
   3458.00    0.1535302057E-03
   3459.00    0.1537914310E-03
   3460.00    0.1540557217E-03
   3461.00    0.1543230975E-03
   3462.00    0.1545935784E-03
   3463.00    0.1548671848E-03
   3464.00    0.1551439374E-03
   3465.00    0.1554238573E-03
   3466.00    0.1557069660E-03
   3467.00    0.1559932853E-03
   3468.00    0.1562828375E-03
   3469.00    0.1565756452E-03
   3470.00    0.1568717315E-03
   3471.00    0.1571711197E-03
   3472.00    0.1574738339E-03
   3473.00    0.1577798981E-03
   3474.00    0.1580893372E-03
   3475.00    0.1584021763E-03
   3476.00    0.1587184411E-03
   3477.00    0.1590381575E-03
   3478.00    0.1593613521E-03
   3479.00    0.1596880518E-03
   3480.00    0.1600182842E-03
   3481.00    0.1603520772E-03
   3482.00    0.1606894592E-03
   3483.00    0.1610304593E-03
   3484.00    0.1613751068E-03
   3485.00    0.1617234317E-03
   3486.00    0.1620754646E-03
   3487.00    0.1624312366E-03
   3488.00    0.1627907792E-03
   3489.00    0.1631541246E-03
   3490.00    0.1635213055E-03
   3491.00    0.1638923554E-03
   3492.00    0.1642673080E-03
   3493.00    0.1646461980E-03
   3494.00    0.1650290604E-03
   3495.00    0.1654159310E-03
   3496.00    0.1658068461E-03
   3497.00    0.1662018429E-03
   3498.00    0.1666009589E-03
   3499.00    0.1670042327E-03
   3500.00    0.1674117030E-03
   3501.00    0.1678234099E-03
   3502.00    0.1682393936E-03
   3503.00    0.1686596953E-03
   3504.00    0.1690843569E-03
   3505.00    0.1695134212E-03
   3506.00    0.1699469314E-03
   3507.00    0.1703849318E-03
   3508.00    0.1708274673E-03
   3509.00    0.1712745838E-03
   3510.00    0.1717263277E-03
   3511.00    0.1721827467E-03
   3512.00    0.1726438889E-03
   3513.00    0.1731098036E-03
   3514.00    0.1735805408E-03
   3515.00    0.1740561514E-03
   3516.00    0.1745366874E-03
   3517.00    0.1750222015E-03
   3518.00    0.1755127476E-03
   3519.00    0.1760083804E-03
   3520.00    0.1765091556E-03
   3521.00    0.1770151302E-03
   3522.00    0.1775263618E-03
   3523.00    0.1780429094E-03
   3524.00    0.1785648329E-03
   3525.00    0.1790921935E-03
   3526.00    0.1796250532E-03
   3527.00    0.1801634756E-03
   3528.00    0.1807075251E-03
   3529.00    0.1812572674E-03
   3530.00    0.1818127695E-03
   3531.00    0.1823740997E-03
   3532.00    0.1829413274E-03
   3533.00    0.1835145234E-03
   3534.00    0.1840937599E-03
   3535.00    0.1846791103E-03
   3536.00    0.1852706497E-03
   3537.00    0.1858684542E-03
   3538.00    0.1864726017E-03
   3539.00    0.1870831715E-03
   3540.00    0.1877002443E-03
   3541.00    0.1883239026E-03
   3542.00    0.1889542302E-03
   3543.00    0.1895913127E-03
   3544.00    0.1902352374E-03
   3545.00    0.1908860932E-03
   3546.00    0.1915439709E-03
   3547.00    0.1922089627E-03
   3548.00    0.1928811632E-03
   3549.00    0.1935606684E-03
   3550.00    0.1942475764E-03
   3551.00    0.1949419873E-03
   3552.00    0.1956440031E-03
   3553.00    0.1963537278E-03
   3554.00    0.1970712677E-03
   3555.00    0.1977967312E-03
   3556.00    0.1985302287E-03
   3557.00    0.1992718731E-03
   3558.00    0.2000217795E-03
   3559.00    0.2007800654E-03
   3560.00    0.2015468507E-03
   3561.00    0.2023222579E-03
   3562.00    0.2031064118E-03
   3563.00    0.2038994402E-03
   3564.00    0.2047014733E-03
   3565.00    0.2055126440E-03
   3566.00    0.2063330883E-03
   3567.00    0.2071629449E-03
   3568.00    0.2080023556E-03
   3569.00    0.2088514650E-03
   3570.00    0.2097104211E-03
   3571.00    0.2105793751E-03
   3572.00    0.2114584813E-03
   3573.00    0.2123478975E-03
   3574.00    0.2132477850E-03
   3575.00    0.2141583087E-03
   3576.00    0.2150796371E-03
   3577.00    0.2160119425E-03
   3578.00    0.2169554010E-03
   3579.00    0.2179101927E-03
   3580.00    0.2188765020E-03
   3581.00    0.2198545172E-03
   3582.00    0.2208444312E-03
   3583.00    0.2218464410E-03
   3584.00    0.2228607485E-03
   3585.00    0.2238875602E-03
   3586.00    0.2249270874E-03
   3587.00    0.2259795464E-03
   3588.00    0.2270451585E-03
   3589.00    0.2281241506E-03
   3590.00    0.2292167548E-03
   3591.00    0.2303232087E-03
   3592.00    0.2314437558E-03
   3593.00    0.2325786456E-03
   3594.00    0.2337281336E-03
   3595.00    0.2348924815E-03
   3596.00    0.2360719578E-03
   3597.00    0.2372668373E-03
   3598.00    0.2384774021E-03
   3599.00    0.2397039410E-03
   3600.00    0.2409467505E-03
   3601.00    0.2422061345E-03
   3602.00    0.2434824047E-03
   3603.00    0.2447758808E-03
   3604.00    0.2460868910E-03
   3605.00    0.2474157720E-03
   3606.00    0.2487628693E-03
   3607.00    0.2501285377E-03
   3608.00    0.2515131413E-03
   3609.00    0.2529170542E-03
   3610.00    0.2543406603E-03
   3611.00    0.2557843542E-03
   3612.00    0.2572485413E-03
   3613.00    0.2587336380E-03
   3614.00    0.2602400725E-03
   3615.00    0.2617682847E-03
   3616.00    0.2633187270E-03
   3617.00    0.2648918648E-03
   3618.00    0.2664881764E-03
   3619.00    0.2681081542E-03
   3620.00    0.2697523046E-03
   3621.00    0.2714211489E-03
   3622.00    0.2731152236E-03
   3623.00    0.2748350811E-03
   3624.00    0.2765812903E-03
   3625.00    0.2783544370E-03
   3626.00    0.2801551248E-03
   3627.00    0.2819839758E-03
   3628.00    0.2838416311E-03
   3629.00    0.2857287513E-03
   3630.00    0.2876460181E-03
   3631.00    0.2895941343E-03
   3632.00    0.2915738248E-03
   3633.00    0.2935858380E-03
   3634.00    0.2956309458E-03
   3635.00    0.2977099457E-03
   3636.00    0.2998236607E-03
   3637.00    0.3019729413E-03
   3638.00    0.3041586658E-03
   3639.00    0.3063817424E-03
   3640.00    0.3086431094E-03
   3641.00    0.3109437373E-03
   3642.00    0.3132846299E-03
   3643.00    0.3156668257E-03
   3644.00    0.3180913994E-03
   3645.00    0.3205594635E-03
   3646.00    0.3230721701E-03
   3647.00    0.3256307124E-03
   3648.00    0.3282363270E-03
   3649.00    0.3308902954E-03
   3650.00    0.3335939463E-03
   3651.00    0.3363486577E-03
   3652.00    0.3391558595E-03
   3653.00    0.3420170353E-03
   3654.00    0.3449337259E-03
   3655.00    0.3479075310E-03
   3656.00    0.3509401129E-03
   3657.00    0.3540331993E-03
   3658.00    0.3571885862E-03
   3659.00    0.3604081420E-03
   3660.00    0.3636938105E-03
   3661.00    0.3670476152E-03
   3662.00    0.3704716632E-03
   3663.00    0.3739681496E-03
   3664.00    0.3775393621E-03
   3665.00    0.3811876861E-03
   3666.00    0.3849156098E-03
   3667.00    0.3887257298E-03
   3668.00    0.3926207571E-03
   3669.00    0.3966035235E-03
   3670.00    0.4006769884E-03
   3671.00    0.4048442459E-03
   3672.00    0.4091085327E-03
   3673.00    0.4134732365E-03
   3674.00    0.4179419047E-03
   3675.00    0.4225182537E-03
   3676.00    0.4272061799E-03
   3677.00    0.4320097698E-03
   3678.00    0.4369333121E-03
   3679.00    0.4419813105E-03
   3680.00    0.4471584972E-03
   3681.00    0.4524698474E-03
   3682.00    0.4579205953E-03
   3683.00    0.4635162512E-03
   3684.00    0.4692626196E-03
   3685.00    0.4751658194E-03
   3686.00    0.4812323055E-03
   3687.00    0.4874688918E-03
   3688.00    0.4938827768E-03
   3689.00    0.5004815710E-03
   3690.00    0.5072733268E-03
   3691.00    0.5142665708E-03
   3692.00    0.5214703395E-03
   3693.00    0.5288942178E-03
   3694.00    0.5365483813E-03
   3695.00    0.5444436420E-03
   3696.00    0.5525914996E-03
   3697.00    0.5610041962E-03
   3698.00    0.5696947777E-03
   3699.00    0.5786771601E-03
   3700.00    0.5879662041E-03
   3701.00    0.5975777957E-03
   3702.00    0.6075289365E-03
   3703.00    0.6178378428E-03
   3704.00    0.6285240567E-03
   3705.00    0.6396085676E-03
   3706.00    0.6511139497E-03
   3707.00    0.6630645130E-03
   3708.00    0.6754864742E-03
   3709.00    0.6884081461E-03
   3710.00    0.7018601516E-03
   3711.00    0.7158756631E-03
   3712.00    0.7304906736E-03
   3713.00    0.7457443018E-03
   3714.00    0.7616791381E-03
   3715.00    0.7783416377E-03
   3716.00    0.7957825682E-03
   3717.00    0.8140575201E-03
   3718.00    0.8332274917E-03
   3719.00    0.8533595618E-03
   3720.00    0.8745276634E-03
   3721.00    0.8968134796E-03
   3722.00    0.9203074829E-03
   3723.00    0.9451101451E-03
   3724.00    0.9713333529E-03
   3725.00    0.9991020692E-03
   3726.00    0.1028556292E-02
   3727.00    0.1059853375E-02
   3728.00    0.1093170789E-02
   3729.00    0.1128709424E-02
   3730.00    0.1166697561E-02
   3731.00    0.1207395676E-02
   3732.00    0.1251102281E-02
   3733.00    0.1298161078E-02
   3734.00    0.1348969773E-02
   3735.00    0.1403991023E-02
   3736.00    0.1463766121E-02
   3737.00    0.1528932260E-02
   3738.00    0.1600244494E-02
   3739.00    0.1678603933E-02
   3740.00    0.1765094299E-02
   3741.00    0.1861029844E-02
   3742.00    0.1968018844E-02
   3743.00    0.2088048782E-02
   3744.00    0.2223602059E-02
   3745.00    0.2377815293E-02
   3746.00    0.2554701647E-02
   3747.00    0.2759465365E-02
   3748.00    0.2998952470E-02
   3749.00    0.3282303055E-02
   3750.00    0.3621898831E-02
   3751.00    0.4034724761E-02
   3752.00    0.4544236508E-02
   3753.00    0.5182551871E-02
   3754.00    0.5991560843E-02
   3755.00    0.7017029960E-02
   3756.00    0.8275717449E-02
   3757.00    0.9648384211E-02
   3758.00    0.1069523836E-01
   3759.00    0.1077611414E-01
   3760.00    0.9824658634E-02
   3761.00    0.8452017070E-02
   3762.00    0.7154446058E-02
   3763.00    0.6087526882E-02
   3764.00    0.5244794535E-02
   3765.00    0.4580976022E-02
   3766.00    0.4052461905E-02
   3767.00    0.3625392480E-02
   3768.00    0.3274975262E-02
   3769.00    0.2983272746E-02
   3770.00    0.2737237023E-02
   3771.00    0.2527261142E-02
   3772.00    0.2346168492E-02
   3773.00    0.2188517493E-02
   3774.00    0.2050122056E-02
   3775.00    0.1927717697E-02
   3776.00    0.1818726114E-02
   3777.00    0.1721086931E-02
   3778.00    0.1633135761E-02
   3779.00    0.1553514661E-02
   3780.00    0.1481105510E-02
   3781.00    0.1414979844E-02
   3782.00    0.1354360655E-02
   3783.00    0.1298592970E-02
   3784.00    0.1247120987E-02
   3785.00    0.1199470114E-02
   3786.00    0.1155232763E-02
   3787.00    0.1114056991E-02
   3788.00    0.1075637375E-02
   3789.00    0.1039707608E-02
   3790.00    0.1006034463E-02
   3791.00    0.9744128326E-03
   3792.00    0.9446616347E-03
   3793.00    0.9166204069E-03
   3794.00    0.8901464646E-03
   3795.00    0.8651125139E-03
   3796.00    0.8414046376E-03
   3797.00    0.8189205886E-03
   3798.00    0.7975683371E-03
   3799.00    0.7772648293E-03
   3800.00    0.7579349220E-03
   3801.00    0.7395104650E-03
   3802.00    0.7219295079E-03
   3803.00    0.7051356129E-03
   3804.00    0.6890772559E-03
   3805.00    0.6737073043E-03
   3806.00    0.6589825600E-03
   3807.00    0.6448633581E-03
   3808.00    0.6313132133E-03
   3809.00    0.6182985084E-03
   3810.00    0.6057882181E-03
   3811.00    0.5937536648E-03
   3812.00    0.5821683005E-03
   3813.00    0.5710075133E-03
   3814.00    0.5602484544E-03
   3815.00    0.5498698829E-03
   3816.00    0.5398520274E-03
   3817.00    0.5301764610E-03
   3818.00    0.5208259891E-03
   3819.00    0.5117845483E-03
   3820.00    0.5030371150E-03
   3821.00    0.4945696223E-03
   3822.00    0.4863688859E-03
   3823.00    0.4784225354E-03
   3824.00    0.4707189527E-03
   3825.00    0.4632472157E-03
   3826.00    0.4559970472E-03
   3827.00    0.4489587676E-03
   3828.00    0.4421232527E-03
   3829.00    0.4354818940E-03
   3830.00    0.4290265630E-03
   3831.00    0.4227495783E-03
   3832.00    0.4166436751E-03
   3833.00    0.4107019775E-03
   3834.00    0.4049179729E-03
   3835.00    0.3992854881E-03
   3836.00    0.3937986679E-03
   3837.00    0.3884519543E-03
   3838.00    0.3832400684E-03
   3839.00    0.3781579932E-03
   3840.00    0.3732009568E-03
   3841.00    0.3683644186E-03
   3842.00    0.3636440548E-03
   3843.00    0.3590357458E-03
   3844.00    0.3545355644E-03
   3845.00    0.3501397646E-03
   3846.00    0.3458447713E-03
   3847.00    0.3416471707E-03
   3848.00    0.3375437011E-03
   3849.00    0.3335312451E-03
   3850.00    0.3296068208E-03
   3851.00    0.3257675755E-03
   3852.00    0.3220107781E-03
   3853.00    0.3183338129E-03
   3854.00    0.3147341736E-03
   3855.00    0.3112094578E-03
   3856.00    0.3077573613E-03
   3857.00    0.3043756734E-03
   3858.00    0.3010622721E-03
   3859.00    0.2978151200E-03
   3860.00    0.2946322594E-03
   3861.00    0.2915118094E-03
   3862.00    0.2884519615E-03
   3863.00    0.2854509761E-03
   3864.00    0.2825071800E-03
   3865.00    0.2796189622E-03
   3866.00    0.2767847720E-03
   3867.00    0.2740031156E-03
   3868.00    0.2712725539E-03
   3869.00    0.2685916995E-03
   3870.00    0.2659592151E-03
   3871.00    0.2633738107E-03
   3872.00    0.2608342417E-03
   3873.00    0.2583393070E-03
   3874.00    0.2558878471E-03
   3875.00    0.2534787423E-03
   3876.00    0.2511109108E-03
   3877.00    0.2487833074E-03
   3878.00    0.2464949220E-03
   3879.00    0.2442447778E-03
   3880.00    0.2420319302E-03
   3881.00    0.2398554654E-03
   3882.00    0.2377144993E-03
   3883.00    0.2356081760E-03
   3884.00    0.2335356671E-03
   3885.00    0.2314961700E-03
   3886.00    0.2294889078E-03
   3887.00    0.2275131272E-03
   3888.00    0.2255680986E-03
   3889.00    0.2236531145E-03
   3890.00    0.2217674891E-03
   3891.00    0.2199105570E-03
   3892.00    0.2180816731E-03
   3893.00    0.2162802112E-03
   3894.00    0.2145055636E-03
   3895.00    0.2127571406E-03
   3896.00    0.2110343694E-03
   3897.00    0.2093366940E-03
   3898.00    0.2076635741E-03
   3899.00    0.2060144848E-03
   3900.00    0.2043889162E-03
   3901.00    0.2027863726E-03
   3902.00    0.2012063721E-03
   3903.00    0.1996484462E-03
   3904.00    0.1981121392E-03
   3905.00    0.1965970079E-03
   3906.00    0.1951026211E-03
   3907.00    0.1936285592E-03
   3908.00    0.1921744138E-03
   3909.00    0.1907397874E-03
   3910.00    0.1893242930E-03
   3911.00    0.1879275537E-03
   3912.00    0.1865492025E-03
   3913.00    0.1851888818E-03
   3914.00    0.1838462433E-03
   3915.00    0.1825209475E-03
   3916.00    0.1812126636E-03
   3917.00    0.1799210690E-03
   3918.00    0.1786458495E-03
   3919.00    0.1773866985E-03
   3920.00    0.1761433170E-03
   3921.00    0.1749154133E-03
   3922.00    0.1737027031E-03
   3923.00    0.1725049087E-03
   3924.00    0.1713217594E-03
   3925.00    0.1701529907E-03
   3926.00    0.1689983447E-03
   3927.00    0.1678575694E-03
   3928.00    0.1667304190E-03
   3929.00    0.1656166532E-03
   3930.00    0.1645160374E-03
   3931.00    0.1634283426E-03
   3932.00    0.1623533448E-03
   3933.00    0.1612908254E-03
   3934.00    0.1602405705E-03
   3935.00    0.1592023714E-03
   3936.00    0.1581760238E-03
   3937.00    0.1571613281E-03
   3938.00    0.1561580891E-03
   3939.00    0.1551661161E-03
   3940.00    0.1541852224E-03
   3941.00    0.1532152255E-03
   3942.00    0.1522559468E-03
   3943.00    0.1513072117E-03
   3944.00    0.1503688492E-03
   3945.00    0.1494406921E-03
   3946.00    0.1485225767E-03
   3947.00    0.1476143428E-03
   3948.00    0.1467158337E-03
   3949.00    0.1458268957E-03
   3950.00    0.1449473785E-03
   3951.00    0.1440771351E-03
   3952.00    0.1432160211E-03
   3953.00    0.1423638955E-03
   3954.00    0.1415206200E-03
   3955.00    0.1406860590E-03
   3956.00    0.1398600799E-03
   3957.00    0.1390425525E-03
   3958.00    0.1382333496E-03
   3959.00    0.1374323461E-03
   3960.00    0.1366394196E-03
   3961.00    0.1358544501E-03
   3962.00    0.1350773201E-03
   3963.00    0.1343079141E-03
   3964.00    0.1335461190E-03
   3965.00    0.1327918241E-03
   3966.00    0.1320449204E-03
   3967.00    0.1313053014E-03
   3968.00    0.1305728624E-03
   3969.00    0.1298475007E-03
   3970.00    0.1291291157E-03
   3971.00    0.1284176086E-03
   3972.00    0.1277128823E-03
   3973.00    0.1270148418E-03
   3974.00    0.1263233937E-03
   3975.00    0.1256384464E-03
   3976.00    0.1249599098E-03
   3977.00    0.1242876956E-03
   3978.00    0.1236217173E-03
   3979.00    0.1229618895E-03
   3980.00    0.1223081288E-03
   3981.00    0.1216603530E-03
   3982.00    0.1210184816E-03
   3983.00    0.1203824353E-03
   3984.00    0.1197521364E-03
   3985.00    0.1191275084E-03
   3986.00    0.1185084764E-03
   3987.00    0.1178949666E-03
   3988.00    0.1172869066E-03
   3989.00    0.1166842250E-03
   3990.00    0.1160868521E-03
   3991.00    0.1154947190E-03
   3992.00    0.1149077581E-03
   3993.00    0.1143259030E-03
   3994.00    0.1137490885E-03
   3995.00    0.1131772503E-03
   3996.00    0.1126103253E-03
   3997.00    0.1120482515E-03
   3998.00    0.1114909679E-03
   3999.00    0.1109384145E-03
   4000.00    0.1103905322E-03
