Frequencies(cm-1)    polar_2nd_xyz        
   1000.00    0.2553710051E-03
   1001.00    0.2528264218E-03
   1002.00    0.2379346401E-03
   1003.00    0.2250120325E-03
   1004.00    0.2166600808E-03
   1005.00    0.2110962023E-03
   1006.00    0.2069275056E-03
   1007.00    0.2034958596E-03
   1008.00    0.2005123438E-03
   1009.00    0.1978410479E-03
   1010.00    0.1954088321E-03
   1011.00    0.1931699723E-03
   1012.00    0.1910920022E-03
   1013.00    0.1891496712E-03
   1014.00    0.1873221112E-03
   1015.00    0.1855913428E-03
   1016.00    0.1839413758E-03
   1017.00    0.1823575963E-03
   1018.00    0.1808262976E-03
   1019.00    0.1793342884E-03
   1020.00    0.1778685358E-03
   1021.00    0.1764158206E-03
   1022.00    0.1749623810E-03
   1023.00    0.1734935291E-03
   1024.00    0.1719932211E-03
   1025.00    0.1704435646E-03
   1026.00    0.1688242524E-03
   1027.00    0.1671119219E-03
   1028.00    0.1652794786E-03
   1029.00    0.1632955100E-03
   1030.00    0.1611241363E-03
   1031.00    0.1587261755E-03
   1032.00    0.1560638020E-03
   1033.00    0.1531141202E-03
   1034.00    0.1499052227E-03
   1035.00    0.1466085141E-03
   1036.00    0.1437664094E-03
   1037.00    0.1427969308E-03
   1038.00    0.1467449090E-03
   1039.00    0.1597317934E-03
   1040.00    0.1812410297E-03
   1041.00    0.2007937400E-03
   1042.00    0.2093741421E-03
   1043.00    0.2090505457E-03
   1044.00    0.2056301103E-03
   1045.00    0.2037262073E-03
   1046.00    0.2066777234E-03
   1047.00    0.2141335891E-03
   1048.00    0.2200920636E-03
   1049.00    0.2204257240E-03
   1050.00    0.2165457339E-03
   1051.00    0.2107934785E-03
   1052.00    0.2043846617E-03
   1053.00    0.1978063654E-03
   1054.00    0.1914341897E-03
   1055.00    0.1861209843E-03
   1056.00    0.1841209463E-03
   1057.00    0.1906444551E-03
   1058.00    0.2147971937E-03
   1059.00    0.2644895739E-03
   1060.00    0.3319830357E-03
   1061.00    0.3893946122E-03
   1062.00    0.4177810859E-03
   1063.00    0.4241982312E-03
   1064.00    0.4219487539E-03
   1065.00    0.4185885961E-03
   1066.00    0.4170998297E-03
   1067.00    0.4185077355E-03
   1068.00    0.4232116813E-03
   1069.00    0.4315205932E-03
   1070.00    0.4438734579E-03
   1071.00    0.4609590925E-03
   1072.00    0.4838178468E-03
   1073.00    0.5139486454E-03
   1074.00    0.5533880712E-03
   1075.00    0.6045841548E-03
   1076.00    0.6694342179E-03
   1077.00    0.7455577914E-03
   1078.00    0.8155252294E-03
   1079.00    0.8296718321E-03
   1080.00    0.7289450989E-03
   1081.00    0.5606117672E-03
   1082.00    0.4504893002E-03
   1083.00    0.4115896741E-03
   1084.00    0.3986806682E-03
   1085.00    0.3926589175E-03
   1086.00    0.3902763372E-03
   1087.00    0.3914665756E-03
   1088.00    0.3963714933E-03
   1089.00    0.4050592053E-03
   1090.00    0.4176354897E-03
   1091.00    0.4343484441E-03
   1092.00    0.4556636112E-03
   1093.00    0.4823348782E-03
   1094.00    0.5154932364E-03
   1095.00    0.5567673488E-03
   1096.00    0.6084330435E-03
   1097.00    0.6735298997E-03
   1098.00    0.7556721184E-03
   1099.00    0.8575904096E-03
   1100.00    0.9756210771E-03
   1101.00    0.1085658678E-02
   1102.00    0.1130350425E-02
   1103.00    0.1060432583E-02
   1104.00    0.9081471783E-03
   1105.00    0.7438485143E-03
   1106.00    0.6038806029E-03
   1107.00    0.4936647741E-03
   1108.00    0.4082626753E-03
   1109.00    0.3416051934E-03
   1110.00    0.2887953654E-03
   1111.00    0.2462606579E-03
   1112.00    0.2114577394E-03
   1113.00    0.1825726438E-03
   1114.00    0.1582963420E-03
   1115.00    0.1376697560E-03
   1116.00    0.1199789971E-03
   1117.00    0.1046845131E-03
   1118.00    0.9137269679E-04
   1119.00    0.7972237772E-04
   1120.00    0.6948125594E-04
   1121.00    0.6044905373E-04
   1122.00    0.5246526531E-04
   1123.00    0.4540010522E-04
   1124.00    0.3914775997E-04
   1125.00    0.3362147876E-04
   1126.00    0.2875058736E-04
   1127.00    0.2448053562E-04
   1128.00    0.2077936826E-04
   1129.00    0.1765885755E-04
   1130.00    0.1522485991E-04
   1131.00    0.1375209799E-04
   1132.00    0.1362146215E-04
   1133.00    0.1476564352E-04
   1134.00    0.1621023775E-04
   1135.00    0.1728850886E-04
   1136.00    0.1889858188E-04
   1137.00    0.2252822503E-04
   1138.00    0.2919659231E-04
   1139.00    0.3963663105E-04
   1140.00    0.5483844306E-04
   1141.00    0.7624010658E-04
   1142.00    0.1051923720E-03
   1143.00    0.1405804107E-03
   1144.00    0.1742367999E-03
   1145.00    0.1928714380E-03
   1146.00    0.1931495975E-03
   1147.00    0.1835444713E-03
   1148.00    0.1717608493E-03
   1149.00    0.1609938011E-03
   1150.00    0.1519739542E-03
   1151.00    0.1445938264E-03
   1152.00    0.1385617652E-03
   1153.00    0.1336235807E-03
   1154.00    0.1296631602E-03
   1155.00    0.1268170021E-03
   1156.00    0.1255845302E-03
   1157.00    0.1264423938E-03
   1158.00    0.1284435676E-03
   1159.00    0.1294695668E-03
   1160.00    0.1288981544E-03
   1161.00    0.1274193816E-03
   1162.00    0.1256368939E-03
   1163.00    0.1238086928E-03
   1164.00    0.1220030954E-03
   1165.00    0.1202127449E-03
   1166.00    0.1184034904E-03
   1167.00    0.1165321944E-03
   1168.00    0.1145524156E-03
   1169.00    0.1124156497E-03
   1170.00    0.1100710528E-03
   1171.00    0.1074648296E-03
   1172.00    0.1045399381E-03
   1173.00    0.1012368127E-03
   1174.00    0.9749633649E-04
   1175.00    0.9326758419E-04
   1176.00    0.8852574029E-04
   1177.00    0.8331197094E-04
   1178.00    0.7782076016E-04
   1179.00    0.7258578015E-04
   1180.00    0.6883611354E-04
   1181.00    0.6897072108E-04
   1182.00    0.7654361658E-04
   1183.00    0.9505837695E-04
   1184.00    0.1271344069E-03
   1185.00    0.1756615377E-03
   1186.00    0.2453360415E-03
   1187.00    0.3431823514E-03
   1188.00    0.4765874115E-03
   1189.00    0.6436473944E-03
   1190.00    0.8118224002E-03
   1191.00    0.9188936208E-03
   1192.00    0.9398169438E-03
   1193.00    0.9099966421E-03
   1194.00    0.8681096372E-03
   1195.00    0.8318945716E-03
   1196.00    0.8063266042E-03
   1197.00    0.7918744418E-03
   1198.00    0.7880983182E-03
   1199.00    0.7950938220E-03
   1200.00    0.8146144333E-03
   1201.00    0.8522784099E-03
   1202.00    0.9226737028E-03
   1203.00    0.1056932685E-02
   1204.00    0.1293236237E-02
   1205.00    0.1608667044E-02
   1206.00    0.1871755976E-02
   1207.00    0.1968311360E-02
   1208.00    0.1881884479E-02
   1209.00    0.1643068717E-02
   1210.00    0.1341833410E-02
   1211.00    0.1066273445E-02
   1212.00    0.8464388752E-03
   1213.00    0.6781901661E-03
   1214.00    0.5495109385E-03
   1215.00    0.4496946045E-03
   1216.00    0.3708911313E-03
   1217.00    0.3077290294E-03
   1218.00    0.2567820483E-03
   1219.00    0.2163274029E-03
   1220.00    0.1865200628E-03
   1221.00    0.1698013064E-03
   1222.00    0.1701572477E-03
   1223.00    0.1885769216E-03
   1224.00    0.2159002610E-03
   1225.00    0.2325369087E-03
   1226.00    0.2259831731E-03
   1227.00    0.2033917961E-03
   1228.00    0.1766964187E-03
   1229.00    0.1518415148E-03
   1230.00    0.1303367209E-03
   1231.00    0.1120606371E-03
   1232.00    0.9650531615E-04
   1233.00    0.8316378433E-04
   1234.00    0.7161896221E-04
   1235.00    0.6154610258E-04
   1236.00    0.5269537070E-04
   1237.00    0.4487312596E-04
   1238.00    0.3792576028E-04
   1239.00    0.3172556989E-04
   1240.00    0.2615670246E-04
   1241.00    0.2109857150E-04
   1242.00    0.1640460028E-04
   1243.00    0.1188240013E-04
   1244.00    0.7359165320E-05
   1245.00    0.4064057292E-05
   1246.00    0.8551461835E-05
   1247.00    0.1830656209E-04
   1248.00    0.3059774851E-04
   1249.00    0.4224066730E-04
   1250.00    0.5032655963E-04
   1251.00    0.5512341199E-04
   1252.00    0.5832032597E-04
   1253.00    0.6112545907E-04
   1254.00    0.6415258497E-04
   1255.00    0.6773279658E-04
   1256.00    0.7212146403E-04
   1257.00    0.7761003087E-04
   1258.00    0.8460575065E-04
   1259.00    0.9372203223E-04
   1260.00    0.1059153837E-03
   1261.00    0.1227165073E-03
   1262.00    0.1466324493E-03
   1263.00    0.1818387212E-03
   1264.00    0.2352741168E-03
   1265.00    0.3178427316E-03
   1266.00    0.4431772656E-03
   1267.00    0.6147069800E-03
   1268.00    0.7923959132E-03
   1269.00    0.8864021310E-03
   1270.00    0.8428604447E-03
   1271.00    0.7089723434E-03
   1272.00    0.5649968474E-03
   1273.00    0.4486348056E-03
   1274.00    0.3626815265E-03
   1275.00    0.2999215158E-03
   1276.00    0.2532099682E-03
   1277.00    0.2173615273E-03
   1278.00    0.1888910441E-03
   1279.00    0.1655019334E-03
   1280.00    0.1457150511E-03
   1281.00    0.1286794048E-03
   1282.00    0.1141721080E-03
   1283.00    0.1028349355E-03
   1284.00    0.9666864685E-04
   1285.00    0.9937396303E-04
   1286.00    0.1154174173E-03
   1287.00    0.1483067338E-03
   1288.00    0.2007041541E-03
   1289.00    0.2746216141E-03
   1290.00    0.3663402469E-03
   1291.00    0.4548139319E-03
   1292.00    0.5053512415E-03
   1293.00    0.5080573330E-03
   1294.00    0.4842001640E-03
   1295.00    0.4528064016E-03
   1296.00    0.4222122671E-03
   1297.00    0.3955021580E-03
   1298.00    0.3732595895E-03
   1299.00    0.3550248532E-03
   1300.00    0.3400929985E-03
   1301.00    0.3278103096E-03
   1302.00    0.3176443434E-03
   1303.00    0.3091796548E-03
   1304.00    0.3020959289E-03
   1305.00    0.2961460083E-03
   1306.00    0.2911380182E-03
   1307.00    0.2869217912E-03
   1308.00    0.2833788066E-03
   1309.00    0.2804147843E-03
   1310.00    0.2779542251E-03
   1311.00    0.2759363686E-03
   1312.00    0.2743121848E-03
   1313.00    0.2730421264E-03
   1314.00    0.2720944476E-03
   1315.00    0.2714439532E-03
   1316.00    0.2710710825E-03
   1317.00    0.2709612605E-03
   1318.00    0.2711044750E-03
   1319.00    0.2714950529E-03
   1320.00    0.2721316247E-03
   1321.00    0.2730172827E-03
   1322.00    0.2741599492E-03
   1323.00    0.2755729899E-03
   1324.00    0.2772761221E-03
   1325.00    0.2792966888E-03
   1326.00    0.2816713784E-03
   1327.00    0.2844484699E-03
   1328.00    0.2876906022E-03
   1329.00    0.2914778135E-03
   1330.00    0.2959098133E-03
   1331.00    0.3011042551E-03
   1332.00    0.3071816806E-03
   1333.00    0.3142109192E-03
   1334.00    0.3220427822E-03
   1335.00    0.3298453989E-03
   1336.00    0.3349620003E-03
   1337.00    0.3310256262E-03
   1338.00    0.3089773404E-03
   1339.00    0.2695595336E-03
   1340.00    0.2318520378E-03
   1341.00    0.2110150165E-03
   1342.00    0.2052474792E-03
   1343.00    0.2073037653E-03
   1344.00    0.2123579637E-03
   1345.00    0.2182132976E-03
   1346.00    0.2240273955E-03
   1347.00    0.2295284291E-03
   1348.00    0.2346668985E-03
   1349.00    0.2394744024E-03
   1350.00    0.2440082323E-03
   1351.00    0.2483304832E-03
   1352.00    0.2525010300E-03
   1353.00    0.2565760882E-03
   1354.00    0.2606090327E-03
   1355.00    0.2646521598E-03
   1356.00    0.2687589050E-03
   1357.00    0.2729863728E-03
   1358.00    0.2773981258E-03
   1359.00    0.2820670788E-03
   1360.00    0.2870778765E-03
   1361.00    0.2925267945E-03
   1362.00    0.2985135048E-03
   1363.00    0.3051089188E-03
   1364.00    0.3122557439E-03
   1365.00    0.3194869110E-03
   1366.00    0.3251977855E-03
   1367.00    0.3251682617E-03
   1368.00    0.3117106791E-03
   1369.00    0.2804531738E-03
   1370.00    0.2434793320E-03
   1371.00    0.2185372548E-03
   1372.00    0.2084116373E-03
   1373.00    0.2066890459E-03
   1374.00    0.2080012897E-03
   1375.00    0.2097420882E-03
   1376.00    0.2110090732E-03
   1377.00    0.2119752790E-03
   1378.00    0.2141155768E-03
   1379.00    0.2213934493E-03
   1380.00    0.2418287165E-03
   1381.00    0.2847036192E-03
   1382.00    0.3461755300E-03
   1383.00    0.4011255246E-03
   1384.00    0.4309106519E-03
   1385.00    0.4407521404E-03
   1386.00    0.4419760443E-03
   1387.00    0.4411774247E-03
   1388.00    0.4410304904E-03
   1389.00    0.4424584245E-03
   1390.00    0.4457530523E-03
   1391.00    0.4510066400E-03
   1392.00    0.4582225540E-03
   1393.00    0.4672122547E-03
   1394.00    0.4771722873E-03
   1395.00    0.4856485321E-03
   1396.00    0.4870584614E-03
   1397.00    0.4741516504E-03
   1398.00    0.4452164712E-03
   1399.00    0.3999275462E-03
   1400.00    0.3338035380E-03
   1401.00    0.2672976186E-03
   1402.00    0.2468233757E-03
   1403.00    0.2802479479E-03
   1404.00    0.3242626072E-03
   1405.00    0.3539654075E-03
   1406.00    0.3710415939E-03
   1407.00    0.3817974079E-03
   1408.00    0.3899373990E-03
   1409.00    0.3971013581E-03
   1410.00    0.4039704285E-03
   1411.00    0.4108356971E-03
   1412.00    0.4178358437E-03
   1413.00    0.4250524391E-03
   1414.00    0.4325490053E-03
   1415.00    0.4403886627E-03
   1416.00    0.4486448449E-03
   1417.00    0.4574125247E-03
   1418.00    0.4668238295E-03
   1419.00    0.4770548757E-03
   1420.00    0.4882693679E-03
   1421.00    0.5005476001E-03
   1422.00    0.5140299032E-03
   1423.00    0.5290433697E-03
   1424.00    0.5460333017E-03
   1425.00    0.5655172026E-03
   1426.00    0.5880600407E-03
   1427.00    0.6141418921E-03
   1428.00    0.6436738468E-03
   1429.00    0.6745381888E-03
   1430.00    0.6988551110E-03
   1431.00    0.6967662824E-03
   1432.00    0.6396107144E-03
   1433.00    0.5259694120E-03
   1434.00    0.4028265415E-03
   1435.00    0.3141119866E-03
   1436.00    0.2689591640E-03
   1437.00    0.2552895845E-03
   1438.00    0.2577781901E-03
   1439.00    0.2663304523E-03
   1440.00    0.2759957217E-03
   1441.00    0.2846493739E-03
   1442.00    0.2914233855E-03
   1443.00    0.2959558411E-03
   1444.00    0.2980687574E-03
   1445.00    0.2976388587E-03
   1446.00    0.2945599210E-03
   1447.00    0.2887661323E-03
   1448.00    0.2803316661E-03
   1449.00    0.2697161986E-03
   1450.00    0.2583225142E-03
   1451.00    0.2496746489E-03
   1452.00    0.2514347861E-03
   1453.00    0.2770286331E-03
   1454.00    0.3433964396E-03
   1455.00    0.4667401961E-03
   1456.00    0.6646589494E-03
   1457.00    0.9597391073E-03
   1458.00    0.1360536803E-02
   1459.00    0.1791982569E-02
   1460.00    0.2083793675E-02
   1461.00    0.2160897812E-02
   1462.00    0.2106042918E-02
   1463.00    0.2012234646E-02
   1464.00    0.1922785233E-02
   1465.00    0.1850250773E-02
   1466.00    0.1795692052E-02
   1467.00    0.1756958090E-02
   1468.00    0.1731463842E-02
   1469.00    0.1716968603E-02
   1470.00    0.1711711940E-02
   1471.00    0.1714367221E-02
   1472.00    0.1723959272E-02
   1473.00    0.1739788774E-02
   1474.00    0.1761372723E-02
   1475.00    0.1788400397E-02
   1476.00    0.1820702020E-02
   1477.00    0.1858227278E-02
   1478.00    0.1901031520E-02
   1479.00    0.1949268180E-02
   1480.00    0.2003186665E-02
   1481.00    0.2063135988E-02
   1482.00    0.2129576084E-02
   1483.00    0.2203102851E-02
   1484.00    0.2284503335E-02
   1485.00    0.2374885363E-02
   1486.00    0.2475995128E-02
   1487.00    0.2590953905E-02
   1488.00    0.2725450391E-02
   1489.00    0.2887015609E-02
   1490.00    0.3076568730E-02
   1491.00    0.3283199097E-02
   1492.00    0.3499482463E-02
   1493.00    0.3727800583E-02
   1494.00    0.3972652108E-02
   1495.00    0.4226265017E-02
   1496.00    0.4457127483E-02
   1497.00    0.4628048597E-02
   1498.00    0.4775401794E-02
   1499.00    0.5029574525E-02
   1500.00    0.5469715134E-02
   1501.00    0.6097369128E-02
   1502.00    0.6913837634E-02
   1503.00    0.7950763850E-02
   1504.00    0.9271009315E-02
   1505.00    0.1096389888E-01
   1506.00    0.1312168935E-01
   1507.00    0.1573903429E-01
   1508.00    0.1842606500E-01
   1509.00    0.2009017743E-01
   1510.00    0.1970245018E-01
   1511.00    0.1780072465E-01
   1512.00    0.1565603032E-01
   1513.00    0.1393027998E-01
   1514.00    0.1268364818E-01
   1515.00    0.1171808543E-01
   1516.00    0.1090599920E-01
   1517.00    0.1021236078E-01
   1518.00    0.9548608172E-02
   1519.00    0.8700232703E-02
   1520.00    0.7406451420E-02
   1521.00    0.5741208334E-02
   1522.00    0.4235655152E-02
   1523.00    0.3273993826E-02
   1524.00    0.2818568534E-02
   1525.00    0.2644684958E-02
   1526.00    0.2543036999E-02
   1527.00    0.2359669572E-02
   1528.00    0.2045532214E-02
   1529.00    0.1720372308E-02
   1530.00    0.1517881998E-02
   1531.00    0.1442785525E-02
   1532.00    0.1439962296E-02
   1533.00    0.1467315477E-02
   1534.00    0.1502401361E-02
   1535.00    0.1527978561E-02
   1536.00    0.1516080991E-02
   1537.00    0.1420782471E-02
   1538.00    0.1220740217E-02
   1539.00    0.9956296090E-03
   1540.00    0.8505893232E-03
   1541.00    0.7926550726E-03
   1542.00    0.7797981247E-03
   1543.00    0.7818086874E-03
   1544.00    0.7833041640E-03
   1545.00    0.7767565186E-03
   1546.00    0.7636142483E-03
   1547.00    0.7522651382E-03
   1548.00    0.7459997701E-03
   1549.00    0.7424346864E-03
   1550.00    0.7392126780E-03
   1551.00    0.7353132158E-03
   1552.00    0.7304843945E-03
   1553.00    0.7247750794E-03
   1554.00    0.7183258578E-03
   1555.00    0.7112907789E-03
   1556.00    0.7038117122E-03
   1557.00    0.6960124008E-03
   1558.00    0.6879995397E-03
   1559.00    0.6798661575E-03
   1560.00    0.6716956174E-03
   1561.00    0.6635657084E-03
   1562.00    0.6555527161E-03
   1563.00    0.6477354533E-03
   1564.00    0.6401990773E-03
   1565.00    0.6330379936E-03
   1566.00    0.6263557671E-03
   1567.00    0.6202564941E-03
   1568.00    0.6148133008E-03
   1569.00    0.6099771111E-03
   1570.00    0.6053307560E-03
   1571.00    0.5994476776E-03
   1572.00    0.5882951341E-03
   1573.00    0.5617872996E-03
   1574.00    0.4995203648E-03
   1575.00    0.3776494610E-03
   1576.00    0.2003290587E-03
   1577.00    0.3169130338E-04
   1578.00    0.2088879395E-03
   1579.00    0.4214955854E-03
   1580.00    0.6371911946E-03
   1581.00    0.8064459653E-03
   1582.00    0.8815117760E-03
   1583.00    0.8784735556E-03
   1584.00    0.8412516791E-03
   1585.00    0.7970141404E-03
   1586.00    0.7558622439E-03
   1587.00    0.7202094715E-03
   1588.00    0.6898926135E-03
   1589.00    0.6640964252E-03
   1590.00    0.6419777868E-03
   1591.00    0.6228413219E-03
   1592.00    0.6061607944E-03
   1593.00    0.5914942738E-03
   1594.00    0.5783652679E-03
   1595.00    0.5663759198E-03
   1596.00    0.5553288646E-03
   1597.00    0.5451163232E-03
   1598.00    0.5356404024E-03
   1599.00    0.5268076218E-03
   1600.00    0.5185348466E-03
   1601.00    0.5107510755E-03
   1602.00    0.5033965579E-03
   1603.00    0.4964211255E-03
   1604.00    0.4897825205E-03
   1605.00    0.4834449516E-03
   1606.00    0.4773779083E-03
   1607.00    0.4715552054E-03
   1608.00    0.4659542161E-03
   1609.00    0.4605552563E-03
   1610.00    0.4553410871E-03
   1611.00    0.4502965105E-03
   1612.00    0.4454080393E-03
   1613.00    0.4406636250E-03
   1614.00    0.4360524316E-03
   1615.00    0.4315646468E-03
   1616.00    0.4271913215E-03
   1617.00    0.4229242338E-03
   1618.00    0.4187557702E-03
   1619.00    0.4146788225E-03
   1620.00    0.4106866952E-03
   1621.00    0.4067730217E-03
   1622.00    0.4029316866E-03
   1623.00    0.3991567511E-03
   1624.00    0.3954423812E-03
   1625.00    0.3917827737E-03
   1626.00    0.3881720810E-03
   1627.00    0.3846043294E-03
   1628.00    0.3810733300E-03
   1629.00    0.3775725784E-03
   1630.00    0.3740951377E-03
   1631.00    0.3706335029E-03
   1632.00    0.3671794371E-03
   1633.00    0.3637237742E-03
   1634.00    0.3602561768E-03
   1635.00    0.3567648372E-03
   1636.00    0.3532361068E-03
   1637.00    0.3496540351E-03
   1638.00    0.3459997990E-03
   1639.00    0.3422510067E-03
   1640.00    0.3383808741E-03
   1641.00    0.3343573183E-03
   1642.00    0.3301421293E-03
   1643.00    0.3256906770E-03
   1644.00    0.3209533297E-03
   1645.00    0.3158815600E-03
   1646.00    0.3104462147E-03
   1647.00    0.3046868882E-03
   1648.00    0.2988402133E-03
   1649.00    0.2936618774E-03
   1650.00    0.2911626097E-03
   1651.00    0.2958013468E-03
   1652.00    0.3140292526E-03
   1653.00    0.3458613594E-03
   1654.00    0.3757782020E-03
   1655.00    0.3898610026E-03
   1656.00    0.3905865853E-03
   1657.00    0.3853190157E-03
   1658.00    0.3784126496E-03
   1659.00    0.3715857436E-03
   1660.00    0.3653642176E-03
   1661.00    0.3598354562E-03
   1662.00    0.3549465018E-03
   1663.00    0.3506112889E-03
   1664.00    0.3467464704E-03
   1665.00    0.3432816159E-03
   1666.00    0.3401606080E-03
   1667.00    0.3373403381E-03
   1668.00    0.3347888531E-03
   1669.00    0.3324836127E-03
   1670.00    0.3304098831E-03
   1671.00    0.3285588304E-03
   1672.00    0.3269240902E-03
   1673.00    0.3254936685E-03
   1674.00    0.3242290212E-03
   1675.00    0.3230107834E-03
   1676.00    0.3215070880E-03
   1677.00    0.3189277950E-03
   1678.00    0.3139704984E-03
   1679.00    0.3062579879E-03
   1680.00    0.2984998766E-03
   1681.00    0.2935480273E-03
   1682.00    0.2911601008E-03
   1683.00    0.2900289710E-03
   1684.00    0.2893364064E-03
   1685.00    0.2887386098E-03
   1686.00    0.2881167276E-03
   1687.00    0.2874395507E-03
   1688.00    0.2867068217E-03
   1689.00    0.2859277542E-03
   1690.00    0.2851132645E-03
   1691.00    0.2842733759E-03
   1692.00    0.2834165400E-03
   1693.00    0.2825496362E-03
   1694.00    0.2816781806E-03
   1695.00    0.2808065727E-03
   1696.00    0.2799383192E-03
   1697.00    0.2790762217E-03
   1698.00    0.2782225259E-03
   1699.00    0.2773790400E-03
   1700.00    0.2765472274E-03
   1701.00    0.2757282783E-03
   1702.00    0.2749231666E-03
   1703.00    0.2741326941E-03
   1704.00    0.2733575256E-03
   1705.00    0.2725982167E-03
   1706.00    0.2718552356E-03
   1707.00    0.2711289813E-03
   1708.00    0.2704197976E-03
   1709.00    0.2697279848E-03
   1710.00    0.2690538095E-03
   1711.00    0.2683975117E-03
   1712.00    0.2677593121E-03
   1713.00    0.2671394169E-03
   1714.00    0.2665380226E-03
   1715.00    0.2659553199E-03
   1716.00    0.2653914967E-03
   1717.00    0.2648467412E-03
   1718.00    0.2643212442E-03
   1719.00    0.2638152013E-03
   1720.00    0.2633288152E-03
   1721.00    0.2628622969E-03
   1722.00    0.2624158678E-03
   1723.00    0.2619897608E-03
   1724.00    0.2615842222E-03
   1725.00    0.2611995128E-03
   1726.00    0.2608359093E-03
   1727.00    0.2604937054E-03
   1728.00    0.2601732136E-03
   1729.00    0.2598747663E-03
   1730.00    0.2595987169E-03
   1731.00    0.2593454417E-03
   1732.00    0.2591153409E-03
   1733.00    0.2589088406E-03
   1734.00    0.2587263938E-03
   1735.00    0.2585684828E-03
   1736.00    0.2584356202E-03
   1737.00    0.2583283517E-03
   1738.00    0.2582472572E-03
   1739.00    0.2581929538E-03
   1740.00    0.2581660975E-03
   1741.00    0.2581673863E-03
   1742.00    0.2581975624E-03
   1743.00    0.2582574153E-03
   1744.00    0.2583477851E-03
   1745.00    0.2584695657E-03
   1746.00    0.2586237088E-03
   1747.00    0.2588112276E-03
   1748.00    0.2590332013E-03
   1749.00    0.2592907801E-03
   1750.00    0.2595851898E-03
   1751.00    0.2599177384E-03
   1752.00    0.2602898212E-03
   1753.00    0.2607029285E-03
   1754.00    0.2611586526E-03
   1755.00    0.2616586960E-03
   1756.00    0.2622048805E-03
   1757.00    0.2627991569E-03
   1758.00    0.2634436161E-03
   1759.00    0.2641405009E-03
   1760.00    0.2648922195E-03
   1761.00    0.2657013601E-03
   1762.00    0.2665707074E-03
   1763.00    0.2675032608E-03
   1764.00    0.2685022543E-03
   1765.00    0.2695711797E-03
   1766.00    0.2707138116E-03
   1767.00    0.2719342357E-03
   1768.00    0.2732368807E-03
   1769.00    0.2746265543E-03
   1770.00    0.2761084837E-03
   1771.00    0.2776883610E-03
   1772.00    0.2793723957E-03
   1773.00    0.2811673731E-03
   1774.00    0.2830807221E-03
   1775.00    0.2851205919E-03
   1776.00    0.2872959404E-03
   1777.00    0.2896166355E-03
   1778.00    0.2920935728E-03
   1779.00    0.2947388107E-03
   1780.00    0.2975657288E-03
   1781.00    0.3005892116E-03
   1782.00    0.3038258644E-03
   1783.00    0.3072942673E-03
   1784.00    0.3110152743E-03
   1785.00    0.3150123700E-03
   1786.00    0.3193120933E-03
   1787.00    0.3239445470E-03
   1788.00    0.3289440111E-03
   1789.00    0.3343496863E-03
   1790.00    0.3402066020E-03
   1791.00    0.3465667304E-03
   1792.00    0.3534903637E-03
   1793.00    0.3610478300E-03
   1794.00    0.3693216461E-03
   1795.00    0.3784092429E-03
   1796.00    0.3884264445E-03
   1797.00    0.3995119530E-03
   1798.00    0.4118331870E-03
   1799.00    0.4255939640E-03
   1800.00    0.4410447247E-03
   1801.00    0.4584963018E-03
   1802.00    0.4783386932E-03
   1803.00    0.5010669842E-03
   1804.00    0.5273175869E-03
   1805.00    0.5579194822E-03
   1806.00    0.5939672922E-03
   1807.00    0.6369257006E-03
   1808.00    0.6887768506E-03
   1809.00    0.7522188236E-03
   1810.00    0.8308952791E-03
   1811.00    0.9295178637E-03
   1812.00    0.1053316928E-02
   1813.00    0.1204910122E-02
   1814.00    0.1373586890E-02
   1815.00    0.1512449413E-02
   1816.00    0.1534298072E-02
   1817.00    0.1399718348E-02
   1818.00    0.1182596998E-02
   1819.00    0.9694270202E-03
   1820.00    0.7934757102E-03
   1821.00    0.6557983342E-03
   1822.00    0.5487754247E-03
   1823.00    0.4647065673E-03
   1824.00    0.3976212079E-03
   1825.00    0.3431994441E-03
   1826.00    0.2983597982E-03
   1827.00    0.2608917843E-03
   1828.00    0.2291887325E-03
   1829.00    0.2020644045E-03
   1830.00    0.1786288259E-03
   1831.00    0.1582039159E-03
   1832.00    0.1402655433E-03
   1833.00    0.1244031866E-03
   1834.00    0.1102914465E-03
   1835.00    0.9766964842E-04
   1836.00    0.8632705681E-04
   1837.00    0.7609205457E-04
   1838.00    0.6682419090E-04
   1839.00    0.5840837469E-04
   1840.00    0.5075076614E-04
   1841.00    0.4377615166E-04
   1842.00    0.3742683621E-04
   1843.00    0.3166343503E-04
   1844.00    0.2646852695E-04
   1845.00    0.2185510869E-04
   1846.00    0.1788295269E-04
   1847.00    0.1468416848E-04
   1848.00    0.1247942437E-04
   1849.00    0.1150614960E-04
   1850.00    0.1179745444E-04
   1851.00    0.1306807510E-04
   1852.00    0.1492435364E-04
   1853.00    0.1706915129E-04
   1854.00    0.1932683937E-04
   1855.00    0.2160188617E-04
   1856.00    0.2384341406E-04
   1857.00    0.2602464760E-04
   1858.00    0.2813197824E-04
   1859.00    0.3015915844E-04
   1860.00    0.3210414290E-04
   1861.00    0.3396731567E-04
   1862.00    0.3575046467E-04
   1863.00    0.3745617299E-04
   1864.00    0.3908744974E-04
   1865.00    0.4064750318E-04
   1866.00    0.4213959996E-04
   1867.00    0.4356697803E-04
   1868.00    0.4493279341E-04
   1869.00    0.4624008860E-04
   1870.00    0.4749177502E-04
   1871.00    0.4869062460E-04
   1872.00    0.4983926720E-04
   1873.00    0.5094019190E-04
   1874.00    0.5199575074E-04
   1875.00    0.5300816383E-04
   1876.00    0.5397952539E-04
   1877.00    0.5491181019E-04
   1878.00    0.5580688014E-04
   1879.00    0.5666649083E-04
   1880.00    0.5749229790E-04
   1881.00    0.5828586317E-04
   1882.00    0.5904866052E-04
   1883.00    0.5978208139E-04
   1884.00    0.6048744003E-04
   1885.00    0.6116597838E-04
   1886.00    0.6181887069E-04
   1887.00    0.6244722776E-04
   1888.00    0.6305210100E-04
   1889.00    0.6363448613E-04
   1890.00    0.6419532667E-04
   1891.00    0.6473551717E-04
   1892.00    0.6525590625E-04
   1893.00    0.6575729939E-04
   1894.00    0.6624046155E-04
   1895.00    0.6670611961E-04
   1896.00    0.6715496464E-04
   1897.00    0.6758765403E-04
   1898.00    0.6800481343E-04
   1899.00    0.6840703863E-04
   1900.00    0.6879489724E-04
   1901.00    0.6916893033E-04
   1902.00    0.6952965390E-04
   1903.00    0.6987756028E-04
   1904.00    0.7021311947E-04
   1905.00    0.7053678033E-04
   1906.00    0.7084897176E-04
   1907.00    0.7115010372E-04
   1908.00    0.7144056832E-04
   1909.00    0.7172074067E-04
   1910.00    0.7199097985E-04
   1911.00    0.7225162969E-04
   1912.00    0.7250301956E-04
   1913.00    0.7274546513E-04
   1914.00    0.7297926902E-04
   1915.00    0.7320472149E-04
   1916.00    0.7342210103E-04
   1917.00    0.7363167494E-04
   1918.00    0.7383369986E-04
   1919.00    0.7402842233E-04
   1920.00    0.7421607920E-04
   1921.00    0.7439689816E-04
   1922.00    0.7457109812E-04
   1923.00    0.7473888963E-04
   1924.00    0.7490047529E-04
   1925.00    0.7505605006E-04
   1926.00    0.7520580167E-04
   1927.00    0.7534991091E-04
   1928.00    0.7548855192E-04
   1929.00    0.7562189252E-04
   1930.00    0.7575009448E-04
   1931.00    0.7587331378E-04
   1932.00    0.7599170082E-04
   1933.00    0.7610540075E-04
   1934.00    0.7621455358E-04
   1935.00    0.7631929451E-04
   1936.00    0.7641975402E-04
   1937.00    0.7651605815E-04
   1938.00    0.7660832866E-04
   1939.00    0.7669668318E-04
   1940.00    0.7678123540E-04
   1941.00    0.7686209523E-04
   1942.00    0.7693936893E-04
   1943.00    0.7701315927E-04
   1944.00    0.7708356569E-04
   1945.00    0.7715068438E-04
   1946.00    0.7721460843E-04
   1947.00    0.7727542798E-04
   1948.00    0.7733323028E-04
   1949.00    0.7738809982E-04
   1950.00    0.7744011845E-04
   1951.00    0.7748936547E-04
   1952.00    0.7753591772E-04
   1953.00    0.7757984965E-04
   1954.00    0.7762123346E-04
   1955.00    0.7766013913E-04
   1956.00    0.7769663454E-04
   1957.00    0.7773078552E-04
   1958.00    0.7776265592E-04
   1959.00    0.7779230771E-04
   1960.00    0.7781980101E-04
   1961.00    0.7784519418E-04
   1962.00    0.7786854389E-04
   1963.00    0.7788990513E-04
   1964.00    0.7790933133E-04
   1965.00    0.7792687436E-04
   1966.00    0.7794258462E-04
   1967.00    0.7795651106E-04
   1968.00    0.7796870128E-04
   1969.00    0.7797920150E-04
   1970.00    0.7798805666E-04
   1971.00    0.7799531046E-04
   1972.00    0.7800100537E-04
   1973.00    0.7800518270E-04
   1974.00    0.7800788261E-04
   1975.00    0.7800914419E-04
   1976.00    0.7800900544E-04
   1977.00    0.7800750335E-04
   1978.00    0.7800467391E-04
   1979.00    0.7800055213E-04
   1980.00    0.7799517212E-04
   1981.00    0.7798856704E-04
   1982.00    0.7798076922E-04
   1983.00    0.7797181010E-04
   1984.00    0.7796172032E-04
   1985.00    0.7795052972E-04
   1986.00    0.7793826735E-04
   1987.00    0.7792496152E-04
   1988.00    0.7791063981E-04
   1989.00    0.7789532910E-04
   1990.00    0.7787905558E-04
   1991.00    0.7786184476E-04
   1992.00    0.7784372152E-04
   1993.00    0.7782471011E-04
   1994.00    0.7780483418E-04
   1995.00    0.7778411677E-04
   1996.00    0.7776258035E-04
   1997.00    0.7774024685E-04
   1998.00    0.7771713765E-04
   1999.00    0.7769327358E-04
   2000.00    0.7766867500E-04
   2001.00    0.7764336175E-04
   2002.00    0.7761735318E-04
   2003.00    0.7759066818E-04
   2004.00    0.7756332520E-04
   2005.00    0.7753534221E-04
   2006.00    0.7750673678E-04
   2007.00    0.7747752605E-04
   2008.00    0.7744772675E-04
   2009.00    0.7741735522E-04
   2010.00    0.7738642739E-04
   2011.00    0.7735495885E-04
   2012.00    0.7732296480E-04
   2013.00    0.7729046009E-04
   2014.00    0.7725745922E-04
   2015.00    0.7722397637E-04
   2016.00    0.7719002536E-04
   2017.00    0.7715561972E-04
   2018.00    0.7712077265E-04
   2019.00    0.7708549706E-04
   2020.00    0.7704980556E-04
   2021.00    0.7701371046E-04
   2022.00    0.7697722380E-04
   2023.00    0.7694035736E-04
   2024.00    0.7690312263E-04
   2025.00    0.7686553086E-04
   2026.00    0.7682759303E-04
   2027.00    0.7678931989E-04
   2028.00    0.7675072193E-04
   2029.00    0.7671180942E-04
   2030.00    0.7667259241E-04
   2031.00    0.7663308072E-04
   2032.00    0.7659328393E-04
   2033.00    0.7655321144E-04
   2034.00    0.7651287243E-04
   2035.00    0.7647227588E-04
   2036.00    0.7643143057E-04
   2037.00    0.7639034509E-04
   2038.00    0.7634902786E-04
   2039.00    0.7630748708E-04
   2040.00    0.7626573081E-04
   2041.00    0.7622376692E-04
   2042.00    0.7618160310E-04
   2043.00    0.7613924689E-04
   2044.00    0.7609670566E-04
   2045.00    0.7605398663E-04
   2046.00    0.7601109685E-04
   2047.00    0.7596804325E-04
   2048.00    0.7592483257E-04
   2049.00    0.7588147145E-04
   2050.00    0.7583796636E-04
   2051.00    0.7579432364E-04
   2052.00    0.7575054951E-04
   2053.00    0.7570665003E-04
   2054.00    0.7566263117E-04
   2055.00    0.7561849875E-04
   2056.00    0.7557425847E-04
   2057.00    0.7552991592E-04
   2058.00    0.7548547656E-04
   2059.00    0.7544094576E-04
   2060.00    0.7539632875E-04
   2061.00    0.7535163067E-04
   2062.00    0.7530685656E-04
   2063.00    0.7526201133E-04
   2064.00    0.7521709981E-04
   2065.00    0.7517212673E-04
   2066.00    0.7512709671E-04
   2067.00    0.7508201428E-04
   2068.00    0.7503688390E-04
   2069.00    0.7499170990E-04
   2070.00    0.7494649654E-04
   2071.00    0.7490124802E-04
   2072.00    0.7485596840E-04
   2073.00    0.7481066170E-04
   2074.00    0.7476533185E-04
   2075.00    0.7471998269E-04
   2076.00    0.7467461798E-04
   2077.00    0.7462924143E-04
   2078.00    0.7458385665E-04
   2079.00    0.7453846719E-04
   2080.00    0.7449307652E-04
   2081.00    0.7444768804E-04
   2082.00    0.7440230509E-04
   2083.00    0.7435693095E-04
   2084.00    0.7431156882E-04
   2085.00    0.7426622183E-04
   2086.00    0.7422089307E-04
   2087.00    0.7417558555E-04
   2088.00    0.7413030224E-04
   2089.00    0.7408504603E-04
   2090.00    0.7403981975E-04
   2091.00    0.7399462621E-04
   2092.00    0.7394946812E-04
   2093.00    0.7390434817E-04
   2094.00    0.7385926898E-04
   2095.00    0.7381423311E-04
   2096.00    0.7376924310E-04
   2097.00    0.7372430142E-04
   2098.00    0.7367941048E-04
   2099.00    0.7363457266E-04
   2100.00    0.7358979030E-04
   2101.00    0.7354506568E-04
   2102.00    0.7350040104E-04
   2103.00    0.7345579857E-04
   2104.00    0.7341126042E-04
   2105.00    0.7336678872E-04
   2106.00    0.7332238553E-04
   2107.00    0.7327805287E-04
   2108.00    0.7323379275E-04
   2109.00    0.7318960711E-04
   2110.00    0.7314549787E-04
   2111.00    0.7310146691E-04
   2112.00    0.7305751606E-04
   2113.00    0.7301364713E-04
   2114.00    0.7296986190E-04
   2115.00    0.7292616210E-04
   2116.00    0.7288254944E-04
   2117.00    0.7283902558E-04
   2118.00    0.7279559216E-04
   2119.00    0.7275225080E-04
   2120.00    0.7270900306E-04
   2121.00    0.7266585050E-04
   2122.00    0.7262279463E-04
   2123.00    0.7257983695E-04
   2124.00    0.7253697890E-04
   2125.00    0.7249422192E-04
   2126.00    0.7245156742E-04
   2127.00    0.7240901677E-04
   2128.00    0.7236657133E-04
   2129.00    0.7232423243E-04
   2130.00    0.7228200135E-04
   2131.00    0.7223987938E-04
   2132.00    0.7219786778E-04
   2133.00    0.7215596777E-04
   2134.00    0.7211418055E-04
   2135.00    0.7207250730E-04
   2136.00    0.7203094920E-04
   2137.00    0.7198950738E-04
   2138.00    0.7194818294E-04
   2139.00    0.7190697700E-04
   2140.00    0.7186589063E-04
   2141.00    0.7182492487E-04
   2142.00    0.7178408078E-04
   2143.00    0.7174335935E-04
   2144.00    0.7170276160E-04
   2145.00    0.7166228850E-04
   2146.00    0.7162194101E-04
   2147.00    0.7158172008E-04
   2148.00    0.7154162662E-04
   2149.00    0.7150166155E-04
   2150.00    0.7146182576E-04
   2151.00    0.7142212013E-04
   2152.00    0.7138254551E-04
   2153.00    0.7134310274E-04
   2154.00    0.7130379266E-04
   2155.00    0.7126461608E-04
   2156.00    0.7122557378E-04
   2157.00    0.7118666657E-04
   2158.00    0.7114789520E-04
   2159.00    0.7110926044E-04
   2160.00    0.7107076301E-04
   2161.00    0.7103240365E-04
   2162.00    0.7099418308E-04
   2163.00    0.7095610199E-04
   2164.00    0.7091816108E-04
   2165.00    0.7088036101E-04
   2166.00    0.7084270246E-04
   2167.00    0.7080518608E-04
   2168.00    0.7076781251E-04
   2169.00    0.7073058237E-04
   2170.00    0.7069349629E-04
   2171.00    0.7065655487E-04
   2172.00    0.7061975872E-04
   2173.00    0.7058310840E-04
   2174.00    0.7054660451E-04
   2175.00    0.7051024761E-04
   2176.00    0.7047403825E-04
   2177.00    0.7043797698E-04
   2178.00    0.7040206434E-04
   2179.00    0.7036630085E-04
   2180.00    0.7033068703E-04
   2181.00    0.7029522340E-04
   2182.00    0.7025991044E-04
   2183.00    0.7022474867E-04
   2184.00    0.7018973855E-04
   2185.00    0.7015488057E-04
   2186.00    0.7012017519E-04
   2187.00    0.7008562287E-04
   2188.00    0.7005122408E-04
   2189.00    0.7001697924E-04
   2190.00    0.6998288880E-04
   2191.00    0.6994895319E-04
   2192.00    0.6991517284E-04
   2193.00    0.6988154815E-04
   2194.00    0.6984807955E-04
   2195.00    0.6981476743E-04
   2196.00    0.6978161219E-04
   2197.00    0.6974861422E-04
   2198.00    0.6971577391E-04
   2199.00    0.6968309164E-04
   2200.00    0.6965056777E-04
   2201.00    0.6961820268E-04
   2202.00    0.6958599673E-04
   2203.00    0.6955395027E-04
   2204.00    0.6952206366E-04
   2205.00    0.6949033725E-04
   2206.00    0.6945877136E-04
   2207.00    0.6942736634E-04
   2208.00    0.6939612252E-04
   2209.00    0.6936504023E-04
   2210.00    0.6933411979E-04
   2211.00    0.6930336151E-04
   2212.00    0.6927276571E-04
   2213.00    0.6924233269E-04
   2214.00    0.6921206277E-04
   2215.00    0.6918195623E-04
   2216.00    0.6915201339E-04
   2217.00    0.6912223453E-04
   2218.00    0.6909261993E-04
   2219.00    0.6906316989E-04
   2220.00    0.6903388469E-04
   2221.00    0.6900476461E-04
   2222.00    0.6897580991E-04
   2223.00    0.6894702088E-04
   2224.00    0.6891839778E-04
   2225.00    0.6888994087E-04
   2226.00    0.6886165043E-04
   2227.00    0.6883352670E-04
   2228.00    0.6880556995E-04
   2229.00    0.6877778043E-04
   2230.00    0.6875015839E-04
   2231.00    0.6872270408E-04
   2232.00    0.6869541775E-04
   2233.00    0.6866829964E-04
   2234.00    0.6864134999E-04
   2235.00    0.6861456905E-04
   2236.00    0.6858795704E-04
   2237.00    0.6856151421E-04
   2238.00    0.6853524079E-04
   2239.00    0.6850913701E-04
   2240.00    0.6848320310E-04
   2241.00    0.6845743928E-04
   2242.00    0.6843184579E-04
   2243.00    0.6840642284E-04
   2244.00    0.6838117067E-04
   2245.00    0.6835608948E-04
   2246.00    0.6833117951E-04
   2247.00    0.6830644096E-04
   2248.00    0.6828187406E-04
   2249.00    0.6825747902E-04
   2250.00    0.6823325606E-04
   2251.00    0.6820920539E-04
   2252.00    0.6818532722E-04
   2253.00    0.6816162176E-04
   2254.00    0.6813808923E-04
   2255.00    0.6811472983E-04
   2256.00    0.6809154377E-04
   2257.00    0.6806853125E-04
   2258.00    0.6804569250E-04
   2259.00    0.6802302771E-04
   2260.00    0.6800053708E-04
   2261.00    0.6797822083E-04
   2262.00    0.6795607916E-04
   2263.00    0.6793411227E-04
   2264.00    0.6791232037E-04
   2265.00    0.6789070365E-04
   2266.00    0.6786926233E-04
   2267.00    0.6784799660E-04
   2268.00    0.6782690668E-04
   2269.00    0.6780599275E-04
   2270.00    0.6778525502E-04
   2271.00    0.6776469370E-04
   2272.00    0.6774430899E-04
   2273.00    0.6772410108E-04
   2274.00    0.6770407019E-04
   2275.00    0.6768421652E-04
   2276.00    0.6766454026E-04
   2277.00    0.6764504162E-04
   2278.00    0.6762572080E-04
   2279.00    0.6760657801E-04
   2280.00    0.6758761345E-04
   2281.00    0.6756882732E-04
   2282.00    0.6755021984E-04
   2283.00    0.6753179119E-04
   2284.00    0.6751354160E-04
   2285.00    0.6749547126E-04
   2286.00    0.6747758039E-04
   2287.00    0.6745986919E-04
   2288.00    0.6744233786E-04
   2289.00    0.6742498662E-04
   2290.00    0.6740781567E-04
   2291.00    0.6739082524E-04
   2292.00    0.6737401552E-04
   2293.00    0.6735738672E-04
   2294.00    0.6734093907E-04
   2295.00    0.6732467278E-04
   2296.00    0.6730858806E-04
   2297.00    0.6729268512E-04
   2298.00    0.6727696419E-04
   2299.00    0.6726142548E-04
   2300.00    0.6724606920E-04
   2301.00    0.6723089559E-04
   2302.00    0.6721590486E-04
   2303.00    0.6720109724E-04
   2304.00    0.6718647294E-04
   2305.00    0.6717203220E-04
   2306.00    0.6715777523E-04
   2307.00    0.6714370228E-04
   2308.00    0.6712981356E-04
   2309.00    0.6711610931E-04
   2310.00    0.6710258976E-04
   2311.00    0.6708925514E-04
   2312.00    0.6707610570E-04
   2313.00    0.6706314166E-04
   2314.00    0.6705036326E-04
   2315.00    0.6703777075E-04
   2316.00    0.6702536436E-04
   2317.00    0.6701314435E-04
   2318.00    0.6700111095E-04
   2319.00    0.6698926441E-04
   2320.00    0.6697760498E-04
   2321.00    0.6696613291E-04
   2322.00    0.6695484845E-04
   2323.00    0.6694375187E-04
   2324.00    0.6693284340E-04
   2325.00    0.6692212332E-04
   2326.00    0.6691159188E-04
   2327.00    0.6690124935E-04
   2328.00    0.6689109598E-04
   2329.00    0.6688113205E-04
   2330.00    0.6687135782E-04
   2331.00    0.6686177356E-04
   2332.00    0.6685237955E-04
   2333.00    0.6684317606E-04
   2334.00    0.6683416337E-04
   2335.00    0.6682534175E-04
   2336.00    0.6681671150E-04
   2337.00    0.6680827289E-04
   2338.00    0.6680002620E-04
   2339.00    0.6679197174E-04
   2340.00    0.6678410978E-04
   2341.00    0.6677644063E-04
   2342.00    0.6676896457E-04
   2343.00    0.6676168191E-04
   2344.00    0.6675459295E-04
   2345.00    0.6674769799E-04
   2346.00    0.6674099734E-04
   2347.00    0.6673449131E-04
   2348.00    0.6672818020E-04
   2349.00    0.6672206433E-04
   2350.00    0.6671614403E-04
   2351.00    0.6671041960E-04
   2352.00    0.6670489137E-04
   2353.00    0.6669955966E-04
   2354.00    0.6669442481E-04
   2355.00    0.6668948714E-04
   2356.00    0.6668474699E-04
   2357.00    0.6668020470E-04
   2358.00    0.6667586059E-04
   2359.00    0.6667171502E-04
   2360.00    0.6666776834E-04
   2361.00    0.6666402088E-04
   2362.00    0.6666047301E-04
   2363.00    0.6665712507E-04
   2364.00    0.6665397742E-04
   2365.00    0.6665103043E-04
   2366.00    0.6664828445E-04
   2367.00    0.6664573986E-04
   2368.00    0.6664339703E-04
   2369.00    0.6664125633E-04
   2370.00    0.6663931813E-04
   2371.00    0.6663758282E-04
   2372.00    0.6663605079E-04
   2373.00    0.6663472241E-04
   2374.00    0.6663359808E-04
   2375.00    0.6663267819E-04
   2376.00    0.6663196314E-04
   2377.00    0.6663145333E-04
   2378.00    0.6663114917E-04
   2379.00    0.6663105106E-04
   2380.00    0.6663115942E-04
   2381.00    0.6663147466E-04
   2382.00    0.6663199721E-04
   2383.00    0.6663272747E-04
   2384.00    0.6663366588E-04
   2385.00    0.6663481288E-04
   2386.00    0.6663616888E-04
   2387.00    0.6663773434E-04
   2388.00    0.6663950970E-04
   2389.00    0.6664149539E-04
   2390.00    0.6664369188E-04
   2391.00    0.6664609960E-04
   2392.00    0.6664871903E-04
   2393.00    0.6665155062E-04
   2394.00    0.6665459484E-04
   2395.00    0.6665785215E-04
   2396.00    0.6666132304E-04
   2397.00    0.6666500798E-04
   2398.00    0.6666890745E-04
   2399.00    0.6667302194E-04
   2400.00    0.6667735194E-04
   2401.00    0.6668189795E-04
   2402.00    0.6668666046E-04
   2403.00    0.6669163998E-04
   2404.00    0.6669683702E-04
   2405.00    0.6670225208E-04
   2406.00    0.6670788570E-04
   2407.00    0.6671373838E-04
   2408.00    0.6671981066E-04
   2409.00    0.6672610307E-04
   2410.00    0.6673261614E-04
   2411.00    0.6673935041E-04
   2412.00    0.6674630643E-04
   2413.00    0.6675348475E-04
   2414.00    0.6676088592E-04
   2415.00    0.6676851050E-04
   2416.00    0.6677635906E-04
   2417.00    0.6678443217E-04
   2418.00    0.6679273039E-04
   2419.00    0.6680125431E-04
   2420.00    0.6681000452E-04
   2421.00    0.6681898160E-04
   2422.00    0.6682818614E-04
   2423.00    0.6683761875E-04
   2424.00    0.6684728003E-04
   2425.00    0.6685717059E-04
   2426.00    0.6686729105E-04
   2427.00    0.6687764203E-04
   2428.00    0.6688822414E-04
   2429.00    0.6689903804E-04
   2430.00    0.6691008434E-04
   2431.00    0.6692136369E-04
   2432.00    0.6693287675E-04
   2433.00    0.6694462416E-04
   2434.00    0.6695660658E-04
   2435.00    0.6696882468E-04
   2436.00    0.6698127913E-04
   2437.00    0.6699397061E-04
   2438.00    0.6700689979E-04
   2439.00    0.6702006736E-04
   2440.00    0.6703347402E-04
   2441.00    0.6704712048E-04
   2442.00    0.6706100742E-04
   2443.00    0.6707513557E-04
   2444.00    0.6708950564E-04
   2445.00    0.6710411836E-04
   2446.00    0.6711897446E-04
   2447.00    0.6713407467E-04
   2448.00    0.6714941974E-04
   2449.00    0.6716501041E-04
   2450.00    0.6718084744E-04
   2451.00    0.6719693160E-04
   2452.00    0.6721326365E-04
   2453.00    0.6722984436E-04
   2454.00    0.6724667452E-04
   2455.00    0.6726375492E-04
   2456.00    0.6728108635E-04
   2457.00    0.6729866961E-04
   2458.00    0.6731650552E-04
   2459.00    0.6733459488E-04
   2460.00    0.6735293852E-04
   2461.00    0.6737153727E-04
   2462.00    0.6739039197E-04
   2463.00    0.6740950346E-04
   2464.00    0.6742887258E-04
   2465.00    0.6744850021E-04
   2466.00    0.6746838720E-04
   2467.00    0.6748853442E-04
   2468.00    0.6750894276E-04
   2469.00    0.6752961310E-04
   2470.00    0.6755054635E-04
   2471.00    0.6757174339E-04
   2472.00    0.6759320515E-04
   2473.00    0.6761493254E-04
   2474.00    0.6763692648E-04
   2475.00    0.6765918792E-04
   2476.00    0.6768171778E-04
   2477.00    0.6770451703E-04
   2478.00    0.6772758662E-04
   2479.00    0.6775092751E-04
   2480.00    0.6777454069E-04
   2481.00    0.6779842712E-04
   2482.00    0.6782258781E-04
   2483.00    0.6784702375E-04
   2484.00    0.6787173595E-04
   2485.00    0.6789672542E-04
   2486.00    0.6792199320E-04
   2487.00    0.6794754031E-04
   2488.00    0.6797336780E-04
   2489.00    0.6799947671E-04
   2490.00    0.6802586811E-04
   2491.00    0.6805254308E-04
   2492.00    0.6807950267E-04
   2493.00    0.6810674799E-04
   2494.00    0.6813428013E-04
   2495.00    0.6816210019E-04
   2496.00    0.6819020930E-04
   2497.00    0.6821860857E-04
   2498.00    0.6824729914E-04
   2499.00    0.6827628216E-04
   2500.00    0.6830555877E-04
   2501.00    0.6833513015E-04
   2502.00    0.6836499747E-04
   2503.00    0.6839516190E-04
   2504.00    0.6842562465E-04
   2505.00    0.6845638691E-04
   2506.00    0.6848744990E-04
   2507.00    0.6851881486E-04
   2508.00    0.6855048300E-04
   2509.00    0.6858245558E-04
   2510.00    0.6861473385E-04
   2511.00    0.6864731908E-04
   2512.00    0.6868021255E-04
   2513.00    0.6871341555E-04
   2514.00    0.6874692938E-04
   2515.00    0.6878075534E-04
   2516.00    0.6881489476E-04
   2517.00    0.6884934897E-04
   2518.00    0.6888411933E-04
   2519.00    0.6891920717E-04
   2520.00    0.6895461389E-04
   2521.00    0.6899034084E-04
   2522.00    0.6902638943E-04
   2523.00    0.6906276106E-04
   2524.00    0.6909945714E-04
   2525.00    0.6913647911E-04
   2526.00    0.6917382840E-04
   2527.00    0.6921150647E-04
   2528.00    0.6924951478E-04
   2529.00    0.6928785481E-04
   2530.00    0.6932652805E-04
   2531.00    0.6936553600E-04
   2532.00    0.6940488019E-04
   2533.00    0.6944456214E-04
   2534.00    0.6948458340E-04
   2535.00    0.6952494551E-04
   2536.00    0.6956565006E-04
   2537.00    0.6960669863E-04
   2538.00    0.6964809281E-04
   2539.00    0.6968983422E-04
   2540.00    0.6973192448E-04
   2541.00    0.6977436523E-04
   2542.00    0.6981715812E-04
   2543.00    0.6986030483E-04
   2544.00    0.6990380704E-04
   2545.00    0.6994766644E-04
   2546.00    0.6999188476E-04
   2547.00    0.7003646371E-04
   2548.00    0.7008140504E-04
   2549.00    0.7012671050E-04
   2550.00    0.7017238188E-04
   2551.00    0.7021842097E-04
   2552.00    0.7026482956E-04
   2553.00    0.7031160948E-04
   2554.00    0.7035876257E-04
   2555.00    0.7040629067E-04
   2556.00    0.7045419567E-04
   2557.00    0.7050247945E-04
   2558.00    0.7055114391E-04
   2559.00    0.7060019097E-04
   2560.00    0.7064962256E-04
   2561.00    0.7069944066E-04
   2562.00    0.7074964722E-04
   2563.00    0.7080024423E-04
   2564.00    0.7085123371E-04
   2565.00    0.7090261768E-04
   2566.00    0.7095439818E-04
   2567.00    0.7100657728E-04
   2568.00    0.7105915705E-04
   2569.00    0.7111213960E-04
   2570.00    0.7116552705E-04
   2571.00    0.7121932152E-04
   2572.00    0.7127352519E-04
   2573.00    0.7132814022E-04
   2574.00    0.7138316881E-04
   2575.00    0.7143861318E-04
   2576.00    0.7149447556E-04
   2577.00    0.7155075821E-04
   2578.00    0.7160746340E-04
   2579.00    0.7166459344E-04
   2580.00    0.7172215064E-04
   2581.00    0.7178013735E-04
   2582.00    0.7183855592E-04
   2583.00    0.7189740873E-04
   2584.00    0.7195669820E-04
   2585.00    0.7201642674E-04
   2586.00    0.7207659681E-04
   2587.00    0.7213721088E-04
   2588.00    0.7219827145E-04
   2589.00    0.7225978102E-04
   2590.00    0.7232174215E-04
   2591.00    0.7238415740E-04
   2592.00    0.7244702936E-04
   2593.00    0.7251036063E-04
   2594.00    0.7257415386E-04
   2595.00    0.7263841170E-04
   2596.00    0.7270313685E-04
   2597.00    0.7276833202E-04
   2598.00    0.7283399993E-04
   2599.00    0.7290014337E-04
   2600.00    0.7296676510E-04
   2601.00    0.7303386796E-04
   2602.00    0.7310145478E-04
   2603.00    0.7316952842E-04
   2604.00    0.7323809179E-04
   2605.00    0.7330714781E-04
   2606.00    0.7337669943E-04
   2607.00    0.7344674963E-04
   2608.00    0.7351730141E-04
   2609.00    0.7358835782E-04
   2610.00    0.7365992191E-04
   2611.00    0.7373199678E-04
   2612.00    0.7380458556E-04
   2613.00    0.7387769140E-04
   2614.00    0.7395131749E-04
   2615.00    0.7402546704E-04
   2616.00    0.7410014329E-04
   2617.00    0.7417534953E-04
   2618.00    0.7425108907E-04
   2619.00    0.7432736525E-04
   2620.00    0.7440418144E-04
   2621.00    0.7448154105E-04
   2622.00    0.7455944752E-04
   2623.00    0.7463790433E-04
   2624.00    0.7471691499E-04
   2625.00    0.7479648303E-04
   2626.00    0.7487661204E-04
   2627.00    0.7495730564E-04
   2628.00    0.7503856746E-04
   2629.00    0.7512040120E-04
   2630.00    0.7520281058E-04
   2631.00    0.7528579936E-04
   2632.00    0.7536937133E-04
   2633.00    0.7545353033E-04
   2634.00    0.7553828024E-04
   2635.00    0.7562362496E-04
   2636.00    0.7570956844E-04
   2637.00    0.7579611468E-04
   2638.00    0.7588326771E-04
   2639.00    0.7597103160E-04
   2640.00    0.7605941047E-04
   2641.00    0.7614840847E-04
   2642.00    0.7623802979E-04
   2643.00    0.7632827868E-04
   2644.00    0.7641915942E-04
   2645.00    0.7651067634E-04
   2646.00    0.7660283381E-04
   2647.00    0.7669563625E-04
   2648.00    0.7678908812E-04
   2649.00    0.7688319392E-04
   2650.00    0.7697795823E-04
   2651.00    0.7707338562E-04
   2652.00    0.7716948077E-04
   2653.00    0.7726624837E-04
   2654.00    0.7736369315E-04
   2655.00    0.7746181993E-04
   2656.00    0.7756063356E-04
   2657.00    0.7766013892E-04
   2658.00    0.7776034097E-04
   2659.00    0.7786124471E-04
   2660.00    0.7796285521E-04
   2661.00    0.7806517756E-04
   2662.00    0.7816821694E-04
   2663.00    0.7827197855E-04
   2664.00    0.7837646769E-04
   2665.00    0.7848168968E-04
   2666.00    0.7858764990E-04
   2667.00    0.7869435381E-04
   2668.00    0.7880180690E-04
   2669.00    0.7891001475E-04
   2670.00    0.7901898298E-04
   2671.00    0.7912871728E-04
   2672.00    0.7923922340E-04
   2673.00    0.7935050713E-04
   2674.00    0.7946257437E-04
   2675.00    0.7957543105E-04
   2676.00    0.7968908318E-04
   2677.00    0.7980353682E-04
   2678.00    0.7991879812E-04
   2679.00    0.8003487327E-04
   2680.00    0.8015176856E-04
   2681.00    0.8026949033E-04
   2682.00    0.8038804499E-04
   2683.00    0.8050743904E-04
   2684.00    0.8062767903E-04
   2685.00    0.8074877159E-04
   2686.00    0.8087072345E-04
   2687.00    0.8099354137E-04
   2688.00    0.8111723223E-04
   2689.00    0.8124180296E-04
   2690.00    0.8136726058E-04
   2691.00    0.8149361220E-04
   2692.00    0.8162086498E-04
   2693.00    0.8174902621E-04
   2694.00    0.8187810321E-04
   2695.00    0.8200810343E-04
   2696.00    0.8213903438E-04
   2697.00    0.8227090366E-04
   2698.00    0.8240371898E-04
   2699.00    0.8253748811E-04
   2700.00    0.8267221893E-04
   2701.00    0.8280791941E-04
   2702.00    0.8294459760E-04
   2703.00    0.8308226166E-04
   2704.00    0.8322091985E-04
   2705.00    0.8336058052E-04
   2706.00    0.8350125212E-04
   2707.00    0.8364294319E-04
   2708.00    0.8378566239E-04
   2709.00    0.8392941848E-04
   2710.00    0.8407422033E-04
   2711.00    0.8422007689E-04
   2712.00    0.8436699726E-04
   2713.00    0.8451499062E-04
   2714.00    0.8466406626E-04
   2715.00    0.8481423361E-04
   2716.00    0.8496550220E-04
   2717.00    0.8511788166E-04
   2718.00    0.8527138177E-04
   2719.00    0.8542601242E-04
   2720.00    0.8558178361E-04
   2721.00    0.8573870547E-04
   2722.00    0.8589678828E-04
   2723.00    0.8605604240E-04
   2724.00    0.8621647838E-04
   2725.00    0.8637810684E-04
   2726.00    0.8654093859E-04
   2727.00    0.8670498454E-04
   2728.00    0.8687025576E-04
   2729.00    0.8703676344E-04
   2730.00    0.8720451894E-04
   2731.00    0.8737353374E-04
   2732.00    0.8754381948E-04
   2733.00    0.8771538795E-04
   2734.00    0.8788825109E-04
   2735.00    0.8806242101E-04
   2736.00    0.8823790994E-04
   2737.00    0.8841473031E-04
   2738.00    0.8859289469E-04
   2739.00    0.8877241583E-04
   2740.00    0.8895330664E-04
   2741.00    0.8913558019E-04
   2742.00    0.8931924975E-04
   2743.00    0.8950432874E-04
   2744.00    0.8969083078E-04
   2745.00    0.8987876966E-04
   2746.00    0.9006815936E-04
   2747.00    0.9025901404E-04
   2748.00    0.9045134808E-04
   2749.00    0.9064517602E-04
   2750.00    0.9084051262E-04
   2751.00    0.9103737283E-04
   2752.00    0.9123577182E-04
   2753.00    0.9143572496E-04
   2754.00    0.9163724782E-04
   2755.00    0.9184035621E-04
   2756.00    0.9204506615E-04
   2757.00    0.9225139388E-04
   2758.00    0.9245935587E-04
   2759.00    0.9266896883E-04
   2760.00    0.9288024968E-04
   2761.00    0.9309321562E-04
   2762.00    0.9330788406E-04
   2763.00    0.9352427266E-04
   2764.00    0.9374239937E-04
   2765.00    0.9396228236E-04
   2766.00    0.9418394007E-04
   2767.00    0.9440739121E-04
   2768.00    0.9463265477E-04
   2769.00    0.9485975000E-04
   2770.00    0.9508869646E-04
   2771.00    0.9531951396E-04
   2772.00    0.9555222263E-04
   2773.00    0.9578684289E-04
   2774.00    0.9602339545E-04
   2775.00    0.9626190136E-04
   2776.00    0.9650238196E-04
   2777.00    0.9674485891E-04
   2778.00    0.9698935421E-04
   2779.00    0.9723589018E-04
   2780.00    0.9748448950E-04
   2781.00    0.9773517517E-04
   2782.00    0.9798797056E-04
   2783.00    0.9824289939E-04
   2784.00    0.9849998575E-04
   2785.00    0.9875925411E-04
   2786.00    0.9902072931E-04
   2787.00    0.9928443658E-04
   2788.00    0.9955040156E-04
   2789.00    0.9981865026E-04
   2790.00    0.1000892091E-03
   2791.00    0.1003621051E-03
   2792.00    0.1006373653E-03
   2793.00    0.1009150176E-03
   2794.00    0.1011950902E-03
   2795.00    0.1014776115E-03
   2796.00    0.1017626109E-03
   2797.00    0.1020501178E-03
   2798.00    0.1023401622E-03
   2799.00    0.1026327747E-03
   2800.00    0.1029279864E-03
   2801.00    0.1032258288E-03
   2802.00    0.1035263340E-03
   2803.00    0.1038295346E-03
   2804.00    0.1041354638E-03
   2805.00    0.1044441553E-03
   2806.00    0.1047556434E-03
   2807.00    0.1050699630E-03
   2808.00    0.1053871495E-03
   2809.00    0.1057072390E-03
   2810.00    0.1060302683E-03
   2811.00    0.1063562746E-03
   2812.00    0.1066852959E-03
   2813.00    0.1070173710E-03
   2814.00    0.1073525390E-03
   2815.00    0.1076908400E-03
   2816.00    0.1080323148E-03
   2817.00    0.1083770048E-03
   2818.00    0.1087249522E-03
   2819.00    0.1090761998E-03
   2820.00    0.1094307915E-03
   2821.00    0.1097887717E-03
   2822.00    0.1101501857E-03
   2823.00    0.1105150798E-03
   2824.00    0.1108835007E-03
   2825.00    0.1112554966E-03
   2826.00    0.1116311159E-03
   2827.00    0.1120104085E-03
   2828.00    0.1123934249E-03
   2829.00    0.1127802166E-03
   2830.00    0.1131708361E-03
   2831.00    0.1135653370E-03
   2832.00    0.1139637737E-03
   2833.00    0.1143662018E-03
   2834.00    0.1147726779E-03
   2835.00    0.1151832598E-03
   2836.00    0.1155980064E-03
   2837.00    0.1160169776E-03
   2838.00    0.1164402347E-03
   2839.00    0.1168678400E-03
   2840.00    0.1172998571E-03
   2841.00    0.1177363511E-03
   2842.00    0.1181773881E-03
   2843.00    0.1186230356E-03
   2844.00    0.1190733626E-03
   2845.00    0.1195284394E-03
   2846.00    0.1199883379E-03
   2847.00    0.1204531312E-03
   2848.00    0.1209228941E-03
   2849.00    0.1213977029E-03
   2850.00    0.1218776357E-03
   2851.00    0.1223627719E-03
   2852.00    0.1228531929E-03
   2853.00    0.1233489816E-03
   2854.00    0.1238502228E-03
   2855.00    0.1243570031E-03
   2856.00    0.1248694111E-03
   2857.00    0.1253875370E-03
   2858.00    0.1259114734E-03
   2859.00    0.1264413146E-03
   2860.00    0.1269771572E-03
   2861.00    0.1275190999E-03
   2862.00    0.1280672436E-03
   2863.00    0.1286216915E-03
   2864.00    0.1291825490E-03
   2865.00    0.1297499243E-03
   2866.00    0.1303239276E-03
   2867.00    0.1309046719E-03
   2868.00    0.1314922729E-03
   2869.00    0.1320868490E-03
   2870.00    0.1326885212E-03
   2871.00    0.1332974134E-03
   2872.00    0.1339136528E-03
   2873.00    0.1345373692E-03
   2874.00    0.1351686958E-03
   2875.00    0.1358077690E-03
   2876.00    0.1364547286E-03
   2877.00    0.1371097176E-03
   2878.00    0.1377728829E-03
   2879.00    0.1384443749E-03
   2880.00    0.1391243476E-03
   2881.00    0.1398129593E-03
   2882.00    0.1405103720E-03
   2883.00    0.1412167519E-03
   2884.00    0.1419322697E-03
   2885.00    0.1426571005E-03
   2886.00    0.1433914237E-03
   2887.00    0.1441354237E-03
   2888.00    0.1448892898E-03
   2889.00    0.1456532163E-03
   2890.00    0.1464274027E-03
   2891.00    0.1472120540E-03
   2892.00    0.1480073808E-03
   2893.00    0.1488135995E-03
   2894.00    0.1496309323E-03
   2895.00    0.1504596080E-03
   2896.00    0.1512998616E-03
   2897.00    0.1521519347E-03
   2898.00    0.1530160761E-03
   2899.00    0.1538925414E-03
   2900.00    0.1547815941E-03
   2901.00    0.1556835049E-03
   2902.00    0.1565985528E-03
   2903.00    0.1575270251E-03
   2904.00    0.1584692175E-03
   2905.00    0.1594254349E-03
   2906.00    0.1603959913E-03
   2907.00    0.1613812104E-03
   2908.00    0.1623814260E-03
   2909.00    0.1633969822E-03
   2910.00    0.1644282341E-03
   2911.00    0.1654755479E-03
   2912.00    0.1665393015E-03
   2913.00    0.1676198853E-03
   2914.00    0.1687177022E-03
   2915.00    0.1698331682E-03
   2916.00    0.1709667136E-03
   2917.00    0.1721187825E-03
   2918.00    0.1732898343E-03
   2919.00    0.1744803442E-03
   2920.00    0.1756908034E-03
   2921.00    0.1769217204E-03
   2922.00    0.1781736214E-03
   2923.00    0.1794470512E-03
   2924.00    0.1807425740E-03
   2925.00    0.1820607745E-03
   2926.00    0.1834022585E-03
   2927.00    0.1847676542E-03
   2928.00    0.1861576129E-03
   2929.00    0.1875728106E-03
   2930.00    0.1890139487E-03
   2931.00    0.1904817553E-03
   2932.00    0.1919769869E-03
   2933.00    0.1935004293E-03
   2934.00    0.1950528995E-03
   2935.00    0.1966352468E-03
   2936.00    0.1982483549E-03
   2937.00    0.1998931435E-03
   2938.00    0.2015705699E-03
   2939.00    0.2032816316E-03
   2940.00    0.2050273679E-03
   2941.00    0.2068088621E-03
   2942.00    0.2086272445E-03
   2943.00    0.2104836943E-03
   2944.00    0.2123794429E-03
   2945.00    0.2143157763E-03
   2946.00    0.2162940386E-03
   2947.00    0.2183156352E-03
   2948.00    0.2203820365E-03
   2949.00    0.2224947813E-03
   2950.00    0.2246554817E-03
   2951.00    0.2268658267E-03
   2952.00    0.2291275875E-03
   2953.00    0.2314426220E-03
   2954.00    0.2338128811E-03
   2955.00    0.2362404138E-03
   2956.00    0.2387273740E-03
   2957.00    0.2412760270E-03
   2958.00    0.2438887574E-03
   2959.00    0.2465680766E-03
   2960.00    0.2493166316E-03
   2961.00    0.2521372144E-03
   2962.00    0.2550327722E-03
   2963.00    0.2580064181E-03
   2964.00    0.2610614436E-03
   2965.00    0.2642013310E-03
   2966.00    0.2674297679E-03
   2967.00    0.2707506627E-03
   2968.00    0.2741681612E-03
   2969.00    0.2776866651E-03
   2970.00    0.2813108525E-03
   2971.00    0.2850456995E-03
   2972.00    0.2888965047E-03
   2973.00    0.2928689159E-03
   2974.00    0.2969689592E-03
   2975.00    0.3012030718E-03
   2976.00    0.3055781371E-03
   2977.00    0.3101015247E-03
   2978.00    0.3147811340E-03
   2979.00    0.3196254423E-03
   2980.00    0.3246435595E-03
   2981.00    0.3298452876E-03
   2982.00    0.3352411879E-03
   2983.00    0.3408426558E-03
   2984.00    0.3466620050E-03
   2985.00    0.3527125614E-03
   2986.00    0.3590087691E-03
   2987.00    0.3655663099E-03
   2988.00    0.3724022385E-03
   2989.00    0.3795351351E-03
   2990.00    0.3869852793E-03
   2991.00    0.3947748476E-03
   2992.00    0.4029281396E-03
   2993.00    0.4114718361E-03
   2994.00    0.4204352962E-03
   2995.00    0.4298508995E-03
   2996.00    0.4397544406E-03
   2997.00    0.4501855880E-03
   2998.00    0.4611884170E-03
   2999.00    0.4728120321E-03
   3000.00    0.4851112973E-03
   3001.00    0.4981476948E-03
   3002.00    0.5119903407E-03
   3003.00    0.5267171907E-03
   3004.00    0.5424164779E-03
   3005.00    0.5591884371E-03
   3006.00    0.5771473814E-03
   3007.00    0.5964242192E-03
   3008.00    0.6171695205E-03
   3009.00    0.6395572767E-03
   3010.00    0.6637895402E-03
   3011.00    0.6901021902E-03
   3012.00    0.7187721483E-03
   3013.00    0.7501264833E-03
   3014.00    0.7845539918E-03
   3015.00    0.8225200624E-03
   3016.00    0.8645859356E-03
   3017.00    0.9114339155E-03
   3018.00    0.9639007373E-03
   3019.00    0.1023022249E-02
   3020.00    0.1090094006E-02
   3021.00    0.1166754574E-02
   3022.00    0.1255101732E-02
   3023.00    0.1357857120E-02
   3024.00    0.1478603486E-02
   3025.00    0.1622132597E-02
   3026.00    0.1794964927E-02
   3027.00    0.2006140384E-02
   3028.00    0.2268442453E-02
   3029.00    0.2600319042E-02
   3030.00    0.3028907566E-02
   3031.00    0.3594700399E-02
   3032.00    0.4358119773E-02
   3033.00    0.5405858124E-02
   3034.00    0.6843331685E-02
   3035.00    0.8717534789E-02
   3036.00    0.1072615630E-01
   3037.00    0.1174474646E-01
   3038.00    0.1049427357E-01
   3039.00    0.7676123137E-02
   3040.00    0.5049091784E-02
   3041.00    0.3291725476E-02
   3042.00    0.2287413481E-02
   3043.00    0.1773025696E-02
   3044.00    0.1500183064E-02
   3045.00    0.1265416396E-02
   3046.00    0.9913968415E-03
   3047.00    0.7251453298E-03
   3048.00    0.5133119322E-03
   3049.00    0.3598667864E-03
   3050.00    0.2518954893E-03
   3051.00    0.1761578595E-03
   3052.00    0.1228046716E-03
   3053.00    0.8510887854E-04
   3054.00    0.5864550288E-04
   3055.00    0.4072529189E-04
   3056.00    0.3012122744E-04
   3057.00    0.2641859690E-04
   3058.00    0.2826099058E-04
   3059.00    0.3328259563E-04
   3060.00    0.3986719642E-04
   3061.00    0.4734191291E-04
   3062.00    0.5547409697E-04
   3063.00    0.6418566472E-04
   3064.00    0.7344722045E-04
   3065.00    0.8324413154E-04
   3066.00    0.9356732510E-04
   3067.00    0.1044118468E-03
   3068.00    0.1157774505E-03
   3069.00    0.1276694308E-03
   3070.00    0.1400992532E-03
   3071.00    0.1530849558E-03
   3072.00    0.1666513996E-03
   3073.00    0.1808304516E-03
   3074.00    0.1956611596E-03
   3075.00    0.2111899565E-03
   3076.00    0.2274709082E-03
   3077.00    0.2445660044E-03
   3078.00    0.2625454716E-03
   3079.00    0.2814880700E-03
   3080.00    0.3014813142E-03
   3081.00    0.3226215356E-03
   3082.00    0.3450136894E-03
   3083.00    0.3687708460E-03
   3084.00    0.3940134749E-03
   3085.00    0.4208692256E-03
   3086.00    0.4494756400E-03
   3087.00    0.4799931221E-03
   3088.00    0.5126491161E-03
   3089.00    0.5478726403E-03
   3090.00    0.5866864441E-03
   3091.00    0.6318284100E-03
   3092.00    0.6908778598E-03
   3093.00    0.7842911944E-03
   3094.00    0.9614625930E-03
   3095.00    0.1313468924E-02
   3096.00    0.1926072450E-02
   3097.00    0.2685710250E-02
   3098.00    0.3106818447E-02
   3099.00    0.2844835041E-02
   3100.00    0.2167418589E-02
   3101.00    0.1398965507E-02
   3102.00    0.6444717089E-03
   3103.00    0.7960700256E-03
   3104.00    0.2232985438E-02
   3105.00    0.4067201456E-02
   3106.00    0.5409274332E-02
   3107.00    0.5577238283E-02
   3108.00    0.4972414288E-02
   3109.00    0.4205968015E-02
   3110.00    0.3536893954E-02
   3111.00    0.3008515383E-02
   3112.00    0.2600216174E-02
   3113.00    0.2283021356E-02
   3114.00    0.2033018144E-02
   3115.00    0.1832645517E-02
   3116.00    0.1669390596E-02
   3117.00    0.1534346129E-02
   3118.00    0.1421105818E-02
   3119.00    0.1324994389E-02
   3120.00    0.1242545376E-02
   3121.00    0.1171147845E-02
   3122.00    0.1108805562E-02
   3123.00    0.1053970776E-02
   3124.00    0.1005427881E-02
   3125.00    0.9622107936E-03
   3126.00    0.9235434272E-03
   3127.00    0.8887962126E-03
   3128.00    0.8574539240E-03
   3129.00    0.8290915784E-03
   3130.00    0.8033561784E-03
   3131.00    0.7799527370E-03
   3132.00    0.7586334796E-03
   3133.00    0.7391894308E-03
   3134.00    0.7214438118E-03
   3135.00    0.7052468297E-03
   3136.00    0.6904715475E-03
   3137.00    0.6770106059E-03
   3138.00    0.6647736248E-03
   3139.00    0.6536851562E-03
   3140.00    0.6436830946E-03
   3141.00    0.6347174746E-03
   3142.00    0.6267496077E-03
   3143.00    0.6197515285E-03
   3144.00    0.6137057322E-03
   3145.00    0.6086052058E-03
   3146.00    0.6044537660E-03
   3147.00    0.6012667364E-03
   3148.00    0.5990720180E-03
   3149.00    0.5979116310E-03
   3150.00    0.5978438437E-03
   3151.00    0.5989460485E-03
   3152.00    0.6013186142E-03
   3153.00    0.6050900352E-03
   3154.00    0.6104238338E-03
   3155.00    0.6175278715E-03
   3156.00    0.6266670173E-03
   3157.00    0.6381805678E-03
   3158.00    0.6525064886E-03
   3159.00    0.6702156000E-03
   3160.00    0.6920604677E-03
   3161.00    0.7190463701E-03
   3162.00    0.7525358769E-03
   3163.00    0.7944053176E-03
   3164.00    0.8472822449E-03
   3165.00    0.9149084920E-03
   3166.00    0.1002673559E-02
   3167.00    0.1118127250E-02
   3168.00    0.1269151384E-02
   3169.00    0.1446885318E-02
   3170.00    0.1575762676E-02
   3171.00    0.1536396962E-02
   3172.00    0.1345622824E-02
   3173.00    0.1125288359E-02
   3174.00    0.9485162821E-03
   3175.00    0.8347420601E-03
   3176.00    0.7890017803E-03
   3177.00    0.8215756856E-03
   3178.00    0.9541801149E-03
   3179.00    0.1220158278E-02
   3180.00    0.1650286390E-02
   3181.00    0.2200052226E-02
   3182.00    0.2606462390E-02
   3183.00    0.2522889595E-02
   3184.00    0.2037456778E-02
   3185.00    0.1502968775E-02
   3186.00    0.1085973403E-02
   3187.00    0.7925909228E-03
   3188.00    0.5893290252E-03
   3189.00    0.4462425455E-03
   3190.00    0.3429333323E-03
   3191.00    0.2663574234E-03
   3192.00    0.2082209622E-03
   3193.00    0.1631848200E-03
   3194.00    0.1277635756E-03
   3195.00    0.9967687884E-04
   3196.00    0.7748365346E-04
   3197.00    0.6039840951E-04
   3198.00    0.4820241537E-04
   3199.00    0.4105235536E-04
   3200.00    0.3887068346E-04
   3201.00    0.4067997555E-04
   3202.00    0.4495784361E-04
   3203.00    0.5046685628E-04
   3204.00    0.5649050858E-04
   3205.00    0.6268125318E-04
   3206.00    0.6889595146E-04
   3207.00    0.7509909270E-04
   3208.00    0.8131425817E-04
   3209.00    0.8760159755E-04
   3210.00    0.9404893634E-04
   3211.00    0.1007706715E-03
   3212.00    0.1079120608E-03
   3213.00    0.1156583680E-03
   3214.00    0.1242494605E-03
   3215.00    0.1340011534E-03
   3216.00    0.1453344750E-03
   3217.00    0.1588110272E-03
   3218.00    0.1751594374E-03
   3219.00    0.1952300935E-03
   3220.00    0.2196555497E-03
   3221.00    0.2475189759E-03
   3222.00    0.2723845507E-03
   3223.00    0.2753101814E-03
   3224.00    0.2305232748E-03
   3225.00    0.1468370008E-03
   3226.00    0.7032283169E-04
   3227.00    0.2276907535E-04
   3228.00    0.4352273261E-05
   3229.00    0.1664700048E-04
   3230.00    0.2416833061E-04
   3231.00    0.2910077407E-04
   3232.00    0.3319308088E-04
   3233.00    0.3871580558E-04
   3234.00    0.5113658127E-04
   3235.00    0.7638656043E-04
   3236.00    0.1075743550E-03
   3237.00    0.1328417904E-03
   3238.00    0.1514836340E-03
   3239.00    0.1683819905E-03
   3240.00    0.1877302071E-03
   3241.00    0.2127667394E-03
   3242.00    0.2469264366E-03
   3243.00    0.2949704535E-03
   3244.00    0.3642148361E-03
   3245.00    0.4658725052E-03
   3246.00    0.6150759729E-03
   3247.00    0.8232760838E-03
   3248.00    0.1069536332E-02
   3249.00    0.1255192647E-02
   3250.00    0.1240061246E-02
   3251.00    0.1034836606E-02
   3252.00    0.7905770609E-03
   3253.00    0.5955808048E-03
   3254.00    0.4585396125E-03
   3255.00    0.3646448314E-03
   3256.00    0.2995260107E-03
   3257.00    0.2532551640E-03
   3258.00    0.2194894287E-03
   3259.00    0.1942140659E-03
   3260.00    0.1748516330E-03
   3261.00    0.1597101883E-03
   3262.00    0.1476517525E-03
   3263.00    0.1378924404E-03
   3264.00    0.1298800149E-03
   3265.00    0.1232172911E-03
   3266.00    0.1176131491E-03
   3267.00    0.1128505102E-03
   3268.00    0.1087649602E-03
   3269.00    0.1052301953E-03
   3270.00    0.1021479303E-03
   3271.00    0.9944077962E-04
   3272.00    0.9704715680E-04
   3273.00    0.9491756572E-04
   3274.00    0.9301186730E-04
   3275.00    0.9129723982E-04
   3276.00    0.8974663907E-04
   3277.00    0.8833762332E-04
   3278.00    0.8705144764E-04
   3279.00    0.8587235926E-04
   3280.00    0.8478704469E-04
   3281.00    0.8378419221E-04
   3282.00    0.8285414321E-04
   3283.00    0.8198861218E-04
   3284.00    0.8118046046E-04
   3285.00    0.8042351218E-04
   3286.00    0.7971240372E-04
   3287.00    0.7904245981E-04
   3288.00    0.7840959109E-04
   3289.00    0.7781020898E-04
   3290.00    0.7724115451E-04
   3291.00    0.7669963871E-04
   3292.00    0.7618319234E-04
   3293.00    0.7568962336E-04
   3294.00    0.7521698087E-04
   3295.00    0.7476352431E-04
   3296.00    0.7432769716E-04
   3297.00    0.7390810441E-04
   3298.00    0.7350349304E-04
   3299.00    0.7311273531E-04
   3300.00    0.7273481422E-04
   3301.00    0.7236881085E-04
   3302.00    0.7201389343E-04
   3303.00    0.7166930768E-04
   3304.00    0.7133436850E-04
   3305.00    0.7100845251E-04
   3306.00    0.7069099165E-04
   3307.00    0.7038146744E-04
   3308.00    0.7007940594E-04
   3309.00    0.6978437330E-04
   3310.00    0.6949597181E-04
   3311.00    0.6921383638E-04
   3312.00    0.6893763142E-04
   3313.00    0.6866704803E-04
   3314.00    0.6840180157E-04
   3315.00    0.6814162936E-04
   3316.00    0.6788628873E-04
   3317.00    0.6763555524E-04
   3318.00    0.6738922104E-04
   3319.00    0.6714709342E-04
   3320.00    0.6690899355E-04
   3321.00    0.6667475525E-04
   3322.00    0.6644422396E-04
   3323.00    0.6621725575E-04
   3324.00    0.6599371648E-04
   3325.00    0.6577348099E-04
   3326.00    0.6555643235E-04
   3327.00    0.6534246128E-04
   3328.00    0.6513146549E-04
   3329.00    0.6492334914E-04
   3330.00    0.6471802242E-04
   3331.00    0.6451540098E-04
   3332.00    0.6431540562E-04
   3333.00    0.6411796186E-04
   3334.00    0.6392299961E-04
   3335.00    0.6373045285E-04
   3336.00    0.6354025931E-04
   3337.00    0.6335236027E-04
   3338.00    0.6316670025E-04
   3339.00    0.6298322681E-04
   3340.00    0.6280189034E-04
   3341.00    0.6262264388E-04
   3342.00    0.6244544291E-04
   3343.00    0.6227024522E-04
   3344.00    0.6209701075E-04
   3345.00    0.6192570144E-04
   3346.00    0.6175628109E-04
   3347.00    0.6158871531E-04
   3348.00    0.6142297130E-04
   3349.00    0.6125901784E-04
   3350.00    0.6109682515E-04
   3351.00    0.6093636482E-04
   3352.00    0.6077760972E-04
   3353.00    0.6062053390E-04
   3354.00    0.6046511258E-04
   3355.00    0.6031132202E-04
   3356.00    0.6015913951E-04
   3357.00    0.6000854327E-04
   3358.00    0.5985951242E-04
   3359.00    0.5971202692E-04
   3360.00    0.5956606756E-04
   3361.00    0.5942161585E-04
   3362.00    0.5927865405E-04
   3363.00    0.5913716506E-04
   3364.00    0.5899713245E-04
   3365.00    0.5885854040E-04
   3366.00    0.5872137367E-04
   3367.00    0.5858561756E-04
   3368.00    0.5845125789E-04
   3369.00    0.5831828099E-04
   3370.00    0.5818667368E-04
   3371.00    0.5805642318E-04
   3372.00    0.5792751721E-04
   3373.00    0.5779994383E-04
   3374.00    0.5767369155E-04
   3375.00    0.5754874923E-04
   3376.00    0.5742510609E-04
   3377.00    0.5730275170E-04
   3378.00    0.5718167594E-04
   3379.00    0.5706186904E-04
   3380.00    0.5694332150E-04
   3381.00    0.5682602412E-04
   3382.00    0.5670996800E-04
   3383.00    0.5659514448E-04
   3384.00    0.5648154517E-04
   3385.00    0.5636916194E-04
   3386.00    0.5625798687E-04
   3387.00    0.5614801230E-04
   3388.00    0.5603923079E-04
   3389.00    0.5593163510E-04
   3390.00    0.5582521822E-04
   3391.00    0.5571997331E-04
   3392.00    0.5561589377E-04
   3393.00    0.5551297314E-04
   3394.00    0.5541120519E-04
   3395.00    0.5531058384E-04
   3396.00    0.5521110318E-04
   3397.00    0.5511275749E-04
   3398.00    0.5501554121E-04
   3399.00    0.5491944892E-04
   3400.00    0.5482447537E-04
   3401.00    0.5473061546E-04
   3402.00    0.5463786424E-04
   3403.00    0.5454621690E-04
   3404.00    0.5445566878E-04
   3405.00    0.5436621534E-04
   3406.00    0.5427785220E-04
   3407.00    0.5419057508E-04
   3408.00    0.5410437986E-04
   3409.00    0.5401926254E-04
   3410.00    0.5393521924E-04
   3411.00    0.5385224619E-04
   3412.00    0.5377033977E-04
   3413.00    0.5368949645E-04
   3414.00    0.5360971284E-04
   3415.00    0.5353098565E-04
   3416.00    0.5345331170E-04
   3417.00    0.5337668794E-04
   3418.00    0.5330111141E-04
   3419.00    0.5322657928E-04
   3420.00    0.5315308881E-04
   3421.00    0.5308063737E-04
   3422.00    0.5300922243E-04
   3423.00    0.5293884159E-04
   3424.00    0.5286949251E-04
   3425.00    0.5280117300E-04
   3426.00    0.5273388093E-04
   3427.00    0.5266761430E-04
   3428.00    0.5260237119E-04
   3429.00    0.5253814978E-04
   3430.00    0.5247494837E-04
   3431.00    0.5241276533E-04
   3432.00    0.5235159915E-04
   3433.00    0.5229144840E-04
   3434.00    0.5223231175E-04
   3435.00    0.5217418797E-04
   3436.00    0.5211707592E-04
   3437.00    0.5206097457E-04
   3438.00    0.5200588296E-04
   3439.00    0.5195180026E-04
   3440.00    0.5189872569E-04
   3441.00    0.5184665859E-04
   3442.00    0.5179559841E-04
   3443.00    0.5174554466E-04
   3444.00    0.5169649697E-04
   3445.00    0.5164845505E-04
   3446.00    0.5160141872E-04
   3447.00    0.5155538786E-04
   3448.00    0.5151036250E-04
   3449.00    0.5146634271E-04
   3450.00    0.5142332869E-04
   3451.00    0.5138132071E-04
   3452.00    0.5134031917E-04
   3453.00    0.5130032454E-04
   3454.00    0.5126133738E-04
   3455.00    0.5122335837E-04
   3456.00    0.5118638828E-04
   3457.00    0.5115042795E-04
   3458.00    0.5111547836E-04
   3459.00    0.5108154057E-04
   3460.00    0.5104861573E-04
   3461.00    0.5101670510E-04
   3462.00    0.5098581003E-04
   3463.00    0.5095593200E-04
   3464.00    0.5092707255E-04
   3465.00    0.5089923335E-04
   3466.00    0.5087241618E-04
   3467.00    0.5084662288E-04
   3468.00    0.5082185545E-04
   3469.00    0.5079811595E-04
   3470.00    0.5077540658E-04
   3471.00    0.5075372963E-04
   3472.00    0.5073308750E-04
   3473.00    0.5071348270E-04
   3474.00    0.5069491785E-04
   3475.00    0.5067739568E-04
   3476.00    0.5066091903E-04
   3477.00    0.5064549087E-04
   3478.00    0.5063111427E-04
   3479.00    0.5061779242E-04
   3480.00    0.5060552861E-04
   3481.00    0.5059432628E-04
   3482.00    0.5058418897E-04
   3483.00    0.5057512034E-04
   3484.00    0.5056712419E-04
   3485.00    0.5056020442E-04
   3486.00    0.5055436507E-04
   3487.00    0.5054961031E-04
   3488.00    0.5054594442E-04
   3489.00    0.5054337184E-04
   3490.00    0.5054189712E-04
   3491.00    0.5054152495E-04
   3492.00    0.5054226016E-04
   3493.00    0.5054410770E-04
   3494.00    0.5054707268E-04
   3495.00    0.5055116035E-04
   3496.00    0.5055637609E-04
   3497.00    0.5056272543E-04
   3498.00    0.5057021405E-04
   3499.00    0.5057884779E-04
   3500.00    0.5058863263E-04
   3501.00    0.5059957470E-04
   3502.00    0.5061168030E-04
   3503.00    0.5062495587E-04
   3504.00    0.5063940803E-04
   3505.00    0.5065504356E-04
   3506.00    0.5067186940E-04
   3507.00    0.5068989267E-04
   3508.00    0.5070912065E-04
   3509.00    0.5072956081E-04
   3510.00    0.5075122077E-04
   3511.00    0.5077410837E-04
   3512.00    0.5079823160E-04
   3513.00    0.5082359867E-04
   3514.00    0.5085021794E-04
   3515.00    0.5087809799E-04
   3516.00    0.5090724761E-04
   3517.00    0.5093767575E-04
   3518.00    0.5096939161E-04
   3519.00    0.5100240456E-04
   3520.00    0.5103672420E-04
   3521.00    0.5107236035E-04
   3522.00    0.5110932305E-04
   3523.00    0.5114762254E-04
   3524.00    0.5118726932E-04
   3525.00    0.5122827410E-04
   3526.00    0.5127064783E-04
   3527.00    0.5131440173E-04
   3528.00    0.5135954722E-04
   3529.00    0.5140609601E-04
   3530.00    0.5145406004E-04
   3531.00    0.5150345153E-04
   3532.00    0.5155428296E-04
   3533.00    0.5160656707E-04
   3534.00    0.5166031690E-04
   3535.00    0.5171554575E-04
   3536.00    0.5177226724E-04
   3537.00    0.5183049525E-04
   3538.00    0.5189024398E-04
   3539.00    0.5195152793E-04
   3540.00    0.5201436194E-04
   3541.00    0.5207876113E-04
   3542.00    0.5214474098E-04
   3543.00    0.5221231729E-04
   3544.00    0.5228150621E-04
   3545.00    0.5235232423E-04
   3546.00    0.5242478821E-04
   3547.00    0.5249891537E-04
   3548.00    0.5257472331E-04
   3549.00    0.5265223000E-04
   3550.00    0.5273145381E-04
   3551.00    0.5281241351E-04
   3552.00    0.5289512828E-04
   3553.00    0.5297961771E-04
   3554.00    0.5306590184E-04
   3555.00    0.5315400112E-04
   3556.00    0.5324393648E-04
   3557.00    0.5333572929E-04
   3558.00    0.5342940139E-04
   3559.00    0.5352497512E-04
   3560.00    0.5362247330E-04
   3561.00    0.5372191925E-04
   3562.00    0.5382333683E-04
   3563.00    0.5392675042E-04
   3564.00    0.5403218493E-04
   3565.00    0.5413966587E-04
   3566.00    0.5424921927E-04
   3567.00    0.5436087179E-04
   3568.00    0.5447465066E-04
   3569.00    0.5459058377E-04
   3570.00    0.5470869959E-04
   3571.00    0.5482902728E-04
   3572.00    0.5495159666E-04
   3573.00    0.5507643822E-04
   3574.00    0.5520358316E-04
   3575.00    0.5533306341E-04
   3576.00    0.5546491164E-04
   3577.00    0.5559916127E-04
   3578.00    0.5573584650E-04
   3579.00    0.5587500236E-04
   3580.00    0.5601666466E-04
   3581.00    0.5616087011E-04
   3582.00    0.5630765625E-04
   3583.00    0.5645706154E-04
   3584.00    0.5660912535E-04
   3585.00    0.5676388800E-04
   3586.00    0.5692139078E-04
   3587.00    0.5708167600E-04
   3588.00    0.5724478698E-04
   3589.00    0.5741076812E-04
   3590.00    0.5757966489E-04
   3591.00    0.5775152391E-04
   3592.00    0.5792639295E-04
   3593.00    0.5810432097E-04
   3594.00    0.5828535814E-04
   3595.00    0.5846955594E-04
   3596.00    0.5865696712E-04
   3597.00    0.5884764578E-04
   3598.00    0.5904164741E-04
   3599.00    0.5923902893E-04
   3600.00    0.5943984874E-04
   3601.00    0.5964416675E-04
   3602.00    0.5985204444E-04
   3603.00    0.6006354490E-04
   3604.00    0.6027873291E-04
   3605.00    0.6049767496E-04
   3606.00    0.6072043933E-04
   3607.00    0.6094709613E-04
   3608.00    0.6117771736E-04
   3609.00    0.6141237700E-04
   3610.00    0.6165115106E-04
   3611.00    0.6189411764E-04
   3612.00    0.6214135698E-04
   3613.00    0.6239295162E-04
   3614.00    0.6264898636E-04
   3615.00    0.6290954843E-04
   3616.00    0.6317472754E-04
   3617.00    0.6344461596E-04
   3618.00    0.6371930863E-04
   3619.00    0.6399890325E-04
   3620.00    0.6428350035E-04
   3621.00    0.6457320343E-04
   3622.00    0.6486811908E-04
   3623.00    0.6516835703E-04
   3624.00    0.6547403033E-04
   3625.00    0.6578525544E-04
   3626.00    0.6610215236E-04
   3627.00    0.6642484479E-04
   3628.00    0.6675346023E-04
   3629.00    0.6708813016E-04
   3630.00    0.6742899018E-04
   3631.00    0.6777618018E-04
   3632.00    0.6812984449E-04
   3633.00    0.6849013208E-04
   3634.00    0.6885719672E-04
   3635.00    0.6923119719E-04
   3636.00    0.6961229750E-04
   3637.00    0.7000066705E-04
   3638.00    0.7039648093E-04
   3639.00    0.7079992008E-04
   3640.00    0.7121117160E-04
   3641.00    0.7163042894E-04
   3642.00    0.7205789227E-04
   3643.00    0.7249376867E-04
   3644.00    0.7293827249E-04
   3645.00    0.7339162565E-04
   3646.00    0.7385405798E-04
   3647.00    0.7432580758E-04
   3648.00    0.7480712118E-04
   3649.00    0.7529825451E-04
   3650.00    0.7579947279E-04
   3651.00    0.7631105108E-04
   3652.00    0.7683327480E-04
   3653.00    0.7736644019E-04
   3654.00    0.7791085485E-04
   3655.00    0.7846683825E-04
   3656.00    0.7903472233E-04
   3657.00    0.7961485215E-04
   3658.00    0.8020758644E-04
   3659.00    0.8081329840E-04
   3660.00    0.8143237633E-04
   3661.00    0.8206522449E-04
   3662.00    0.8271226385E-04
   3663.00    0.8337393300E-04
   3664.00    0.8405068909E-04
   3665.00    0.8474300878E-04
   3666.00    0.8545138930E-04
   3667.00    0.8617634960E-04
   3668.00    0.8691843151E-04
   3669.00    0.8767820105E-04
   3670.00    0.8845624972E-04
   3671.00    0.8925319604E-04
   3672.00    0.9006968704E-04
   3673.00    0.9090639993E-04
   3674.00    0.9176404391E-04
   3675.00    0.9264336204E-04
   3676.00    0.9354513328E-04
   3677.00    0.9447017472E-04
   3678.00    0.9541934391E-04
   3679.00    0.9639354137E-04
   3680.00    0.9739371335E-04
   3681.00    0.9842085475E-04
   3682.00    0.9947601227E-04
   3683.00    0.1005602878E-03
   3684.00    0.1016748423E-03
   3685.00    0.1028208994E-03
   3686.00    0.1039997499E-03
   3687.00    0.1052127568E-03
   3688.00    0.1064613597E-03
   3689.00    0.1077470808E-03
   3690.00    0.1090715305E-03
   3691.00    0.1104364145E-03
   3692.00    0.1118435400E-03
   3693.00    0.1132948244E-03
   3694.00    0.1147923028E-03
   3695.00    0.1163381380E-03
   3696.00    0.1179346303E-03
   3697.00    0.1195842284E-03
   3698.00    0.1212895419E-03
   3699.00    0.1230533545E-03
   3700.00    0.1248786388E-03
   3701.00    0.1267685726E-03
   3702.00    0.1287265569E-03
   3703.00    0.1307562357E-03
   3704.00    0.1328615181E-03
   3705.00    0.1350466029E-03
   3706.00    0.1373160058E-03
   3707.00    0.1396745900E-03
   3708.00    0.1421275998E-03
   3709.00    0.1446806991E-03
   3710.00    0.1473400137E-03
   3711.00    0.1501121795E-03
   3712.00    0.1530043968E-03
   3713.00    0.1560244908E-03
   3714.00    0.1591809816E-03
   3715.00    0.1624831621E-03
   3716.00    0.1659411880E-03
   3717.00    0.1695661795E-03
   3718.00    0.1733703388E-03
   3719.00    0.1773670842E-03
   3720.00    0.1815712051E-03
   3721.00    0.1859990410E-03
   3722.00    0.1906686897E-03
   3723.00    0.1956002487E-03
   3724.00    0.2008160988E-03
   3725.00    0.2063412363E-03
   3726.00    0.2122036646E-03
   3727.00    0.2184348582E-03
   3728.00    0.2250703151E-03
   3729.00    0.2321502172E-03
   3730.00    0.2397202244E-03
   3731.00    0.2478324351E-03
   3732.00    0.2565465544E-03
   3733.00    0.2659313244E-03
   3734.00    0.2760662868E-03
   3735.00    0.2870439708E-03
   3736.00    0.2989726301E-03
   3737.00    0.3119796941E-03
   3738.00    0.3262161576E-03
   3739.00    0.3418622173E-03
   3740.00    0.3591345793E-03
   3741.00    0.3782960354E-03
   3742.00    0.3996681545E-03
   3743.00    0.4236483042E-03
   3744.00    0.4507327727E-03
   3745.00    0.4815485957E-03
   3746.00    0.5168979692E-03
   3747.00    0.5578210718E-03
   3748.00    0.6056860599E-03
   3749.00    0.6623192777E-03
   3750.00    0.7301943248E-03
   3751.00    0.8127035668E-03
   3752.00    0.9145300647E-03
   3753.00    0.1042082783E-02
   3754.00    0.1203712395E-02
   3755.00    0.1408519869E-02
   3756.00    0.1659758421E-02
   3757.00    0.1933419463E-02
   3758.00    0.2141395695E-02
   3759.00    0.2155789190E-02
   3760.00    0.1963821065E-02
   3761.00    0.1688059831E-02
   3762.00    0.1427740224E-02
   3763.00    0.1213842866E-02
   3764.00    0.1044963543E-02
   3765.00    0.9119781698E-03
   3766.00    0.8061239266E-03
   3767.00    0.7206045961E-03
   3768.00    0.6504468721E-03
   3769.00    0.5920539083E-03
   3770.00    0.5428100259E-03
   3771.00    0.5007897308E-03
   3772.00    0.4645548593E-03
   3773.00    0.4330150779E-03
   3774.00    0.4053317042E-03
   3775.00    0.3808507555E-03
   3776.00    0.3590557530E-03
   3777.00    0.3395339932E-03
   3778.00    0.3219521109E-03
   3779.00    0.3060381324E-03
   3780.00    0.2915681262E-03
   3781.00    0.2783561526E-03
   3782.00    0.2662466078E-03
   3783.00    0.2551083320E-03
   3784.00    0.2448300273E-03
   3785.00    0.2353166611E-03
   3786.00    0.2264866190E-03
   3787.00    0.2182694311E-03
   3788.00    0.2106039432E-03
   3789.00    0.2034368346E-03
   3790.00    0.1967214086E-03
   3791.00    0.1904165994E-03
   3792.00    0.1844861521E-03
   3793.00    0.1788979405E-03
   3794.00    0.1736233984E-03
   3795.00    0.1686370410E-03
   3796.00    0.1639160620E-03
   3797.00    0.1594399917E-03
   3798.00    0.1551904062E-03
   3799.00    0.1511506786E-03
   3800.00    0.1473057659E-03
   3801.00    0.1436420253E-03
   3802.00    0.1401470551E-03
   3803.00    0.1368095573E-03
   3804.00    0.1336192178E-03
   3805.00    0.1305666016E-03
   3806.00    0.1276430612E-03
   3807.00    0.1248406568E-03
   3808.00    0.1221520849E-03
   3809.00    0.1195706163E-03
   3810.00    0.1170900407E-03
   3811.00    0.1147046177E-03
   3812.00    0.1124090332E-03
   3813.00    0.1101983610E-03
   3814.00    0.1080680273E-03
   3815.00    0.1060137808E-03
   3816.00    0.1040316639E-03
   3817.00    0.1021179883E-03
   3818.00    0.1002693126E-03
   3819.00    0.9848242144E-04
   3820.00    0.9675430794E-04
   3821.00    0.9508215665E-04
   3822.00    0.9346332870E-04
   3823.00    0.9189534824E-04
   3824.00    0.9037588997E-04
   3825.00    0.8890276794E-04
   3826.00    0.8747392526E-04
   3827.00    0.8608742472E-04
   3828.00    0.8474144023E-04
   3829.00    0.8343424894E-04
   3830.00    0.8216422410E-04
   3831.00    0.8092982844E-04
   3832.00    0.7972960810E-04
   3833.00    0.7856218704E-04
   3834.00    0.7742626195E-04
   3835.00    0.7632059748E-04
   3836.00    0.7524402187E-04
   3837.00    0.7419542293E-04
   3838.00    0.7317374430E-04
   3839.00    0.7217798199E-04
   3840.00    0.7120718118E-04
   3841.00    0.7026043324E-04
   3842.00    0.6933687300E-04
   3843.00    0.6843567614E-04
   3844.00    0.6755605685E-04
   3845.00    0.6669726560E-04
   3846.00    0.6585858704E-04
   3847.00    0.6503933814E-04
   3848.00    0.6423886630E-04
   3849.00    0.6345654777E-04
   3850.00    0.6269178600E-04
   3851.00    0.6194401021E-04
   3852.00    0.6121267400E-04
   3853.00    0.6049725408E-04
   3854.00    0.5979724906E-04
   3855.00    0.5911217828E-04
   3856.00    0.5844158080E-04
   3857.00    0.5778501439E-04
   3858.00    0.5714205457E-04
   3859.00    0.5651229372E-04
   3860.00    0.5589534031E-04
   3861.00    0.5529081805E-04
   3862.00    0.5469836519E-04
   3863.00    0.5411763383E-04
   3864.00    0.5354828922E-04
   3865.00    0.5299000922E-04
   3866.00    0.5244248363E-04
   3867.00    0.5190541370E-04
   3868.00    0.5137851161E-04
   3869.00    0.5086149991E-04
   3870.00    0.5035411113E-04
   3871.00    0.4985608731E-04
   3872.00    0.4936717957E-04
   3873.00    0.4888714772E-04
   3874.00    0.4841575989E-04
   3875.00    0.4795279218E-04
   3876.00    0.4749802830E-04
   3877.00    0.4705125928E-04
   3878.00    0.4661228312E-04
   3879.00    0.4618090455E-04
   3880.00    0.4575693471E-04
   3881.00    0.4534019092E-04
   3882.00    0.4493049643E-04
   3883.00    0.4452768014E-04
   3884.00    0.4413157643E-04
   3885.00    0.4374202492E-04
   3886.00    0.4335887025E-04
   3887.00    0.4298196190E-04
   3888.00    0.4261115402E-04
   3889.00    0.4224630522E-04
   3890.00    0.4188727841E-04
   3891.00    0.4153394065E-04
   3892.00    0.4118616299E-04
   3893.00    0.4084382030E-04
   3894.00    0.4050679116E-04
   3895.00    0.4017495772E-04
   3896.00    0.3984820555E-04
   3897.00    0.3952642353E-04
   3898.00    0.3920950373E-04
   3899.00    0.3889734130E-04
   3900.00    0.3858983436E-04
   3901.00    0.3828688387E-04
   3902.00    0.3798839359E-04
   3903.00    0.3769426992E-04
   3904.00    0.3740442185E-04
   3905.00    0.3711876087E-04
   3906.00    0.3683720084E-04
   3907.00    0.3655965797E-04
   3908.00    0.3628605072E-04
   3909.00    0.3601629969E-04
   3910.00    0.3575032763E-04
   3911.00    0.3548805926E-04
   3912.00    0.3522942132E-04
   3913.00    0.3497434241E-04
   3914.00    0.3472275299E-04
   3915.00    0.3447458531E-04
   3916.00    0.3422977332E-04
   3917.00    0.3398825265E-04
   3918.00    0.3374996056E-04
   3919.00    0.3351483586E-04
   3920.00    0.3328281889E-04
   3921.00    0.3305385146E-04
   3922.00    0.3282787681E-04
   3923.00    0.3260483954E-04
   3924.00    0.3238468564E-04
   3925.00    0.3216736235E-04
   3926.00    0.3195281821E-04
   3927.00    0.3174100296E-04
   3928.00    0.3153186755E-04
   3929.00    0.3132536407E-04
   3930.00    0.3112144574E-04
   3931.00    0.3092006686E-04
   3932.00    0.3072118279E-04
   3933.00    0.3052474992E-04
   3934.00    0.3033072564E-04
   3935.00    0.3013906829E-04
   3936.00    0.2994973717E-04
   3937.00    0.2976269249E-04
   3938.00    0.2957789535E-04
   3939.00    0.2939530772E-04
   3940.00    0.2921489240E-04
   3941.00    0.2903661302E-04
   3942.00    0.2886043400E-04
   3943.00    0.2868632052E-04
   3944.00    0.2851423855E-04
   3945.00    0.2834415476E-04
   3946.00    0.2817603655E-04
   3947.00    0.2800985201E-04
   3948.00    0.2784556990E-04
   3949.00    0.2768315965E-04
   3950.00    0.2752259133E-04
   3951.00    0.2736383562E-04
   3952.00    0.2720686383E-04
   3953.00    0.2705164785E-04
   3954.00    0.2689816014E-04
   3955.00    0.2674637376E-04
   3956.00    0.2659626226E-04
   3957.00    0.2644779979E-04
   3958.00    0.2630096096E-04
   3959.00    0.2615572093E-04
   3960.00    0.2601205535E-04
   3961.00    0.2586994033E-04
   3962.00    0.2572935249E-04
   3963.00    0.2559026887E-04
   3964.00    0.2545266699E-04
   3965.00    0.2531652479E-04
   3966.00    0.2518182064E-04
   3967.00    0.2504853334E-04
   3968.00    0.2491664208E-04
   3969.00    0.2478612646E-04
   3970.00    0.2465696647E-04
   3971.00    0.2452914246E-04
   3972.00    0.2440263517E-04
   3973.00    0.2427742569E-04
   3974.00    0.2415349548E-04
   3975.00    0.2403082632E-04
   3976.00    0.2390940034E-04
   3977.00    0.2378920001E-04
   3978.00    0.2367020810E-04
   3979.00    0.2355240771E-04
   3980.00    0.2343578224E-04
   3981.00    0.2332031540E-04
   3982.00    0.2320599118E-04
   3983.00    0.2309279387E-04
   3984.00    0.2298070803E-04
   3985.00    0.2286971849E-04
   3986.00    0.2275981038E-04
   3987.00    0.2265096906E-04
   3988.00    0.2254318015E-04
   3989.00    0.2243642954E-04
   3990.00    0.2233070335E-04
   3991.00    0.2222598795E-04
   3992.00    0.2212226994E-04
   3993.00    0.2201953614E-04
   3994.00    0.2191777362E-04
   3995.00    0.2181696965E-04
   3996.00    0.2171711172E-04
   3997.00    0.2161818755E-04
   3998.00    0.2152018504E-04
   3999.00    0.2142309231E-04
   4000.00    0.2132689768E-04
