7.1913
6.8232
6.6931
4.7740
2.8316
2.6752
3.2137
8.4818
4.5477
5.6355
1.5396
1.4134
7.3826
1.4960
1.3878
4.1620
4.6825
7.3859
1.6440
2.0680
5.6851
3.1032
3.8269
4.3256
6.0857
5.6884
4.2425
4.0316
7.9775
5.8000
4.3253
6.3863
3.1455
2.8782
6.4170
3.5481
3.2733
3.6949
4.3508
3.0741
7.3079
1.3790
4.7927
3.8763
4.3486
4.2434
3.5877
6.9591
6.8758
5.3977
6.2457
5.4703
2.4827
5.3647
2.2220
3.4993
1.6586
1.4151
2.4215
2.3702
1.8005
4.7855
2.7348
2.0972
3.1113
3.0575
1.3597
1.4027
2.3203
3.1317
3.6275
1.6037
1.6027
2.6996
1.2306
1.2306
1.3320
1.3321
4.1282
1.7369
1.7610
1.6438
1.8000
1.4997
1.5483
2.6475
2.4782
1.6225
2.1581
2.5448
2.7763
3.0851
2.4885
3.2182
3.4003
3.1302
3.1397
1.1810
1.1730
2.3246
1.6992
1.4806
1.0381
1.0382
1.6643
1.0431
1.0431
5.1507
1.2040
1.2402
2.5336
1.5991
1.2870
5.3429
2.7272
2.9356
5.6417
4.9563
5.7602
10.5447
1.0375
1.0375
1.0389
1.0390
1.1053
1.1053
1.1060
1.1060
1.1001
1.1001
1.0975
1.0974
1.0917
1.0900
1.0897
1.0875
1.0875
1.0965
1.0943
1.0943
1.0645
0.0000
0.0000
0.0000
0.0000
