   Freq(cm-1)           ppp_real,         ppp_imag
       2500.0000      0.001560377506     -0.000002697985
       2501.0000      0.001559478701     -0.000002694878
       2502.0000      0.001558580930     -0.000002691776
       2503.0000      0.001557684193     -0.000002688679
       2504.0000      0.001556788488     -0.000002685588
       2505.0000      0.001555893811     -0.000002682502
       2506.0000      0.001555000163     -0.000002679422
       2507.0000      0.001554107540     -0.000002676346
       2508.0000      0.001553215942     -0.000002673276
       2509.0000      0.001552325366     -0.000002670212
       2510.0000      0.001551435811     -0.000002667152
       2511.0000      0.001550547275     -0.000002664098
       2512.0000      0.001549659755     -0.000002661049
       2513.0000      0.001548773252     -0.000002658005
       2514.0000      0.001547887762     -0.000002654967
       2515.0000      0.001547003284     -0.000002651934
       2516.0000      0.001546119816     -0.000002648906
       2517.0000      0.001545237356     -0.000002645883
       2518.0000      0.001544355904     -0.000002642865
       2519.0000      0.001543475456     -0.000002639852
       2520.0000      0.001542596012     -0.000002636845
       2521.0000      0.001541717569     -0.000002633843
       2522.0000      0.001540840126     -0.000002630846
       2523.0000      0.001539963682     -0.000002627853
       2524.0000      0.001539088234     -0.000002624867
       2525.0000      0.001538213780     -0.000002621885
       2526.0000      0.001537340320     -0.000002618908
       2527.0000      0.001536467851     -0.000002615936
       2528.0000      0.001535596372     -0.000002612970
       2529.0000      0.001534725881     -0.000002610008
       2530.0000      0.001533856376     -0.000002607051
       2531.0000      0.001532987856     -0.000002604100
       2532.0000      0.001532120319     -0.000002601153
       2533.0000      0.001531253764     -0.000002598212
       2534.0000      0.001530388188     -0.000002595275
       2535.0000      0.001529523590     -0.000002592344
       2536.0000      0.001528659968     -0.000002589417
       2537.0000      0.001527797321     -0.000002586495
       2538.0000      0.001526935647     -0.000002583579
       2539.0000      0.001526074945     -0.000002580667
       2540.0000      0.001525215212     -0.000002577760
       2541.0000      0.001524356447     -0.000002574858
       2542.0000      0.001523498649     -0.000002571961
       2543.0000      0.001522641816     -0.000002569069
       2544.0000      0.001521785946     -0.000002566181
       2545.0000      0.001520931038     -0.000002563299
       2546.0000      0.001520077089     -0.000002560421
       2547.0000      0.001519224099     -0.000002557549
       2548.0000      0.001518372066     -0.000002554681
       2549.0000      0.001517520988     -0.000002551818
       2550.0000      0.001516670863     -0.000002548959
       2551.0000      0.001515821691     -0.000002546106
       2552.0000      0.001514973469     -0.000002543257
       2553.0000      0.001514126195     -0.000002540413
       2554.0000      0.001513279869     -0.000002537574
       2555.0000      0.001512434488     -0.000002534740
       2556.0000      0.001511590051     -0.000002531910
       2557.0000      0.001510746557     -0.000002529085
       2558.0000      0.001509904004     -0.000002526265
       2559.0000      0.001509062389     -0.000002523449
       2560.0000      0.001508221713     -0.000002520639
       2561.0000      0.001507381972     -0.000002517833
       2562.0000      0.001506543167     -0.000002515031
       2563.0000      0.001505705294     -0.000002512234
       2564.0000      0.001504868352     -0.000002509442
       2565.0000      0.001504032341     -0.000002506655
       2566.0000      0.001503197258     -0.000002503872
       2567.0000      0.001502363102     -0.000002501094
       2568.0000      0.001501529871     -0.000002498321
       2569.0000      0.001500697563     -0.000002495552
       2570.0000      0.001499866178     -0.000002492787
       2571.0000      0.001499035714     -0.000002490028
       2572.0000      0.001498206168     -0.000002487273
       2573.0000      0.001497377541     -0.000002484522
       2574.0000      0.001496549829     -0.000002481776
       2575.0000      0.001495723032     -0.000002479035
       2576.0000      0.001494897148     -0.000002476298
       2577.0000      0.001494072175     -0.000002473565
       2578.0000      0.001493248113     -0.000002470837
       2579.0000      0.001492424959     -0.000002468114
       2580.0000      0.001491602712     -0.000002465395
       2581.0000      0.001490781370     -0.000002462681
       2582.0000      0.001489960933     -0.000002459971
       2583.0000      0.001489141398     -0.000002457266
       2584.0000      0.001488322764     -0.000002454565
       2585.0000      0.001487505030     -0.000002451868
       2586.0000      0.001486688194     -0.000002449176
       2587.0000      0.001485872255     -0.000002446488
       2588.0000      0.001485057210     -0.000002443805
       2589.0000      0.001484243059     -0.000002441126
       2590.0000      0.001483429801     -0.000002438452
       2591.0000      0.001482617433     -0.000002435782
       2592.0000      0.001481805954     -0.000002433116
       2593.0000      0.001480995364     -0.000002430455
       2594.0000      0.001480185659     -0.000002427798
       2595.0000      0.001479376840     -0.000002425146
       2596.0000      0.001478568903     -0.000002422498
       2597.0000      0.001477761849     -0.000002419854
       2598.0000      0.001476955676     -0.000002417214
       2599.0000      0.001476150381     -0.000002414579
       2600.0000      0.001475345964     -0.000002411948
       2601.0000      0.001474542424     -0.000002409322
       2602.0000      0.001473739758     -0.000002406699
       2603.0000      0.001472937966     -0.000002404081
       2604.0000      0.001472137045     -0.000002401468
       2605.0000      0.001471336995     -0.000002398858
       2606.0000      0.001470537815     -0.000002396253
       2607.0000      0.001469739502     -0.000002393652
       2608.0000      0.001468942055     -0.000002391055
       2609.0000      0.001468145473     -0.000002388462
       2610.0000      0.001467349754     -0.000002385874
       2611.0000      0.001466554898     -0.000002383290
       2612.0000      0.001465760902     -0.000002380710
       2613.0000      0.001464967766     -0.000002378134
       2614.0000      0.001464175487     -0.000002375563
       2615.0000      0.001463384065     -0.000002372995
       2616.0000      0.001462593498     -0.000002370432
       2617.0000      0.001461803785     -0.000002367873
       2618.0000      0.001461014924     -0.000002365318
       2619.0000      0.001460226914     -0.000002362767
       2620.0000      0.001459439754     -0.000002360221
       2621.0000      0.001458653442     -0.000002357678
       2622.0000      0.001457867976     -0.000002355140
       2623.0000      0.001457083356     -0.000002352605
       2624.0000      0.001456299580     -0.000002350075
       2625.0000      0.001455516647     -0.000002347549
       2626.0000      0.001454734556     -0.000002345027
       2627.0000      0.001453953304     -0.000002342508
       2628.0000      0.001453172891     -0.000002339994
       2629.0000      0.001452393315     -0.000002337484
       2630.0000      0.001451614576     -0.000002334979
       2631.0000      0.001450836671     -0.000002332477
       2632.0000      0.001450059599     -0.000002329979
       2633.0000      0.001449283359     -0.000002327485
       2634.0000      0.001448507950     -0.000002324995
       2635.0000      0.001447733370     -0.000002322509
       2636.0000      0.001446959618     -0.000002320027
       2637.0000      0.001446186693     -0.000002317549
       2638.0000      0.001445414593     -0.000002315075
       2639.0000      0.001444643317     -0.000002312605
       2640.0000      0.001443872863     -0.000002310139
       2641.0000      0.001443103231     -0.000002307677
       2642.0000      0.001442334419     -0.000002305219
       2643.0000      0.001441566426     -0.000002302765
       2644.0000      0.001440799250     -0.000002300314
       2645.0000      0.001440032890     -0.000002297868
       2646.0000      0.001439267345     -0.000002295426
       2647.0000      0.001438502614     -0.000002292987
       2648.0000      0.001437738695     -0.000002290552
       2649.0000      0.001436975587     -0.000002288121
       2650.0000      0.001436213288     -0.000002285694
       2651.0000      0.001435451798     -0.000002283271
       2652.0000      0.001434691115     -0.000002280852
       2653.0000      0.001433931237     -0.000002278436
       2654.0000      0.001433172164     -0.000002276025
       2655.0000      0.001432413894     -0.000002273617
       2656.0000      0.001431656427     -0.000002271213
       2657.0000      0.001430899760     -0.000002268813
       2658.0000      0.001430143892     -0.000002266417
       2659.0000      0.001429388822     -0.000002264024
       2660.0000      0.001428634550     -0.000002261635
       2661.0000      0.001427881073     -0.000002259250
       2662.0000      0.001427128390     -0.000002256869
       2663.0000      0.001426376500     -0.000002254492
       2664.0000      0.001425625403     -0.000002252118
       2665.0000      0.001424875096     -0.000002249748
       2666.0000      0.001424125578     -0.000002247382
       2667.0000      0.001423376848     -0.000002245019
       2668.0000      0.001422628905     -0.000002242660
       2669.0000      0.001421881748     -0.000002240305
       2670.0000      0.001421135375     -0.000002237954
       2671.0000      0.001420389786     -0.000002235606
       2672.0000      0.001419644978     -0.000002233262
       2673.0000      0.001418900951     -0.000002230922
       2674.0000      0.001418157704     -0.000002228586
       2675.0000      0.001417415234     -0.000002226253
       2676.0000      0.001416673542     -0.000002223923
       2677.0000      0.001415932626     -0.000002221598
       2678.0000      0.001415192484     -0.000002219276
       2679.0000      0.001414453115     -0.000002216958
       2680.0000      0.001413714519     -0.000002214643
       2681.0000      0.001412976693     -0.000002212332
       2682.0000      0.001412239638     -0.000002210024
       2683.0000      0.001411503351     -0.000002207721
       2684.0000      0.001410767831     -0.000002205420
       2685.0000      0.001410033077     -0.000002203124
       2686.0000      0.001409299088     -0.000002200831
       2687.0000      0.001408565863     -0.000002198541
       2688.0000      0.001407833401     -0.000002196255
       2689.0000      0.001407101700     -0.000002193973
       2690.0000      0.001406370759     -0.000002191694
       2691.0000      0.001405640577     -0.000002189419
       2692.0000      0.001404911153     -0.000002187147
       2693.0000      0.001404182486     -0.000002184879
       2694.0000      0.001403454574     -0.000002182614
       2695.0000      0.001402727416     -0.000002180353
       2696.0000      0.001402001012     -0.000002178096
       2697.0000      0.001401275359     -0.000002175841
       2698.0000      0.001400550457     -0.000002173591
       2699.0000      0.001399826305     -0.000002171344
       2700.0000      0.001399102902     -0.000002169100
       2701.0000      0.001398380245     -0.000002166860
       2702.0000      0.001397658335     -0.000002164623
       2703.0000      0.001396937169     -0.000002162390
       2704.0000      0.001396216748     -0.000002160160
       2705.0000      0.001395497069     -0.000002157934
       2706.0000      0.001394778132     -0.000002155711
       2707.0000      0.001394059935     -0.000002153492
       2708.0000      0.001393342477     -0.000002151276
       2709.0000      0.001392625758     -0.000002149063
       2710.0000      0.001391909775     -0.000002146854
       2711.0000      0.001391194528     -0.000002144648
       2712.0000      0.001390480016     -0.000002142446
       2713.0000      0.001389766238     -0.000002140247
       2714.0000      0.001389053192     -0.000002138051
       2715.0000      0.001388340877     -0.000002135859
       2716.0000      0.001387629292     -0.000002133670
       2717.0000      0.001386918437     -0.000002131484
       2718.0000      0.001386208309     -0.000002129302
       2719.0000      0.001385498908     -0.000002127123
       2720.0000      0.001384790233     -0.000002124948
       2721.0000      0.001384082282     -0.000002122776
       2722.0000      0.001383375055     -0.000002120607
       2723.0000      0.001382668551     -0.000002118441
       2724.0000      0.001381962767     -0.000002116279
       2725.0000      0.001381257704     -0.000002114120
       2726.0000      0.001380553360     -0.000002111965
       2727.0000      0.001379849734     -0.000002109813
       2728.0000      0.001379146825     -0.000002107664
       2729.0000      0.001378444631     -0.000002105518
       2730.0000      0.001377743152     -0.000002103376
       2731.0000      0.001377042387     -0.000002101236
       2732.0000      0.001376342334     -0.000002099101
       2733.0000      0.001375642993     -0.000002096968
       2734.0000      0.001374944362     -0.000002094839
       2735.0000      0.001374246440     -0.000002092712
       2736.0000      0.001373549226     -0.000002090589
       2737.0000      0.001372852719     -0.000002088470
       2738.0000      0.001372156919     -0.000002086353
       2739.0000      0.001371461823     -0.000002084240
       2740.0000      0.001370767432     -0.000002082130
       2741.0000      0.001370073743     -0.000002080023
       2742.0000      0.001369380755     -0.000002077920
       2743.0000      0.001368688469     -0.000002075819
       2744.0000      0.001367996882     -0.000002073722
       2745.0000      0.001367305994     -0.000002071628
       2746.0000      0.001366615803     -0.000002069537
       2747.0000      0.001365926308     -0.000002067449
       2748.0000      0.001365237509     -0.000002065365
       2749.0000      0.001364549405     -0.000002063283
       2750.0000      0.001363861993     -0.000002061205
       2751.0000      0.001363175274     -0.000002059130
       2752.0000      0.001362489246     -0.000002057058
       2753.0000      0.001361803908     -0.000002054989
       2754.0000      0.001361119259     -0.000002052923
       2755.0000      0.001360435299     -0.000002050860
       2756.0000      0.001359752025     -0.000002048801
       2757.0000      0.001359069437     -0.000002046744
       2758.0000      0.001358387534     -0.000002044691
       2759.0000      0.001357706316     -0.000002042641
       2760.0000      0.001357025780     -0.000002040594
       2761.0000      0.001356345926     -0.000002038549
       2762.0000      0.001355666753     -0.000002036508
       2763.0000      0.001354988259     -0.000002034470
       2764.0000      0.001354310445     -0.000002032435
       2765.0000      0.001353633308     -0.000002030404
       2766.0000      0.001352956848     -0.000002028375
       2767.0000      0.001352281064     -0.000002026349
       2768.0000      0.001351605955     -0.000002024326
       2769.0000      0.001350931519     -0.000002022307
       2770.0000      0.001350257756     -0.000002020290
       2771.0000      0.001349584665     -0.000002018276
       2772.0000      0.001348912244     -0.000002016265
       2773.0000      0.001348240493     -0.000002014258
       2774.0000      0.001347569411     -0.000002012253
       2775.0000      0.001346898997     -0.000002010251
       2776.0000      0.001346229249     -0.000002008253
       2777.0000      0.001345560167     -0.000002006257
       2778.0000      0.001344891750     -0.000002004264
       2779.0000      0.001344223997     -0.000002002274
       2780.0000      0.001343556906     -0.000002000288
       2781.0000      0.001342890477     -0.000001998304
       2782.0000      0.001342224709     -0.000001996323
       2783.0000      0.001341559601     -0.000001994345
       2784.0000      0.001340895152     -0.000001992370
       2785.0000      0.001340231360     -0.000001990398
       2786.0000      0.001339568225     -0.000001988429
       2787.0000      0.001338905746     -0.000001986462
       2788.0000      0.001338243923     -0.000001984499
       2789.0000      0.001337582753     -0.000001982539
       2790.0000      0.001336922236     -0.000001980581
       2791.0000      0.001336262371     -0.000001978626
       2792.0000      0.001335603157     -0.000001976675
       2793.0000      0.001334944593     -0.000001974726
       2794.0000      0.001334286678     -0.000001972780
       2795.0000      0.001333629412     -0.000001970837
       2796.0000      0.001332972793     -0.000001968897
       2797.0000      0.001332316820     -0.000001966959
       2798.0000      0.001331661492     -0.000001965025
       2799.0000      0.001331006809     -0.000001963093
       2800.0000      0.001330352769     -0.000001961164
       2801.0000      0.001329699371     -0.000001959238
       2802.0000      0.001329046615     -0.000001957315
       2803.0000      0.001328394500     -0.000001955395
       2804.0000      0.001327743024     -0.000001953477
       2805.0000      0.001327092187     -0.000001951563
       2806.0000      0.001326441987     -0.000001949651
       2807.0000      0.001325792425     -0.000001947742
       2808.0000      0.001325143498     -0.000001945836
       2809.0000      0.001324495206     -0.000001943932
       2810.0000      0.001323847549     -0.000001942032
       2811.0000      0.001323200524     -0.000001940134
       2812.0000      0.001322554131     -0.000001938239
       2813.0000      0.001321908370     -0.000001936346
       2814.0000      0.001321263239     -0.000001934457
       2815.0000      0.001320618737     -0.000001932570
       2816.0000      0.001319974864     -0.000001930686
       2817.0000      0.001319331619     -0.000001928805
       2818.0000      0.001318689000     -0.000001926926
       2819.0000      0.001318047006     -0.000001925051
       2820.0000      0.001317405638     -0.000001923178
       2821.0000      0.001316764893     -0.000001921307
       2822.0000      0.001316124771     -0.000001919440
       2823.0000      0.001315485272     -0.000001917575
       2824.0000      0.001314846393     -0.000001915713
       2825.0000      0.001314208135     -0.000001913853
       2826.0000      0.001313570496     -0.000001911997
       2827.0000      0.001312933476     -0.000001910143
       2828.0000      0.001312297073     -0.000001908291
       2829.0000      0.001311661287     -0.000001906443
       2830.0000      0.001311026116     -0.000001904597
       2831.0000      0.001310391561     -0.000001902753
       2832.0000      0.001309757619     -0.000001900913
       2833.0000      0.001309124290     -0.000001899075
       2834.0000      0.001308491574     -0.000001897240
       2835.0000      0.001307859469     -0.000001895407
       2836.0000      0.001307227974     -0.000001893577
       2837.0000      0.001306597089     -0.000001891750
       2838.0000      0.001305966813     -0.000001889925
       2839.0000      0.001305337144     -0.000001888103
       2840.0000      0.001304708082     -0.000001886284
       2841.0000      0.001304079626     -0.000001884467
       2842.0000      0.001303451776     -0.000001882653
       2843.0000      0.001302824529     -0.000001880841
       2844.0000      0.001302197886     -0.000001879033
       2845.0000      0.001301571846     -0.000001877226
       2846.0000      0.001300946407     -0.000001875423
       2847.0000      0.001300321569     -0.000001873622
       2848.0000      0.001299697331     -0.000001871823
       2849.0000      0.001299073692     -0.000001870027
       2850.0000      0.001298450651     -0.000001868234
       2851.0000      0.001297828207     -0.000001866443
       2852.0000      0.001297206360     -0.000001864655
       2853.0000      0.001296585109     -0.000001862869
       2854.0000      0.001295964452     -0.000001861086
       2855.0000      0.001295344390     -0.000001859306
       2856.0000      0.001294724920     -0.000001857528
       2857.0000      0.001294106042     -0.000001855753
       2858.0000      0.001293487756     -0.000001853980
       2859.0000      0.001292870061     -0.000001852210
       2860.0000      0.001292252955     -0.000001850442
       2861.0000      0.001291636438     -0.000001848677
       2862.0000      0.001291020509     -0.000001846914
       2863.0000      0.001290405167     -0.000001845154
       2864.0000      0.001289790411     -0.000001843396
       2865.0000      0.001289176241     -0.000001841641
       2866.0000      0.001288562655     -0.000001839888
       2867.0000      0.001287949653     -0.000001838138
       2868.0000      0.001287337234     -0.000001836390
       2869.0000      0.001286725398     -0.000001834645
       2870.0000      0.001286114142     -0.000001832903
       2871.0000      0.001285503467     -0.000001831162
       2872.0000      0.001284893372     -0.000001829425
       2873.0000      0.001284283855     -0.000001827689
       2874.0000      0.001283674917     -0.000001825957
       2875.0000      0.001283066556     -0.000001824226
       2876.0000      0.001282458771     -0.000001822499
       2877.0000      0.001281851561     -0.000001820773
       2878.0000      0.001281244927     -0.000001819050
       2879.0000      0.001280638866     -0.000001817330
       2880.0000      0.001280033378     -0.000001815612
       2881.0000      0.001279428463     -0.000001813896
       2882.0000      0.001278824119     -0.000001812183
       2883.0000      0.001278220345     -0.000001810472
       2884.0000      0.001277617142     -0.000001808764
       2885.0000      0.001277014508     -0.000001807058
       2886.0000      0.001276412441     -0.000001805354
       2887.0000      0.001275810943     -0.000001803653
       2888.0000      0.001275210011     -0.000001801954
       2889.0000      0.001274609644     -0.000001800258
       2890.0000      0.001274009843     -0.000001798564
       2891.0000      0.001273410606     -0.000001796873
       2892.0000      0.001272811932     -0.000001795183
       2893.0000      0.001272213822     -0.000001793497
       2894.0000      0.001271616272     -0.000001791812
       2895.0000      0.001271019284     -0.000001790130
       2896.0000      0.001270422857     -0.000001788451
       2897.0000      0.001269826989     -0.000001786773
       2898.0000      0.001269231679     -0.000001785098
       2899.0000      0.001268636927     -0.000001783426
       2900.0000      0.001268042733     -0.000001781756
       2901.0000      0.001267449095     -0.000001780088
       2902.0000      0.001266856012     -0.000001778422
       2903.0000      0.001266263484     -0.000001776759
       2904.0000      0.001265671510     -0.000001775098
       2905.0000      0.001265080090     -0.000001773440
       2906.0000      0.001264489222     -0.000001771783
       2907.0000      0.001263898905     -0.000001770130
       2908.0000      0.001263309140     -0.000001768478
       2909.0000      0.001262719924     -0.000001766829
       2910.0000      0.001262131258     -0.000001765182
       2911.0000      0.001261543141     -0.000001763537
       2912.0000      0.001260955571     -0.000001761895
       2913.0000      0.001260368549     -0.000001760255
       2914.0000      0.001259782073     -0.000001758617
       2915.0000      0.001259196142     -0.000001756981
       2916.0000      0.001258610756     -0.000001755348
       2917.0000      0.001258025914     -0.000001753717
       2918.0000      0.001257441616     -0.000001752088
       2919.0000      0.001256857859     -0.000001750462
       2920.0000      0.001256274645     -0.000001748838
       2921.0000      0.001255691972     -0.000001747216
       2922.0000      0.001255109839     -0.000001745596
       2923.0000      0.001254528245     -0.000001743979
       2924.0000      0.001253947190     -0.000001742364
       2925.0000      0.001253366673     -0.000001740751
       2926.0000      0.001252786694     -0.000001739140
       2927.0000      0.001252207251     -0.000001737532
       2928.0000      0.001251628343     -0.000001735926
       2929.0000      0.001251049971     -0.000001734322
       2930.0000      0.001250472133     -0.000001732720
       2931.0000      0.001249894829     -0.000001731121
       2932.0000      0.001249318057     -0.000001729523
       2933.0000      0.001248741817     -0.000001727928
       2934.0000      0.001248166109     -0.000001726335
       2935.0000      0.001247590931     -0.000001724745
       2936.0000      0.001247016283     -0.000001723156
       2937.0000      0.001246442165     -0.000001721570
       2938.0000      0.001245868574     -0.000001719986
       2939.0000      0.001245295512     -0.000001718404
       2940.0000      0.001244722976     -0.000001716824
       2941.0000      0.001244150966     -0.000001715247
       2942.0000      0.001243579482     -0.000001713671
       2943.0000      0.001243008523     -0.000001712098
       2944.0000      0.001242438088     -0.000001710527
       2945.0000      0.001241868176     -0.000001708958
       2946.0000      0.001241298787     -0.000001707391
       2947.0000      0.001240729919     -0.000001705827
       2948.0000      0.001240161573     -0.000001704264
       2949.0000      0.001239593747     -0.000001702704
       2950.0000      0.001239026441     -0.000001701146
       2951.0000      0.001238459654     -0.000001699590
       2952.0000      0.001237893385     -0.000001698036
       2953.0000      0.001237327634     -0.000001696484
       2954.0000      0.001236762400     -0.000001694935
       2955.0000      0.001236197682     -0.000001693387
       2956.0000      0.001235633479     -0.000001691842
       2957.0000      0.001235069791     -0.000001690298
       2958.0000      0.001234506617     -0.000001688757
       2959.0000      0.001233943957     -0.000001687218
       2960.0000      0.001233381809     -0.000001685681
       2961.0000      0.001232820173     -0.000001684146
       2962.0000      0.001232259049     -0.000001682614
       2963.0000      0.001231698435     -0.000001681083
       2964.0000      0.001231138331     -0.000001679554
       2965.0000      0.001230578736     -0.000001678028
       2966.0000      0.001230019649     -0.000001676504
       2967.0000      0.001229461071     -0.000001674981
       2968.0000      0.001228902999     -0.000001673461
       2969.0000      0.001228345434     -0.000001671943
       2970.0000      0.001227788374     -0.000001670427
       2971.0000      0.001227231820     -0.000001668913
       2972.0000      0.001226675770     -0.000001667401
       2973.0000      0.001226120223     -0.000001665891
       2974.0000      0.001225565180     -0.000001664383
       2975.0000      0.001225010639     -0.000001662877
       2976.0000      0.001224456599     -0.000001661373
       2977.0000      0.001223903061     -0.000001659871
       2978.0000      0.001223350022     -0.000001658372
       2979.0000      0.001222797483     -0.000001656874
       2980.0000      0.001222245443     -0.000001655378
       2981.0000      0.001221693902     -0.000001653885
       2982.0000      0.001221142857     -0.000001652393
       2983.0000      0.001220592310     -0.000001650903
       2984.0000      0.001220042259     -0.000001649416
       2985.0000      0.001219492703     -0.000001647930
       2986.0000      0.001218943643     -0.000001646447
       2987.0000      0.001218395076     -0.000001644965
       2988.0000      0.001217847003     -0.000001643485
       2989.0000      0.001217299423     -0.000001642008
       2990.0000      0.001216752335     -0.000001640532
       2991.0000      0.001216205739     -0.000001639059
       2992.0000      0.001215659633     -0.000001637587
       2993.0000      0.001215114018     -0.000001636117
       2994.0000      0.001214568892     -0.000001634650
       2995.0000      0.001214024255     -0.000001633184
       2996.0000      0.001213480106     -0.000001631720
       2997.0000      0.001212936445     -0.000001630259
       2998.0000      0.001212393271     -0.000001628799
       2999.0000      0.001211850583     -0.000001627341
       3000.0000      0.001211308381     -0.000001625885
       3001.0000      0.001210766663     -0.000001624431
       3002.0000      0.001210225430     -0.000001622979
       3003.0000      0.001209684681     -0.000001621529
       3004.0000      0.001209144414     -0.000001620081
       3005.0000      0.001208604630     -0.000001618635
       3006.0000      0.001208065328     -0.000001617191
       3007.0000      0.001207526507     -0.000001615748
       3008.0000      0.001206988166     -0.000001614308
       3009.0000      0.001206450305     -0.000001612870
       3010.0000      0.001205912923     -0.000001611433
       3011.0000      0.001205376020     -0.000001609999
       3012.0000      0.001204839595     -0.000001608566
       3013.0000      0.001204303646     -0.000001607135
       3014.0000      0.001203768175     -0.000001605706
       3015.0000      0.001203233179     -0.000001604279
       3016.0000      0.001202698659     -0.000001602854
       3017.0000      0.001202164613     -0.000001601431
       3018.0000      0.001201631041     -0.000001600010
       3019.0000      0.001201097943     -0.000001598591
       3020.0000      0.001200565318     -0.000001597173
       3021.0000      0.001200033165     -0.000001595758
       3022.0000      0.001199501483     -0.000001594344
       3023.0000      0.001198970272     -0.000001592932
       3024.0000      0.001198439532     -0.000001591522
       3025.0000      0.001197909261     -0.000001590114
       3026.0000      0.001197379460     -0.000001588708
       3027.0000      0.001196850126     -0.000001587303
       3028.0000      0.001196321261     -0.000001585901
       3029.0000      0.001195792863     -0.000001584500
       3030.0000      0.001195264931     -0.000001583102
       3031.0000      0.001194737465     -0.000001581705
       3032.0000      0.001194210465     -0.000001580310
       3033.0000      0.001193683929     -0.000001578916
       3034.0000      0.001193157857     -0.000001577525
       3035.0000      0.001192632249     -0.000001576135
       3036.0000      0.001192107104     -0.000001574748
       3037.0000      0.001191582421     -0.000001573362
       3038.0000      0.001191058199     -0.000001571978
       3039.0000      0.001190534439     -0.000001570595
       3040.0000      0.001190011139     -0.000001569215
       3041.0000      0.001189488299     -0.000001567836
       3042.0000      0.001188965918     -0.000001566460
       3043.0000      0.001188443996     -0.000001565085
       3044.0000      0.001187922532     -0.000001563712
       3045.0000      0.001187401525     -0.000001562340
       3046.0000      0.001186880975     -0.000001560971
       3047.0000      0.001186360881     -0.000001559603
       3048.0000      0.001185841243     -0.000001558237
       3049.0000      0.001185322060     -0.000001556873
       3050.0000      0.001184803331     -0.000001555510
       3051.0000      0.001184285057     -0.000001554150
       3052.0000      0.001183767235     -0.000001552791
       3053.0000      0.001183249866     -0.000001551434
       3054.0000      0.001182732949     -0.000001550079
       3055.0000      0.001182216483     -0.000001548725
       3056.0000      0.001181700469     -0.000001547374
       3057.0000      0.001181184904     -0.000001546024
       3058.0000      0.001180669789     -0.000001544676
       3059.0000      0.001180155124     -0.000001543329
       3060.0000      0.001179640906     -0.000001541985
       3061.0000      0.001179127137     -0.000001540642
       3062.0000      0.001178613815     -0.000001539301
       3063.0000      0.001178100940     -0.000001537961
       3064.0000      0.001177588511     -0.000001536624
       3065.0000      0.001177076527     -0.000001535288
       3066.0000      0.001176564989     -0.000001533954
       3067.0000      0.001176053895     -0.000001532621
       3068.0000      0.001175543245     -0.000001531291
       3069.0000      0.001175033038     -0.000001529962
       3070.0000      0.001174523273     -0.000001528635
       3071.0000      0.001174013951     -0.000001527309
       3072.0000      0.001173505071     -0.000001525985
       3073.0000      0.001172996631     -0.000001524663
       3074.0000      0.001172488632     -0.000001523343
       3075.0000      0.001171981072     -0.000001522024
       3076.0000      0.001171473952     -0.000001520708
       3077.0000      0.001170967270     -0.000001519392
       3078.0000      0.001170461027     -0.000001518079
       3079.0000      0.001169955221     -0.000001516767
       3080.0000      0.001169449852     -0.000001515457
       3081.0000      0.001168944920     -0.000001514149
       3082.0000      0.001168440423     -0.000001512842
       3083.0000      0.001167936361     -0.000001511537
       3084.0000      0.001167432735     -0.000001510234
       3085.0000      0.001166929542     -0.000001508932
       3086.0000      0.001166426783     -0.000001507632
       3087.0000      0.001165924457     -0.000001506334
       3088.0000      0.001165422564     -0.000001505037
       3089.0000      0.001164921102     -0.000001503742
       3090.0000      0.001164420072     -0.000001502449
       3091.0000      0.001163919473     -0.000001501158
       3092.0000      0.001163419303     -0.000001499868
       3093.0000      0.001162919564     -0.000001498579
       3094.0000      0.001162420253     -0.000001497293
       3095.0000      0.001161921372     -0.000001496008
       3096.0000      0.001161422918     -0.000001494725
       3097.0000      0.001160924892     -0.000001493443
       3098.0000      0.001160427292     -0.000001492163
       3099.0000      0.001159930119     -0.000001490885
       3100.0000      0.001159433372     -0.000001489608
       3101.0000      0.001158937050     -0.000001488333
       3102.0000      0.001158441153     -0.000001487060
       3103.0000      0.001157945680     -0.000001485788
       3104.0000      0.001157450631     -0.000001484518
       3105.0000      0.001156956005     -0.000001483249
       3106.0000      0.001156461801     -0.000001481982
       3107.0000      0.001155968020     -0.000001480717
       3108.0000      0.001155474660     -0.000001479453
       3109.0000      0.001154981721     -0.000001478191
       3110.0000      0.001154489202     -0.000001476931
       3111.0000      0.001153997103     -0.000001475672
       3112.0000      0.001153505424     -0.000001474415
       3113.0000      0.001153014163     -0.000001473159
       3114.0000      0.001152523320     -0.000001471905
       3115.0000      0.001152032896     -0.000001470653
       3116.0000      0.001151542888     -0.000001469402
       3117.0000      0.001151053297     -0.000001468153
       3118.0000      0.001150564123     -0.000001466905
       3119.0000      0.001150075363     -0.000001465659
       3120.0000      0.001149587019     -0.000001464415
       3121.0000      0.001149099090     -0.000001463172
       3122.0000      0.001148611574     -0.000001461931
       3123.0000      0.001148124472     -0.000001460691
       3124.0000      0.001147637783     -0.000001459453
       3125.0000      0.001147151507     -0.000001458216
       3126.0000      0.001146665642     -0.000001456981
       3127.0000      0.001146180189     -0.000001455748
       3128.0000      0.001145695146     -0.000001454516
       3129.0000      0.001145210514     -0.000001453286
       3130.0000      0.001144726292     -0.000001452057
       3131.0000      0.001144242479     -0.000001450830
       3132.0000      0.001143759075     -0.000001449605
       3133.0000      0.001143276079     -0.000001448381
       3134.0000      0.001142793491     -0.000001447158
       3135.0000      0.001142311310     -0.000001445937
       3136.0000      0.001141829535     -0.000001444718
       3137.0000      0.001141348167     -0.000001443500
       3138.0000      0.001140867205     -0.000001442283
       3139.0000      0.001140386648     -0.000001441069
       3140.0000      0.001139906496     -0.000001439855
       3141.0000      0.001139426747     -0.000001438644
       3142.0000      0.001138947403     -0.000001437434
       3143.0000      0.001138468461     -0.000001436225
       3144.0000      0.001137989922     -0.000001435018
       3145.0000      0.001137511786     -0.000001433812
       3146.0000      0.001137034050     -0.000001432608
       3147.0000      0.001136556716     -0.000001431405
       3148.0000      0.001136079783     -0.000001430204
       3149.0000      0.001135603250     -0.000001429005
       3150.0000      0.001135127116     -0.000001427807
       3151.0000      0.001134651381     -0.000001426610
       3152.0000      0.001134176045     -0.000001425415
       3153.0000      0.001133701107     -0.000001424222
       3154.0000      0.001133226567     -0.000001423030
       3155.0000      0.001132752424     -0.000001421839
       3156.0000      0.001132278677     -0.000001420650
       3157.0000      0.001131805327     -0.000001419462
       3158.0000      0.001131332372     -0.000001418276
       3159.0000      0.001130859812     -0.000001417092
       3160.0000      0.001130387647     -0.000001415909
       3161.0000      0.001129915875     -0.000001414727
       3162.0000      0.001129444498     -0.000001413547
       3163.0000      0.001128973514     -0.000001412368
       3164.0000      0.001128502922     -0.000001411191
       3165.0000      0.001128032722     -0.000001410015
       3166.0000      0.001127562914     -0.000001408841
       3167.0000      0.001127093498     -0.000001407668
       3168.0000      0.001126624472     -0.000001406497
       3169.0000      0.001126155836     -0.000001405327
       3170.0000      0.001125687590     -0.000001404159
       3171.0000      0.001125219733     -0.000001402992
       3172.0000      0.001124752265     -0.000001401826
       3173.0000      0.001124285185     -0.000001400662
       3174.0000      0.001123818492     -0.000001399500
       3175.0000      0.001123352188     -0.000001398339
       3176.0000      0.001122886270     -0.000001397179
       3177.0000      0.001122420738     -0.000001396021
       3178.0000      0.001121955592     -0.000001394864
       3179.0000      0.001121490831     -0.000001393708
       3180.0000      0.001121026456     -0.000001392554
       3181.0000      0.001120562464     -0.000001391402
       3182.0000      0.001120098857     -0.000001390251
       3183.0000      0.001119635633     -0.000001389101
       3184.0000      0.001119172792     -0.000001387953
       3185.0000      0.001118710334     -0.000001386806
       3186.0000      0.001118248258     -0.000001385661
       3187.0000      0.001117786563     -0.000001384517
       3188.0000      0.001117325249     -0.000001383374
       3189.0000      0.001116864316     -0.000001382233
       3190.0000      0.001116403763     -0.000001381093
       3191.0000      0.001115943590     -0.000001379955
       3192.0000      0.001115483796     -0.000001378818
       3193.0000      0.001115024380     -0.000001377683
       3194.0000      0.001114565343     -0.000001376549
       3195.0000      0.001114106684     -0.000001375416
       3196.0000      0.001113648402     -0.000001374284
       3197.0000      0.001113190497     -0.000001373155
       3198.0000      0.001112732968     -0.000001372026
       3199.0000      0.001112275816     -0.000001370899
       3200.0000      0.001111819038     -0.000001369773
       3201.0000      0.001111362636     -0.000001368649
       3202.0000      0.001110906608     -0.000001367526
       3203.0000      0.001110450955     -0.000001366404
       3204.0000      0.001109995675     -0.000001365284
       3205.0000      0.001109540768     -0.000001364165
       3206.0000      0.001109086234     -0.000001363048
       3207.0000      0.001108632072     -0.000001361932
       3208.0000      0.001108178282     -0.000001360817
       3209.0000      0.001107724863     -0.000001359704
       3210.0000      0.001107271815     -0.000001358592
       3211.0000      0.001106819138     -0.000001357481
       3212.0000      0.001106366831     -0.000001356372
       3213.0000      0.001105914893     -0.000001355264
       3214.0000      0.001105463324     -0.000001354157
       3215.0000      0.001105012124     -0.000001353052
       3216.0000      0.001104561292     -0.000001351948
       3217.0000      0.001104110827     -0.000001350846
       3218.0000      0.001103660730     -0.000001349745
       3219.0000      0.001103211000     -0.000001348645
       3220.0000      0.001102761636     -0.000001347546
       3221.0000      0.001102312638     -0.000001346449
       3222.0000      0.001101864006     -0.000001345354
       3223.0000      0.001101415739     -0.000001344259
       3224.0000      0.001100967836     -0.000001343166
       3225.0000      0.001100520297     -0.000001342074
       3226.0000      0.001100073122     -0.000001340984
       3227.0000      0.001099626310     -0.000001339895
       3228.0000      0.001099179861     -0.000001338807
       3229.0000      0.001098733775     -0.000001337721
       3230.0000      0.001098288050     -0.000001336635
       3231.0000      0.001097842687     -0.000001335552
       3232.0000      0.001097397685     -0.000001334469
       3233.0000      0.001096953043     -0.000001333388
       3234.0000      0.001096508762     -0.000001332308
       3235.0000      0.001096064840     -0.000001331230
       3236.0000      0.001095621278     -0.000001330152
       3237.0000      0.001095178075     -0.000001329076
       3238.0000      0.001094735230     -0.000001328002
       3239.0000      0.001094292743     -0.000001326928
       3240.0000      0.001093850613     -0.000001325856
       3241.0000      0.001093408841     -0.000001324786
       3242.0000      0.001092967425     -0.000001323716
       3243.0000      0.001092526366     -0.000001322648
       3244.0000      0.001092085662     -0.000001321581
       3245.0000      0.001091645314     -0.000001320516
       3246.0000      0.001091205321     -0.000001319451
       3247.0000      0.001090765682     -0.000001318388
       3248.0000      0.001090326398     -0.000001317327
       3249.0000      0.001089887467     -0.000001316266
       3250.0000      0.001089448889     -0.000001315207
       3251.0000      0.001089010664     -0.000001314149
       3252.0000      0.001088572792     -0.000001313093
       3253.0000      0.001088135271     -0.000001312037
       3254.0000      0.001087698103     -0.000001310983
       3255.0000      0.001087261285     -0.000001309931
       3256.0000      0.001086824818     -0.000001308879
       3257.0000      0.001086388701     -0.000001307829
       3258.0000      0.001085952934     -0.000001306780
       3259.0000      0.001085517517     -0.000001305732
       3260.0000      0.001085082449     -0.000001304686
       3261.0000      0.001084647729     -0.000001303641
       3262.0000      0.001084213357     -0.000001302597
       3263.0000      0.001083779333     -0.000001301554
       3264.0000      0.001083345657     -0.000001300513
       3265.0000      0.001082912327     -0.000001299472
       3266.0000      0.001082479344     -0.000001298433
       3267.0000      0.001082046707     -0.000001297396
       3268.0000      0.001081614416     -0.000001296359
       3269.0000      0.001081182470     -0.000001295324
       3270.0000      0.001080750869     -0.000001294290
       3271.0000      0.001080319612     -0.000001293257
       3272.0000      0.001079888700     -0.000001292226
       3273.0000      0.001079458131     -0.000001291196
       3274.0000      0.001079027905     -0.000001290167
       3275.0000      0.001078598022     -0.000001289139
       3276.0000      0.001078168481     -0.000001288112
       3277.0000      0.001077739283     -0.000001287087
       3278.0000      0.001077310426     -0.000001286063
       3279.0000      0.001076881910     -0.000001285040
       3280.0000      0.001076453735     -0.000001284018
       3281.0000      0.001076025900     -0.000001282998
       3282.0000      0.001075598405     -0.000001281979
       3283.0000      0.001075171250     -0.000001280961
       3284.0000      0.001074744434     -0.000001279944
       3285.0000      0.001074317956     -0.000001278928
       3286.0000      0.001073891817     -0.000001277914
       3287.0000      0.001073466016     -0.000001276901
       3288.0000      0.001073040552     -0.000001275889
       3289.0000      0.001072615426     -0.000001274878
       3290.0000      0.001072190636     -0.000001273868
       3291.0000      0.001071766183     -0.000001272860
       3292.0000      0.001071342065     -0.000001271853
       3293.0000      0.001070918283     -0.000001270847
       3294.0000      0.001070494836     -0.000001269842
       3295.0000      0.001070071724     -0.000001268838
       3296.0000      0.001069648946     -0.000001267836
       3297.0000      0.001069226503     -0.000001266835
       3298.0000      0.001068804392     -0.000001265835
       3299.0000      0.001068382615     -0.000001264836
       3300.0000      0.001067961171     -0.000001263838
       3301.0000      0.001067540059     -0.000001262841
       3302.0000      0.001067119279     -0.000001261846
       3303.0000      0.001066698830     -0.000001260852
       3304.0000      0.001066278713     -0.000001259859
       3305.0000      0.001065858926     -0.000001258867
       3306.0000      0.001065439470     -0.000001257877
       3307.0000      0.001065020344     -0.000001256887
       3308.0000      0.001064601548     -0.000001255899
       3309.0000      0.001064183080     -0.000001254912
       3310.0000      0.001063764942     -0.000001253926
       3311.0000      0.001063347132     -0.000001252941
       3312.0000      0.001062929650     -0.000001251957
       3313.0000      0.001062512496     -0.000001250975
       3314.0000      0.001062095669     -0.000001249993
       3315.0000      0.001061679169     -0.000001249013
       3316.0000      0.001061262996     -0.000001248034
       3317.0000      0.001060847149     -0.000001247056
       3318.0000      0.001060431627     -0.000001246080
       3319.0000      0.001060016431     -0.000001245104
       3320.0000      0.001059601560     -0.000001244130
       3321.0000      0.001059187013     -0.000001243156
       3322.0000      0.001058772791     -0.000001242184
       3323.0000      0.001058358893     -0.000001241213
       3324.0000      0.001057945318     -0.000001240243
       3325.0000      0.001057532066     -0.000001239275
       3326.0000      0.001057119137     -0.000001238307
       3327.0000      0.001056706530     -0.000001237341
       3328.0000      0.001056294245     -0.000001236375
       3329.0000      0.001055882282     -0.000001235411
       3330.0000      0.001055470640     -0.000001234448
       3331.0000      0.001055059319     -0.000001233486
       3332.0000      0.001054648318     -0.000001232525
       3333.0000      0.001054237637     -0.000001231566
       3334.0000      0.001053827276     -0.000001230607
       3335.0000      0.001053417235     -0.000001229649
       3336.0000      0.001053007512     -0.000001228693
       3337.0000      0.001052598108     -0.000001227738
       3338.0000      0.001052189022     -0.000001226784
       3339.0000      0.001051780255     -0.000001225831
       3340.0000      0.001051371804     -0.000001224879
       3341.0000      0.001050963671     -0.000001223928
       3342.0000      0.001050555854     -0.000001222978
       3343.0000      0.001050148354     -0.000001222030
       3344.0000      0.001049741170     -0.000001221082
       3345.0000      0.001049334301     -0.000001220136
       3346.0000      0.001048927748     -0.000001219191
       3347.0000      0.001048521509     -0.000001218247
       3348.0000      0.001048115585     -0.000001217303
       3349.0000      0.001047709976     -0.000001216361
       3350.0000      0.001047304680     -0.000001215421
       3351.0000      0.001046899698     -0.000001214481
       3352.0000      0.001046495028     -0.000001213542
       3353.0000      0.001046090672     -0.000001212604
       3354.0000      0.001045686627     -0.000001211668
       3355.0000      0.001045282895     -0.000001210732
       3356.0000      0.001044879474     -0.000001209798
       3357.0000      0.001044476365     -0.000001208865
       3358.0000      0.001044073567     -0.000001207933
       3359.0000      0.001043671079     -0.000001207001
       3360.0000      0.001043268901     -0.000001206071
       3361.0000      0.001042867033     -0.000001205142
       3362.0000      0.001042465475     -0.000001204214
       3363.0000      0.001042064225     -0.000001203288
       3364.0000      0.001041663285     -0.000001202362
       3365.0000      0.001041262653     -0.000001201437
       3366.0000      0.001040862329     -0.000001200514
       3367.0000      0.001040462313     -0.000001199591
       3368.0000      0.001040062604     -0.000001198669
       3369.0000      0.001039663202     -0.000001197749
       3370.0000      0.001039264106     -0.000001196830
       3371.0000      0.001038865317     -0.000001195911
       3372.0000      0.001038466834     -0.000001194994
       3373.0000      0.001038068656     -0.000001194078
       3374.0000      0.001037670784     -0.000001193163
       3375.0000      0.001037273217     -0.000001192249
       3376.0000      0.001036875954     -0.000001191336
       3377.0000      0.001036478995     -0.000001190424
       3378.0000      0.001036082340     -0.000001189513
       3379.0000      0.001035685988     -0.000001188603
       3380.0000      0.001035289940     -0.000001187694
       3381.0000      0.001034894195     -0.000001186786
       3382.0000      0.001034498751     -0.000001185879
       3383.0000      0.001034103610     -0.000001184973
       3384.0000      0.001033708771     -0.000001184069
       3385.0000      0.001033314233     -0.000001183165
       3386.0000      0.001032919996     -0.000001182262
       3387.0000      0.001032526060     -0.000001181361
       3388.0000      0.001032132425     -0.000001180460
       3389.0000      0.001031739089     -0.000001179561
       3390.0000      0.001031346053     -0.000001178662
       3391.0000      0.001030953316     -0.000001177765
       3392.0000      0.001030560878     -0.000001176868
       3393.0000      0.001030168739     -0.000001175973
       3394.0000      0.001029776898     -0.000001175078
       3395.0000      0.001029385356     -0.000001174185
       3396.0000      0.001028994110     -0.000001173292
       3397.0000      0.001028603163     -0.000001172401
       3398.0000      0.001028212512     -0.000001171511
       3399.0000      0.001027822157     -0.000001170621
       3400.0000      0.001027432099     -0.000001169733
       3401.0000      0.001027042337     -0.000001168846
       3402.0000      0.001026652871     -0.000001167959
       3403.0000      0.001026263700     -0.000001167074
       3404.0000      0.001025874823     -0.000001166190
       3405.0000      0.001025486242     -0.000001165307
       3406.0000      0.001025097954     -0.000001164424
       3407.0000      0.001024709961     -0.000001163543
       3408.0000      0.001024322261     -0.000001162663
       3409.0000      0.001023934854     -0.000001161783
       3410.0000      0.001023547740     -0.000001160905
       3411.0000      0.001023160919     -0.000001160028
       3412.0000      0.001022774390     -0.000001159151
       3413.0000      0.001022388154     -0.000001158276
       3414.0000      0.001022002208     -0.000001157402
       3415.0000      0.001021616554     -0.000001156529
       3416.0000      0.001021231191     -0.000001155656
       3417.0000      0.001020846119     -0.000001154785
       3418.0000      0.001020461336     -0.000001153914
       3419.0000      0.001020076844     -0.000001153045
       3420.0000      0.001019692642     -0.000001152177
       3421.0000      0.001019308728     -0.000001151309
       3422.0000      0.001018925104     -0.000001150443
       3423.0000      0.001018541768     -0.000001149577
       3424.0000      0.001018158721     -0.000001148713
       3425.0000      0.001017775962     -0.000001147849
       3426.0000      0.001017393490     -0.000001146987
       3427.0000      0.001017011306     -0.000001146125
       3428.0000      0.001016629408     -0.000001145265
       3429.0000      0.001016247798     -0.000001144405
       3430.0000      0.001015866473     -0.000001143546
       3431.0000      0.001015485435     -0.000001142689
       3432.0000      0.001015104683     -0.000001141832
       3433.0000      0.001014724216     -0.000001140976
       3434.0000      0.001014344034     -0.000001140121
       3435.0000      0.001013964137     -0.000001139267
       3436.0000      0.001013584524     -0.000001138415
       3437.0000      0.001013205196     -0.000001137563
       3438.0000      0.001012826151     -0.000001136712
       3439.0000      0.001012447390     -0.000001135862
       3440.0000      0.001012068911     -0.000001135013
       3441.0000      0.001011690716     -0.000001134164
       3442.0000      0.001011312804     -0.000001133317
       3443.0000      0.001010935173     -0.000001132471
       3444.0000      0.001010557825     -0.000001131626
       3445.0000      0.001010180758     -0.000001130781
       3446.0000      0.001009803972     -0.000001129938
       3447.0000      0.001009427468     -0.000001129096
       3448.0000      0.001009051244     -0.000001128254
       3449.0000      0.001008675300     -0.000001127414
       3450.0000      0.001008299636     -0.000001126574
       3451.0000      0.001007924252     -0.000001125735
       3452.0000      0.001007549148     -0.000001124898
       3453.0000      0.001007174322     -0.000001124061
       3454.0000      0.001006799776     -0.000001123225
       3455.0000      0.001006425507     -0.000001122390
       3456.0000      0.001006051517     -0.000001121556
       3457.0000      0.001005677805     -0.000001120723
       3458.0000      0.001005304371     -0.000001119891
       3459.0000      0.001004931213     -0.000001119059
       3460.0000      0.001004558333     -0.000001118229
       3461.0000      0.001004185729     -0.000001117400
       3462.0000      0.001003813401     -0.000001116571
       3463.0000      0.001003441350     -0.000001115744
       3464.0000      0.001003069574     -0.000001114917
       3465.0000      0.001002698073     -0.000001114092
       3466.0000      0.001002326848     -0.000001113267
       3467.0000      0.001001955897     -0.000001112443
       3468.0000      0.001001585221     -0.000001111620
       3469.0000      0.001001214819     -0.000001110798
       3470.0000      0.001000844691     -0.000001109977
       3471.0000      0.001000474836     -0.000001109157
       3472.0000      0.001000105255     -0.000001108337
       3473.0000      0.000999735946     -0.000001107519
       3474.0000      0.000999366911     -0.000001106701
       3475.0000      0.000998998147     -0.000001105885
       3476.0000      0.000998629656     -0.000001105069
       3477.0000      0.000998261436     -0.000001104254
       3478.0000      0.000997893488     -0.000001103440
       3479.0000      0.000997525811     -0.000001102627
       3480.0000      0.000997158405     -0.000001101815
       3481.0000      0.000996791269     -0.000001101004
       3482.0000      0.000996424404     -0.000001100194
       3483.0000      0.000996057808     -0.000001099384
       3484.0000      0.000995691482     -0.000001098576
       3485.0000      0.000995325426     -0.000001097768
       3486.0000      0.000994959638     -0.000001096962
       3487.0000      0.000994594120     -0.000001096156
       3488.0000      0.000994228870     -0.000001095351
       3489.0000      0.000993863888     -0.000001094547
       3490.0000      0.000993499173     -0.000001093744
       3491.0000      0.000993134727     -0.000001092941
       3492.0000      0.000992770547     -0.000001092140
       3493.0000      0.000992406635     -0.000001091339
       3494.0000      0.000992042990     -0.000001090540
       3495.0000      0.000991679610     -0.000001089741
       3496.0000      0.000991316497     -0.000001088943
       3497.0000      0.000990953650     -0.000001088146
       3498.0000      0.000990591068     -0.000001087350
       3499.0000      0.000990228752     -0.000001086555
       3500.0000      0.000989866700     -0.000001085760
       3501.0000      0.000989504913     -0.000001084967
       3502.0000      0.000989143391     -0.000001084174
       3503.0000      0.000988782132     -0.000001083382
       3504.0000      0.000988421137     -0.000001082591
       3505.0000      0.000988060406     -0.000001081801
       3506.0000      0.000987699938     -0.000001081012
       3507.0000      0.000987339733     -0.000001080224
       3508.0000      0.000986979790     -0.000001079436
       3509.0000      0.000986620110     -0.000001078650
       3510.0000      0.000986260692     -0.000001077864
       3511.0000      0.000985901536     -0.000001077079
       3512.0000      0.000985542641     -0.000001076295
       3513.0000      0.000985184008     -0.000001075512
       3514.0000      0.000984825635     -0.000001074730
       3515.0000      0.000984467523     -0.000001073948
       3516.0000      0.000984109671     -0.000001073168
       3517.0000      0.000983752079     -0.000001072388
       3518.0000      0.000983394747     -0.000001071609
       3519.0000      0.000983037675     -0.000001070831
       3520.0000      0.000982680862     -0.000001070054
       3521.0000      0.000982324308     -0.000001069277
       3522.0000      0.000981968012     -0.000001068502
       3523.0000      0.000981611975     -0.000001067727
       3524.0000      0.000981256196     -0.000001066953
       3525.0000      0.000980900674     -0.000001066180
       3526.0000      0.000980545410     -0.000001065408
       3527.0000      0.000980190404     -0.000001064637
       3528.0000      0.000979835654     -0.000001063866
       3529.0000      0.000979481161     -0.000001063097
       3530.0000      0.000979126925     -0.000001062328
       3531.0000      0.000978772945     -0.000001061560
       3532.0000      0.000978419220     -0.000001060793
       3533.0000      0.000978065751     -0.000001060026
       3534.0000      0.000977712537     -0.000001059261
       3535.0000      0.000977359579     -0.000001058496
       3536.0000      0.000977006875     -0.000001057732
       3537.0000      0.000976654425     -0.000001056969
       3538.0000      0.000976302230     -0.000001056207
       3539.0000      0.000975950289     -0.000001055446
       3540.0000      0.000975598601     -0.000001054685
       3541.0000      0.000975247167     -0.000001053926
       3542.0000      0.000974895986     -0.000001053167
       3543.0000      0.000974545057     -0.000001052409
       3544.0000      0.000974194382     -0.000001051651
       3545.0000      0.000973843958     -0.000001050895
       3546.0000      0.000973493787     -0.000001050139
       3547.0000      0.000973143867     -0.000001049384
       3548.0000      0.000972794199     -0.000001048630
       3549.0000      0.000972444781     -0.000001047877
       3550.0000      0.000972095615     -0.000001047125
       3551.0000      0.000971746700     -0.000001046373
       3552.0000      0.000971398035     -0.000001045623
       3553.0000      0.000971049619     -0.000001044873
       3554.0000      0.000970701454     -0.000001044124
       3555.0000      0.000970353539     -0.000001043375
       3556.0000      0.000970005872     -0.000001042628
       3557.0000      0.000969658455     -0.000001041881
       3558.0000      0.000969311287     -0.000001041135
       3559.0000      0.000968964367     -0.000001040390
       3560.0000      0.000968617695     -0.000001039646
       3561.0000      0.000968271271     -0.000001038902
       3562.0000      0.000967925095     -0.000001038159
       3563.0000      0.000967579166     -0.000001037417
       3564.0000      0.000967233485     -0.000001036676
       3565.0000      0.000966888050     -0.000001035936
       3566.0000      0.000966542862     -0.000001035196
       3567.0000      0.000966197921     -0.000001034458
       3568.0000      0.000965853225     -0.000001033720
       3569.0000      0.000965508776     -0.000001032983
       3570.0000      0.000965164572     -0.000001032246
       3571.0000      0.000964820613     -0.000001031511
       3572.0000      0.000964476900     -0.000001030776
       3573.0000      0.000964133431     -0.000001030042
       3574.0000      0.000963790207     -0.000001029308
       3575.0000      0.000963447227     -0.000001028576
       3576.0000      0.000963104491     -0.000001027844
       3577.0000      0.000962761999     -0.000001027113
       3578.0000      0.000962419750     -0.000001026383
       3579.0000      0.000962077745     -0.000001025654
       3580.0000      0.000961735982     -0.000001024925
       3581.0000      0.000961394462     -0.000001024198
       3582.0000      0.000961053185     -0.000001023471
       3583.0000      0.000960712150     -0.000001022744
       3584.0000      0.000960371357     -0.000001022019
       3585.0000      0.000960030806     -0.000001021294
       3586.0000      0.000959690496     -0.000001020570
       3587.0000      0.000959350427     -0.000001019847
       3588.0000      0.000959010599     -0.000001019125
       3589.0000      0.000958671012     -0.000001018403
       3590.0000      0.000958331665     -0.000001017682
       3591.0000      0.000957992558     -0.000001016962
       3592.0000      0.000957653692     -0.000001016243
       3593.0000      0.000957315065     -0.000001015524
       3594.0000      0.000956976677     -0.000001014806
       3595.0000      0.000956638528     -0.000001014089
       3596.0000      0.000956300619     -0.000001013373
       3597.0000      0.000955962948     -0.000001012658
       3598.0000      0.000955625515     -0.000001011943
       3599.0000      0.000955288321     -0.000001011229
       3600.0000      0.000954951364     -0.000001010516
       3601.0000      0.000954614645     -0.000001009803
       3602.0000      0.000954278163     -0.000001009091
       3603.0000      0.000953941919     -0.000001008380
       3604.0000      0.000953605911     -0.000001007670
       3605.0000      0.000953270140     -0.000001006961
       3606.0000      0.000952934605     -0.000001006252
       3607.0000      0.000952599307     -0.000001005544
       3608.0000      0.000952264244     -0.000001004837
       3609.0000      0.000951929417     -0.000001004130
       3610.0000      0.000951594826     -0.000001003424
       3611.0000      0.000951260469     -0.000001002719
       3612.0000      0.000950926347     -0.000001002015
       3613.0000      0.000950592460     -0.000001001312
       3614.0000      0.000950258808     -0.000001000609
       3615.0000      0.000949925389     -0.000000999907
       3616.0000      0.000949592204     -0.000000999205
       3617.0000      0.000949259253     -0.000000998505
       3618.0000      0.000948926536     -0.000000997805
       3619.0000      0.000948594051     -0.000000997106
       3620.0000      0.000948261800     -0.000000996408
       3621.0000      0.000947929781     -0.000000995710
       3622.0000      0.000947597995     -0.000000995013
       3623.0000      0.000947266440     -0.000000994317
       3624.0000      0.000946935118     -0.000000993621
       3625.0000      0.000946604027     -0.000000992927
       3626.0000      0.000946273168     -0.000000992233
       3627.0000      0.000945942540     -0.000000991540
       3628.0000      0.000945612143     -0.000000990847
       3629.0000      0.000945281977     -0.000000990155
       3630.0000      0.000944952041     -0.000000989464
       3631.0000      0.000944622336     -0.000000988774
       3632.0000      0.000944292860     -0.000000988084
       3633.0000      0.000943963614     -0.000000987395
       3634.0000      0.000943634598     -0.000000986707
       3635.0000      0.000943305811     -0.000000986020
       3636.0000      0.000942977253     -0.000000985333
       3637.0000      0.000942648924     -0.000000984647
       3638.0000      0.000942320823     -0.000000983962
       3639.0000      0.000941992951     -0.000000983277
       3640.0000      0.000941665306     -0.000000982593
       3641.0000      0.000941337890     -0.000000981910
       3642.0000      0.000941010701     -0.000000981227
       3643.0000      0.000940683740     -0.000000980546
       3644.0000      0.000940357005     -0.000000979865
       3645.0000      0.000940030498     -0.000000979184
       3646.0000      0.000939704217     -0.000000978505
       3647.0000      0.000939378163     -0.000000977826
       3648.0000      0.000939052335     -0.000000977148
       3649.0000      0.000938726733     -0.000000976470
       3650.0000      0.000938401356     -0.000000975793
       3651.0000      0.000938076205     -0.000000975117
       3652.0000      0.000937751279     -0.000000974442
       3653.0000      0.000937426579     -0.000000973767
       3654.0000      0.000937102103     -0.000000973093
       3655.0000      0.000936777851     -0.000000972420
       3656.0000      0.000936453824     -0.000000971747
       3657.0000      0.000936130021     -0.000000971075
       3658.0000      0.000935806442     -0.000000970404
       3659.0000      0.000935483086     -0.000000969734
       3660.0000      0.000935159954     -0.000000969064
       3661.0000      0.000934837045     -0.000000968395
       3662.0000      0.000934514359     -0.000000967726
       3663.0000      0.000934191896     -0.000000967058
       3664.0000      0.000933869655     -0.000000966391
       3665.0000      0.000933547636     -0.000000965725
       3666.0000      0.000933225839     -0.000000965059
       3667.0000      0.000932904264     -0.000000964394
       3668.0000      0.000932582911     -0.000000963730
       3669.0000      0.000932261779     -0.000000963067
       3670.0000      0.000931940868     -0.000000962404
       3671.0000      0.000931620178     -0.000000961741
       3672.0000      0.000931299708     -0.000000961080
       3673.0000      0.000930979459     -0.000000960419
       3674.0000      0.000930659430     -0.000000959759
       3675.0000      0.000930339621     -0.000000959099
       3676.0000      0.000930020032     -0.000000958440
       3677.0000      0.000929700662     -0.000000957782
       3678.0000      0.000929381512     -0.000000957125
       3679.0000      0.000929062580     -0.000000956468
       3680.0000      0.000928743868     -0.000000955812
       3681.0000      0.000928425374     -0.000000955157
       3682.0000      0.000928107098     -0.000000954502
       3683.0000      0.000927789040     -0.000000953848
       3684.0000      0.000927471201     -0.000000953194
       3685.0000      0.000927153579     -0.000000952541
       3686.0000      0.000926836174     -0.000000951889
       3687.0000      0.000926518987     -0.000000951238
       3688.0000      0.000926202017     -0.000000950587
       3689.0000      0.000925885264     -0.000000949937
       3690.0000      0.000925568727     -0.000000949288
       3691.0000      0.000925252406     -0.000000948639
       3692.0000      0.000924936302     -0.000000947991
       3693.0000      0.000924620414     -0.000000947344
       3694.0000      0.000924304741     -0.000000946697
       3695.0000      0.000923989284     -0.000000946051
       3696.0000      0.000923674042     -0.000000945405
       3697.0000      0.000923359015     -0.000000944761
       3698.0000      0.000923044203     -0.000000944116
       3699.0000      0.000922729605     -0.000000943473
       3700.0000      0.000922415222     -0.000000942830
       3701.0000      0.000922101053     -0.000000942188
       3702.0000      0.000921787098     -0.000000941547
       3703.0000      0.000921473356     -0.000000940906
       3704.0000      0.000921159828     -0.000000940266
       3705.0000      0.000920846514     -0.000000939626
       3706.0000      0.000920533412     -0.000000938987
       3707.0000      0.000920220524     -0.000000938349
       3708.0000      0.000919907848     -0.000000937711
       3709.0000      0.000919595384     -0.000000937074
       3710.0000      0.000919283132     -0.000000936438
       3711.0000      0.000918971093     -0.000000935803
       3712.0000      0.000918659265     -0.000000935168
       3713.0000      0.000918347649     -0.000000934533
       3714.0000      0.000918036244     -0.000000933900
       3715.0000      0.000917725051     -0.000000933267
       3716.0000      0.000917414068     -0.000000932634
       3717.0000      0.000917103296     -0.000000932002
       3718.0000      0.000916792734     -0.000000931371
       3719.0000      0.000916482383     -0.000000930741
       3720.0000      0.000916172241     -0.000000930111
       3721.0000      0.000915862310     -0.000000929482
       3722.0000      0.000915552588     -0.000000928853
       3723.0000      0.000915243076     -0.000000928225
       3724.0000      0.000914933772     -0.000000927598
       3725.0000      0.000914624678     -0.000000926971
       3726.0000      0.000914315792     -0.000000926345
       3727.0000      0.000914007116     -0.000000925720
       3728.0000      0.000913698647     -0.000000925095
       3729.0000      0.000913390386     -0.000000924471
       3730.0000      0.000913082334     -0.000000923848
       3731.0000      0.000912774489     -0.000000923225
       3732.0000      0.000912466852     -0.000000922603
       3733.0000      0.000912159422     -0.000000921981
       3734.0000      0.000911852199     -0.000000921360
       3735.0000      0.000911545183     -0.000000920740
       3736.0000      0.000911238373     -0.000000920120
       3737.0000      0.000910931771     -0.000000919501
       3738.0000      0.000910625374     -0.000000918883
       3739.0000      0.000910319183     -0.000000918265
       3740.0000      0.000910013199     -0.000000917648
       3741.0000      0.000909707419     -0.000000917031
       3742.0000      0.000909401846     -0.000000916415
       3743.0000      0.000909096477     -0.000000915800
       3744.0000      0.000908791314     -0.000000915185
       3745.0000      0.000908486355     -0.000000914571
       3746.0000      0.000908181601     -0.000000913957
       3747.0000      0.000907877051     -0.000000913345
       3748.0000      0.000907572706     -0.000000912732
       3749.0000      0.000907268564     -0.000000912121
       3750.0000      0.000906964627     -0.000000911510
       3751.0000      0.000906660892     -0.000000910899
       3752.0000      0.000906357362     -0.000000910289
       3753.0000      0.000906054034     -0.000000909680
       3754.0000      0.000905750909     -0.000000909072
       3755.0000      0.000905447987     -0.000000908464
       3756.0000      0.000905145268     -0.000000907856
       3757.0000      0.000904842751     -0.000000907250
       3758.0000      0.000904540436     -0.000000906643
       3759.0000      0.000904238323     -0.000000906038
       3760.0000      0.000903936412     -0.000000905433
       3761.0000      0.000903634702     -0.000000904829
       3762.0000      0.000903333194     -0.000000904225
       3763.0000      0.000903031887     -0.000000903622
       3764.0000      0.000902730781     -0.000000903019
       3765.0000      0.000902429875     -0.000000902417
       3766.0000      0.000902129170     -0.000000901816
       3767.0000      0.000901828665     -0.000000901215
       3768.0000      0.000901528361     -0.000000900615
       3769.0000      0.000901228256     -0.000000900016
       3770.0000      0.000900928351     -0.000000899417
       3771.0000      0.000900628646     -0.000000898819
       3772.0000      0.000900329140     -0.000000898221
       3773.0000      0.000900029833     -0.000000897624
       3774.0000      0.000899730725     -0.000000897027
       3775.0000      0.000899431816     -0.000000896431
       3776.0000      0.000899133106     -0.000000895836
       3777.0000      0.000898834593     -0.000000895241
       3778.0000      0.000898536279     -0.000000894647
       3779.0000      0.000898238163     -0.000000894054
       3780.0000      0.000897940245     -0.000000893461
       3781.0000      0.000897642524     -0.000000892868
       3782.0000      0.000897345000     -0.000000892276
       3783.0000      0.000897047674     -0.000000891685
       3784.0000      0.000896750544     -0.000000891095
       3785.0000      0.000896453612     -0.000000890505
       3786.0000      0.000896156876     -0.000000889915
       3787.0000      0.000895860336     -0.000000889326
       3788.0000      0.000895563993     -0.000000888738
       3789.0000      0.000895267845     -0.000000888150
       3790.0000      0.000894971893     -0.000000887563
       3791.0000      0.000894676137     -0.000000886977
       3792.0000      0.000894380577     -0.000000886391
       3793.0000      0.000894085211     -0.000000885806
       3794.0000      0.000893790041     -0.000000885221
       3795.0000      0.000893495065     -0.000000884637
       3796.0000      0.000893200284     -0.000000884053
       3797.0000      0.000892905698     -0.000000883470
       3798.0000      0.000892611305     -0.000000882887
       3799.0000      0.000892317107     -0.000000882306
       3800.0000      0.000892023103     -0.000000881724
       3801.0000      0.000891729292     -0.000000881143
       3802.0000      0.000891435675     -0.000000880563
       3803.0000      0.000891142251     -0.000000879984
       3804.0000      0.000890849020     -0.000000879405
       3805.0000      0.000890555982     -0.000000878826
       3806.0000      0.000890263137     -0.000000878248
       3807.0000      0.000889970484     -0.000000877671
       3808.0000      0.000889678024     -0.000000877094
       3809.0000      0.000889385756     -0.000000876518
       3810.0000      0.000889093680     -0.000000875943
       3811.0000      0.000888801795     -0.000000875367
       3812.0000      0.000888510103     -0.000000874793
       3813.0000      0.000888218601     -0.000000874219
       3814.0000      0.000887927291     -0.000000873646
       3815.0000      0.000887636172     -0.000000873073
       3816.0000      0.000887345243     -0.000000872501
       3817.0000      0.000887054506     -0.000000871929
       3818.0000      0.000886763958     -0.000000871358
       3819.0000      0.000886473601     -0.000000870787
       3820.0000      0.000886183434     -0.000000870218
       3821.0000      0.000885893457     -0.000000869648
       3822.0000      0.000885603670     -0.000000869079
       3823.0000      0.000885314072     -0.000000868511
       3824.0000      0.000885024664     -0.000000867943
       3825.0000      0.000884735444     -0.000000867376
       3826.0000      0.000884446414     -0.000000866809
       3827.0000      0.000884157573     -0.000000866243
       3828.0000      0.000883868920     -0.000000865678
       3829.0000      0.000883580455     -0.000000865113
       3830.0000      0.000883292179     -0.000000864548
       3831.0000      0.000883004090     -0.000000863985
       3832.0000      0.000882716190     -0.000000863421
       3833.0000      0.000882428477     -0.000000862859
       3834.0000      0.000882140952     -0.000000862296
       3835.0000      0.000881853614     -0.000000861735
       3836.0000      0.000881566463     -0.000000861174
       3837.0000      0.000881279500     -0.000000860613
       3838.0000      0.000880992722     -0.000000860053
       3839.0000      0.000880706132     -0.000000859494
       3840.0000      0.000880419728     -0.000000858935
       3841.0000      0.000880133510     -0.000000858376
       3842.0000      0.000879847478     -0.000000857818
       3843.0000      0.000879561632     -0.000000857261
       3844.0000      0.000879275972     -0.000000856704
       3845.0000      0.000878990497     -0.000000856148
       3846.0000      0.000878705207     -0.000000855592
       3847.0000      0.000878420103     -0.000000855037
       3848.0000      0.000878135183     -0.000000854483
       3849.0000      0.000877850449     -0.000000853929
       3850.0000      0.000877565898     -0.000000853375
       3851.0000      0.000877281533     -0.000000852822
       3852.0000      0.000876997351     -0.000000852270
       3853.0000      0.000876713354     -0.000000851718
       3854.0000      0.000876429540     -0.000000851167
       3855.0000      0.000876145911     -0.000000850616
       3856.0000      0.000875862464     -0.000000850066
       3857.0000      0.000875579201     -0.000000849516
       3858.0000      0.000875296121     -0.000000848967
       3859.0000      0.000875013224     -0.000000848418
       3860.0000      0.000874730510     -0.000000847870
       3861.0000      0.000874447979     -0.000000847322
       3862.0000      0.000874165630     -0.000000846775
       3863.0000      0.000873883463     -0.000000846228
       3864.0000      0.000873601479     -0.000000845682
       3865.0000      0.000873319676     -0.000000845137
       3866.0000      0.000873038055     -0.000000844592
       3867.0000      0.000872756616     -0.000000844047
       3868.0000      0.000872475358     -0.000000843504
       3869.0000      0.000872194281     -0.000000842960
       3870.0000      0.000871913385     -0.000000842417
       3871.0000      0.000871632671     -0.000000841875
       3872.0000      0.000871352137     -0.000000841333
       3873.0000      0.000871071783     -0.000000840792
       3874.0000      0.000870791610     -0.000000840251
       3875.0000      0.000870511617     -0.000000839711
       3876.0000      0.000870231803     -0.000000839171
       3877.0000      0.000869952170     -0.000000838632
       3878.0000      0.000869672717     -0.000000838093
       3879.0000      0.000869393442     -0.000000837555
       3880.0000      0.000869114348     -0.000000837017
       3881.0000      0.000868835432     -0.000000836480
       3882.0000      0.000868556695     -0.000000835943
       3883.0000      0.000868278137     -0.000000835407
       3884.0000      0.000867999758     -0.000000834872
       3885.0000      0.000867721557     -0.000000834337
       3886.0000      0.000867443534     -0.000000833802
       3887.0000      0.000867165690     -0.000000833268
       3888.0000      0.000866888023     -0.000000832735
       3889.0000      0.000866610535     -0.000000832202
       3890.0000      0.000866333223     -0.000000831669
       3891.0000      0.000866056090     -0.000000831137
       3892.0000      0.000865779133     -0.000000830605
       3893.0000      0.000865502353     -0.000000830075
       3894.0000      0.000865225751     -0.000000829544
       3895.0000      0.000864949325     -0.000000829014
       3896.0000      0.000864673076     -0.000000828485
       3897.0000      0.000864397003     -0.000000827956
       3898.0000      0.000864121106     -0.000000827427
       3899.0000      0.000863845386     -0.000000826899
       3900.0000      0.000863569841     -0.000000826372
       3901.0000      0.000863294472     -0.000000825845
       3902.0000      0.000863019279     -0.000000825318
       3903.0000      0.000862744261     -0.000000824793
       3904.0000      0.000862469418     -0.000000824267
       3905.0000      0.000862194750     -0.000000823742
       3906.0000      0.000861920258     -0.000000823218
       3907.0000      0.000861645939     -0.000000822694
       3908.0000      0.000861371796     -0.000000822170
       3909.0000      0.000861097827     -0.000000821648
       3910.0000      0.000860824032     -0.000000821125
       3911.0000      0.000860550411     -0.000000820603
       3912.0000      0.000860276964     -0.000000820082
       3913.0000      0.000860003691     -0.000000819561
       3914.0000      0.000859730591     -0.000000819040
       3915.0000      0.000859457665     -0.000000818520
       3916.0000      0.000859184912     -0.000000818001
       3917.0000      0.000858912332     -0.000000817482
       3918.0000      0.000858639925     -0.000000816964
       3919.0000      0.000858367690     -0.000000816446
       3920.0000      0.000858095628     -0.000000815928
       3921.0000      0.000857823739     -0.000000815411
       3922.0000      0.000857552022     -0.000000814895
       3923.0000      0.000857280477     -0.000000814379
       3924.0000      0.000857009104     -0.000000813863
       3925.0000      0.000856737902     -0.000000813348
       3926.0000      0.000856466872     -0.000000812834
       3927.0000      0.000856196014     -0.000000812320
       3928.0000      0.000855925327     -0.000000811806
       3929.0000      0.000855654811     -0.000000811293
       3930.0000      0.000855384466     -0.000000810780
       3931.0000      0.000855114291     -0.000000810268
       3932.0000      0.000854844288     -0.000000809757
       3933.0000      0.000854574454     -0.000000809246
       3934.0000      0.000854304791     -0.000000808735
       3935.0000      0.000854035299     -0.000000808225
       3936.0000      0.000853765976     -0.000000807715
       3937.0000      0.000853496823     -0.000000807206
       3938.0000      0.000853227839     -0.000000806697
       3939.0000      0.000852959025     -0.000000806189
       3940.0000      0.000852690381     -0.000000805681
       3941.0000      0.000852421905     -0.000000805174
       3942.0000      0.000852153599     -0.000000804667
       3943.0000      0.000851885461     -0.000000804161
       3944.0000      0.000851617493     -0.000000803655
       3945.0000      0.000851349692     -0.000000803150
       3946.0000      0.000851082060     -0.000000802645
       3947.0000      0.000850814597     -0.000000802140
       3948.0000      0.000850547301     -0.000000801637
       3949.0000      0.000850280173     -0.000000801133
       3950.0000      0.000850013213     -0.000000800630
       3951.0000      0.000849746421     -0.000000800128
       3952.0000      0.000849479796     -0.000000799626
       3953.0000      0.000849213338     -0.000000799124
       3954.0000      0.000848947047     -0.000000798623
       3955.0000      0.000848680923     -0.000000798122
       3956.0000      0.000848414966     -0.000000797622
       3957.0000      0.000848149176     -0.000000797122
       3958.0000      0.000847883552     -0.000000796623
       3959.0000      0.000847618095     -0.000000796125
       3960.0000      0.000847352803     -0.000000795626
       3961.0000      0.000847087678     -0.000000795128
       3962.0000      0.000846822719     -0.000000794631
       3963.0000      0.000846557925     -0.000000794134
       3964.0000      0.000846293297     -0.000000793638
       3965.0000      0.000846028834     -0.000000793142
       3966.0000      0.000845764536     -0.000000792646
       3967.0000      0.000845500404     -0.000000792151
       3968.0000      0.000845236436     -0.000000791657
       3969.0000      0.000844972633     -0.000000791163
       3970.0000      0.000844708995     -0.000000790669
       3971.0000      0.000844445522     -0.000000790176
       3972.0000      0.000844182212     -0.000000789683
       3973.0000      0.000843919067     -0.000000789191
       3974.0000      0.000843656086     -0.000000788699
       3975.0000      0.000843393268     -0.000000788208
       3976.0000      0.000843130614     -0.000000787717
       3977.0000      0.000842868124     -0.000000787227
       3978.0000      0.000842605797     -0.000000786737
       3979.0000      0.000842343634     -0.000000786247
       3980.0000      0.000842081633     -0.000000785758
       3981.0000      0.000841819796     -0.000000785270
       3982.0000      0.000841558121     -0.000000784782
       3983.0000      0.000841296609     -0.000000784294
       3984.0000      0.000841035259     -0.000000783807
       3985.0000      0.000840774072     -0.000000783320
       3986.0000      0.000840513047     -0.000000782834
       3987.0000      0.000840252184     -0.000000782348
       3988.0000      0.000839991483     -0.000000781862
       3989.0000      0.000839730943     -0.000000781377
       3990.0000      0.000839470565     -0.000000780893
       3991.0000      0.000839210349     -0.000000780409
       3992.0000      0.000838950293     -0.000000779925
       3993.0000      0.000838690399     -0.000000779442
       3994.0000      0.000838430666     -0.000000778960
       3995.0000      0.000838171094     -0.000000778477
       3996.0000      0.000837911682     -0.000000777995
       3997.0000      0.000837652431     -0.000000777514
       3998.0000      0.000837393340     -0.000000777033
       3999.0000      0.000837134410     -0.000000776553
       4000.0000      0.000836875639     -0.000000776073
