-501.6229
-501.7907
-501.6229
-501.7682
-501.6995
-501.4221
-501.6995
-501.7946
-501.5137
-501.8269
-501.5137
-501.4827
-501.7849
-501.7114
-501.7849
-501.7286
-501.7436
-501.7683
-501.7436
-501.7907
-501.7654
-501.7946
-501.7654
-501.4221
-501.7111
-501.4827
-501.7111
-501.8269
-501.7690
-501.7286
-501.7690
-501.7114
-501.7436
-501.7683
-501.7436
-501.7907
-501.7654
-501.7946
-501.7654
-501.4221
-501.7111
-501.4827
-501.7111
-501.8269
-501.7690
-501.7286
-501.7690
-501.7114
-501.6229
-501.7907
-501.6229
-501.7682
-501.6995
-501.4221
-501.6995
-501.7946
-501.5137
-501.8269
-501.5137
-501.4827
-501.7849
-501.7114
-501.7849
-501.7286
