-501.0968
-501.0968
-501.0968
-501.0968
-501.0968
-501.0967
-501.0969
-501.0968
-501.0946
-501.0946
-501.0946
-501.0946
-501.0945
-501.0945
-501.0946
-501.0945
-501.0968
-501.0968
-501.0968
-501.0968
-501.0968
-501.0967
-501.0969
-501.0968
-501.0946
-501.0946
-501.0946
-501.0946
-501.0945
-501.0945
-501.0946
-501.0945
-501.0968
-501.0968
-501.0968
-501.0968
-501.0968
-501.0967
-501.0969
-501.0968
-501.0946
-501.0946
-501.0946
-501.0946
-501.0945
-501.0945
-501.0946
-501.0945
-501.0968
-501.0968
-501.0968
-501.0968
-501.0968
-501.0967
-501.0969
-501.0968
-501.0946
-501.0946
-501.0946
-501.0946
-501.0945
-501.0945
-501.0946
-501.0945
