  -501.4326
  -501.2304
  -501.3435
  -501.2304
  -501.3548
  -501.5415
  -501.4035
  -501.5416
  -500.5803
  -501.3746
  -501.4383
  -501.3746
  -501.2420
  -501.2803
  -501.2092
  -501.2803
  -501.3240
  -501.2472
  -501.3755
  -501.2472
  -501.2883
  -501.4422
  -501.2760
  -501.4422
  -501.3068
  -501.3432
  -501.5362
  -501.3432
  -501.2282
  -501.3509
  -501.2348
  -501.3509
  -501.3435
  -501.2129
  -501.4325
  -501.2129
  -501.4035
  -500.5605
  -501.3548
  -500.5605
  -501.4383
  -501.4327
  -500.5803
  -501.4327
  -501.2091
  -501.3974
  -501.2420
  -501.3973
  -501.3755
  -501.2375
  -501.3240
  -501.2375
  -501.2760
  -501.3038
  -501.2883
  -501.3038
  -501.5362
  -501.3207
  -501.3069
  -501.3207
  -501.2348
  -501.2740
  -501.2283
  -501.2740