    1.58854D-01    5.79307D-03   -1.99250D-02
   -2.90838D-02   -2.45587D-01    8.34768D-01
    1.14928D+00   -3.81991D-02   -2.15253D-02
   -7.44269D-01   -1.77744D-02   -1.69442D-01
    4.28762D-01    2.01127D-01   -4.23904D-01
    4.47376D-01   -5.93878D-01    5.29045D-01
   -3.24820D-01    5.34795D-01   -5.62044D-01
   -2.12506D+00   -6.38057D-02    9.63918D-02
    3.05890D+00   -8.61790D-02    1.81213D-01
    2.23877D-01   -7.14513D-01   -1.10873D+00
   -2.19048D+00    9.49391D-02   -7.03559D-03
   -2.73784D-02   -1.88796D-01   -7.54145D-01
   -5.67914D-01   -5.39540D-01    1.67101D-01
   -2.50135D-01    2.97289D-03    5.10555D-01
    7.32731D-01   -1.24746D-01    1.63035D-01
   -1.30080D+00    6.51060D-02   -7.32426D-02
   -3.95223D-01   -8.83896D-01   -3.15480D-01
   -6.93358D-01    3.06473D-01    1.52446D-01
   -4.63221D-03   -4.15307D-01   -3.43392D-02
    6.18002D-02   -8.16020D-01   -1.02207D+00
   -3.88206D+00    1.32205D-01   -6.49354D-02
    2.24927D-01    1.62069D+00   -1.31924D+00
    8.49324D-02    1.32608D-01    5.37453D-02
   -1.14455D+00    1.15726D-01   -6.90020D-02
    1.61784D-01    6.80290D-02   -1.94303D-01
    8.55689D-01    8.95965D-01   -2.36305D-01
    3.77084D-01   -1.49402D+00    4.08976D-01
   -2.53100D-01    1.26229D-01    1.91674D-01
   -3.50471D+00    9.35497D-02   -9.50649D-02
    3.60491D-01   -1.32178D+00   -4.70223D-01
    3.12611D+00   -1.08617D-01    6.46462D-02
    1.47148D-01    2.80101D-01    1.25289D+00
    1.31856D+00   -1.04230D-01    7.55994D-02
   -1.09714D+00   -5.09179D-01   -4.99970D-02
    6.96380D-01    5.05293D+00   -4.47318D+00
    4.03224D-01   -3.67041D-01    1.27435D-01
    2.78304D-01   -1.18900D+00   -2.41196D+00
    2.21903D-01    3.51512D-03   -2.98334D-02
    4.93354D-01    3.03802D-01   -4.37259D-02
   -6.87124D-01    1.09542D+00   -2.83117D-01
   -2.77677D-01   -4.27507D-01    1.62272D+00
    2.90763D-01   -2.90943D-01    3.67747D+00
   -6.64480D-01    1.15724D+00    1.45591D+00
    2.99167D+00   -4.37471D-01   -1.08477D-01
   -7.73135D+00    1.41815D-01   -5.26694D-01
    6.16986D-01   -2.88494D-01   -3.29097D+00
   -6.72510D+00    2.68055D-01   -8.41242D-01
   -6.53597D-01    1.94287D-01    8.94529D+00
    1.28366D+00   -3.37621D-02    6.65513D-02
    2.11862D-01   -1.15754D-02   -1.40207D-02
   -1.28010D-01   -3.01666D+00   -1.64294D-01
    9.12002D+00   -3.33713D-01    1.91385D-01
   -1.78266D-01   -1.65947D+00    2.70260D+00
   -1.28429D-01   -1.58709D+00    2.26408D+00
   -2.77671D+00    1.12829D-01   -6.46733D-02
    9.11084D-02    8.46147D-01   -9.43748D-01
    1.89533D-01    1.88942D+00   -1.48597D-01
    4.37669D+00   -1.46987D-01    1.50113D-02
    6.45664D-02    7.79724D-01   -1.26282D+00
    3.77762D+00   -4.81315D-02   -6.26678D-02
    1.98005D+00    1.08938D-03   -5.50185D-02
   -1.70783D-01   -2.29133D+00    2.77098D-01
    6.32613D-03   -2.45299D-01    4.35593D-01
    5.78597D+00   -1.86994D-01    9.85039D-02
   -5.78390D-02    1.17172D+00    7.07961D-01
    1.98158D-02    1.22067D+00   -8.04477D-02
    2.47389D+00   -4.98598D-02    1.24365D-01
   -1.00739D-01   -2.96816D-02   -8.63997D-02
    1.15844D+00    3.67100D-01   -6.02176D-01
   -5.68511D-01    7.52220D-01   -1.13964D+00
   -1.97750D+00    9.23849D-02   -9.63984D-02
   -2.83212D-01   -2.62807D+00    8.40392D+00
    1.46864D-01    1.94792D-01   -1.83970D+00
    5.23776D-01    3.06665D-01   -3.03951D+00
    3.57793D-01    3.83483D-02   -5.92527D-02
   -2.01091D-01   -3.50378D-01    3.41169D+00
    1.23589D+00   -9.93461D-02    3.51516D-01
    1.76164D-02    1.08858D+00   -2.14052D-01
   -1.13517D+00    2.46762D-02   -1.85928D-02
    1.21072D-01    1.30838D+00   -8.14302D-01
    8.32805D-01   -6.07008D-02    1.31319D-02
    3.69974D-01   -6.15249D-03   -3.19974D-03
   -2.94574D-01    2.80104D-02   -1.15984D-01
   -9.61916D-01   -1.64880D-01    5.09440D+00
   -6.48293D-02   -1.31386D+00   -7.05260D-02
    1.00028D+01   -3.67658D-01    2.02372D-01
   -1.74615D-01   -2.49982D+00   -1.03590D+00
   -7.24056D+00    2.90048D-01   -1.35986D-01
    2.00946D-01    5.10055D-01   -1.80023D+00
    8.42728D-01    1.01257D-01   -1.57585D-01
   -7.83531D-02   -1.14904D+00    1.65464D+00
   -1.58170D+00   -8.39555D+00    7.42036D+00
    1.21450D+00   -3.87687D+00    5.30598D+00
   -4.22695D-01   -1.73632D+00    3.63356D+00
   -7.12389D+00    2.71607D-01   -1.57200D-01
    3.23683D-01    1.56942D+00   -9.93190D-01
   -8.78794D-01   -5.14642D+00    6.36907D+00
    6.91340D+00   -1.05902D-01    5.51742D-02
   -1.25587D-01    2.00923D+00    2.57034D-01
    4.77395D+00   -1.73563D-01    1.04939D-01
    1.60256D-01    1.13582D+00   -1.44362D+00
    2.28241D-01    4.60295D+00   -3.35495D+00
   -1.35733D-02   -1.87223D-01    5.95375D-01
    2.77993D-01    6.85542D-04    8.71434D-03
   -1.36937D-01   -2.66179D+00    7.97763D-01
   -2.06714D+01    8.41806D-01   -4.85708D-01
   -2.08055D+00   -1.36097D+01    1.72741D+01
   -1.58785D-02   -2.53187D+00   -2.00212D+00
   -6.39534D-01    4.81691D-01    7.62433D+00
    2.29188D+01   -7.03516D-01    3.72029D-01
   -8.25583D-01    1.09922D+00    1.03153D+00
    1.55591D+00    5.68376D-01    6.87666D-01
   -3.47582D-01    2.19378D-02    5.42179D+00
    1.10454D+00    3.87343D+00   -3.69797D+00
   -2.24023D-01    1.45752D+00   -2.92712D-01
   -2.26761D+01    8.50114D-01   -4.50059D-01
   -1.25995D-01   -2.36352D+00    1.04926D-01
    1.80067D-01    6.72111D+00    1.29046D+00
   -1.63798D+01    5.19263D-01   -3.36257D-01
   -3.14160D+01    1.20890D+00   -5.79628D-01
   -9.72110D-01    4.17091D-02    3.84988D+00
    8.10033D-01    9.53564D+00    2.22442D+00
    3.08408D+00   -1.12033D+00    2.68013D-02
   -1.31351D+00   -1.04724D-01   -8.40311D-02
   -4.02586D-01   -2.29739D+00   -7.88834D-01
   -1.38736D+00    4.98002D-01    7.43747D-02
    2.84775D-01    2.45521D+00    6.77277D-01
    3.49792D-02    4.39193D-01    1.54441D+00
   -1.88451D-01   -3.16190D+00   -1.08946D+00
    9.47473D+00   -3.48306D-01    1.88331D-01
    1.29317D+00    2.61159D+00    1.66989D+00
   -1.91134D+01    8.05097D-01   -2.40396D-01
   -1.23230D+00    1.62014D+00   -1.19079D+00
   -1.85226D-01    1.57528D+00    4.10456D+00
    7.90691D+00   -1.07816D-01    5.32067D-01
    5.15576D-02    1.52446D+00   -4.60274D+00
    1.44665D+00    1.23727D-02   -1.14914D-01
    7.73118D-02    4.94476D+00   -2.06638D+00
    7.22897D+00   -4.47773D-01    9.69419D-02
    7.13055D-01    2.16357D+00   -1.81939D-01
   -1.15752D-01   -5.46854D-03   -3.06513D+00
   -6.01799D-01   -3.79985D+00   -1.93301D-01
   -2.62951D+01    1.13375D+00   -5.88992D-01
    6.13093D+00    4.11596D-01    2.57086D-01
    3.01582D-01    1.22588D+01    2.81691D+00
   -5.25129D-01   -1.12388D+01   -3.52402D+00
   -2.22124D+00    1.07072D-01   -5.52625D-02
    3.41225D-02    2.69876D+00    1.23843D+00
   -6.26686D-01   -3.57951D-01   -2.04123D+00
    4.72983D-01   -6.57296D-01   -3.38251D+00
   -9.82972D-02   -1.19155D+00    7.36858D-01
   -1.21643D-01   -1.66021D+00    1.97913D+00
    3.86256D+01   -1.41180D+00    7.73388D-01
    5.55933D-01    1.44580D+01    3.41977D+00
    6.72478D-01    1.50878D+01    4.56184D+00
   -4.68266D+00    9.69299D-01   -7.93382D-01
    1.67903D+00    2.52270D+00   -1.95413D+00
    1.17253D-01   -3.16297D+00   -2.59932D+00
    1.82888D-01    3.55724D+00    2.99812D+00
    2.75122D+00    8.76225D-01   -2.03395D+00
    7.79227D+00    3.47220D-01    6.01336D-01
   -1.85988D+00    2.59635D+00    1.88216D+00
    2.68370D+00   -1.91576D+00    1.96209D+00
    1.67255D+00   -6.80962D-01   -2.02690D+00
   -1.44606D+00   -5.69060D-01   -2.32071D+00
   -2.47859D+00   -1.36730D+00   -5.13939D-01
    1.83000D+00   -2.02445D+00   -4.60164D-01
   -2.60905D+00    2.31220D-01   -4.48458D+00
    1.69165D+00   -2.40974D+00    5.27036D+00
   -1.78925D+00   -2.90122D+00    6.20662D+00
    7.61640D-01   -2.88157D+00    1.97207D+00
   -2.17213D+00   -2.45025D+00   -7.21121D-01
    1.66590D+00   -3.53436D+00   -8.88757D-01
   -4.86710D+00    8.67570D-01   -5.44098D-01
   -3.66305D+00   -1.08518D+00    5.57321D-01
   -1.83726D-01   -4.88952D+00    1.97944D-01
   -5.16248D-02   -9.64772D-01   -2.52319D-01
    1.66121D+00   -4.71617D-01   -1.05677D-01
   -3.88288D-01   -2.13135D+00   -7.47942D-01
   -9.59396D-02   -2.58652D+00    5.61181D-01
   -2.20947D+00   -6.29437D-01   -2.18466D-01
    6.84479D-01   -2.03303D+00   -5.00966D-01
    3.95876D-02   -1.40710D+00   -3.23168D+00
   -1.60469D-02   -9.61116D-01   -6.63827D-01
   -1.03529D+01    2.99748D-01   -2.38342D-01
    1.77236D-01    7.89647D+00    2.55522D+00
