12.0337
18.7242
23.0367
34.7097
39.1223
48.2792
56.4852
64.6558
70.1340
73.2366
76.2778
81.1890
86.6282
118.8107
131.7221
146.4594
148.6669
152.4443
183.5645
205.2393
216.8279
235.4541
240.3765
244.5083
246.4067
254.4749
261.0372
267.6222
273.8762
275.6217
301.8173
318.2570
324.3453
336.8391
345.3303
361.8423
378.3288
386.8198
408.1924
428.4170
447.2992
458.4462
460.6437
467.2908
490.1024
505.0713
521.1391
523.1225
531.6015
591.2118
625.8360
632.7948
642.5266
677.2289
679.4610
689.6685
709.4578
714.6127
719.4595
720.4163
737.1548
762.5097
766.9600
775.9219
793.0350
797.2287
808.7437
815.6909
834.6732
834.9114
841.9250
847.6834
864.5991
875.5908
901.5945
906.5797
907.6357
910.6319
926.4955
965.6348
973.7529
982.9994
1010.1372
1018.5070
1038.2998
1049.6059
1057.4489
1065.8894
1068.9679
1072.4539
1072.5405
1101.1012
1120.9290
1143.8395
1149.2809
1161.6803
1166.0500
1166.9925
1168.8028
1187.7882
1197.5379
1206.1751
1209.1842
1218.8103
1222.4988
1271.7588
1288.7555
1298.8338
1300.8311
1305.5073
1318.9060
1319.2235
1330.0182
1345.5962
1351.6458
1360.0892
1369.0634
1391.1462
1394.8553
1408.0150
1413.9809
1421.2519
1432.7186
1433.2530
1433.4270
1439.3406
1439.5584
1479.0369
1480.8009
1490.7306
1505.2897
1506.0220
1507.1079
1509.6239
1511.0520
1514.9684
1515.1244
1517.0217
1520.3061
1520.7419
1523.7629
1525.9656
1527.9594
1538.9836
1540.0747
1548.6622
1562.3539
1573.5332
1613.6824
1613.7091
1619.3640
1639.6438
1647.7285
1689.4241
1763.1350
3037.9833
3038.0697
3040.4605
3040.5042
3046.0640
3051.1950
3051.3320
3089.6987
3090.6174
3090.8336
3105.1477
3105.2177
3111.2687
3116.8606
3117.0207
3118.0588
3122.5969
3122.6900
3123.6645
3123.7156
3149.7140
3176.9118
3184.3108
3184.6579
3188.0663
3197.2207
3197.7453
3199.8064
3224.5468
3592.1396
3592.6519
0.0000
0.0000
0.0000
0.0000
