0.0257
0.7580
1.3228
0.5830
0.4040
0.8327
0.7074
4.5293
9.3972
1.7899
4.8073
0.6051
0.6416
0.3232
0.5790
1.7017
1.0370
0.5979
0.1737
1.7143
15.0921
4.4176
0.0277
1.3281
0.0686
1.5908
2.5415
0.1167
12.3008
2.0982
9.7885
1.6699
1.7552
1.4655
46.0264
0.3135
7.3087
0.0501
0.3376
1.7522
2.8931
13.6930
3.9004
9.1532
60.0713
11.2944
46.0065
80.4832
1.6533
0.0452
9.1436
83.3228
10.0897
7.6614
7.7270
1.6149
3.6279
19.1772
2.2069
14.2767
3.9236
5.3561
0.2500
33.5221
1.8775
1.4969
6.1381
0.0185
1.8394
2.1878
3.9284
77.6128
3.4440
9.6070
0.1330
11.8028
1.6609
1.2311
1.2896
2.3896
0.6974
0.1369
0.1010
26.9053
1.7354
100.2330
7.3527
52.5283
3.5414
0.7453
4.0643
128.0487
44.6586
16.3962
50.8484
3.5543
67.8230
47.8094
4.1189
22.8317
3.3998
32.4950
0.3897
0.0774
7.7403
428.2510
487.9471
10.4191
58.7714
525.9035
2.9539
3.2168
29.5171
29.8985
2.2602
515.1328
5.6131
46.8710
268.6794
988.7645
15.7683
96.5325
10.7674
1.7433
6.0624
2.1783
6.5679
2.5793
11.2200
89.9273
11.2812
366.0284
5.5614
19.3632
62.8139
23.5119
2.1062
28.7266
52.4680
5.2226
9.4084
14.8384
693.0637
37.8238
158.3029
139.0048
4.9484
8.8182
4.6875
12.0971
1.9724
6.6880
1494.5319
221.0374
248.9050
23.4963
13.0018
16.7746
21.6761
12.4739
61.2017
13.7428
14.7222
7.3694
7.8006
8.2771
7.6590
26.9720
36.4452
50.1406
12.7726
11.2419
16.0568
24.7373
14.9061
23.9803
0.9971
2.9932
5.2528
7.0142
5.3257
4.8527
12.4253
1.3647
107.3286
68.9149
0.0000
0.0000
0.0000
0.0000
