Reduced mass:
4.3932
3.7015
3.4407
3.5279
3.5536
4.8355
4.2318
4.2425
2.4697
2.6545
2.1832
2.3131
5.3436
4.0522
4.1330
4.1601
3.4695
4.0830
3.3774
3.1674
3.0808
1.5799
1.5771
1.1072
1.8064
4.2808
3.9773
3.0658
1.2013
1.3611
3.5538
3.1095
3.4001
3.8503
3.9083
3.4060
4.7809
3.8866
4.6595
3.7499
3.5976
2.8723
3.6134
3.0739
3.9995
4.8676
1.5670
1.3367
3.5645
4.1263
8.0272
5.2467
7.3716
6.2055
7.6908
4.8851
4.4813
4.5227
5.5371
3.1429
3.3066
4.0779
4.4870
1.9486
1.5240
3.8251
3.5109
3.7237
1.0995
1.1004
1.6317
1.7426
2.7717
3.1129
1.4755
1.4028
1.3757
3.6526
2.3492
2.3651
1.4621
2.0047
1.3184
3.3425
1.7108
1.6913
2.7607
3.0405
2.4170
1.4946
1.5048
3.7672
1.9905
2.6438
2.3873
2.3859
1.8582
1.4903
1.6722
3.1145
1.1293
1.8578
2.3342
6.4032
3.1947
1.5430
3.9040
1.6550
1.6704
3.7658
1.1147
1.1179
4.7677
1.1423
2.2434
1.7370
3.7203
1.8453
2.3221
3.1398
1.2764
3.2893
1.3192
1.2619
1.2958
1.2459
1.2347
2.1103
2.6684
2.6979
1.0543
1.2582
1.0690
1.0494
1.1020
1.0415
1.0426
1.0788
1.1579
2.0756
1.1332
1.2265
2.0070
1.2085
1.6469
1.7424
3.4568
3.7325
2.3652
3.7618
2.2183
5.4459
5.4370
6.7837
11.4244
1.0529
1.0525
1.0468
1.0472
1.0358
1.0463
1.0466
1.0623
1.0962
1.0962
1.0998
1.0998
1.0981
1.1024
1.1024
1.1032
1.1011
1.1010
1.0997
1.0999
1.1102
1.0876
1.0909
1.0911
1.0910
1.0900
1.0902
1.0959
1.0928
1.0758
1.0760
Geomtry of the first state:
    6           0        3.601857   -0.615171    0.420754
    6           0        3.486560   -1.965218   -0.082593
    6           0        2.199467   -2.478992   -0.355989
    6           0        1.070042   -1.731483   -0.121857
    6           0        1.140938   -0.419026    0.411831
    6           0        2.445190    0.088441    0.654082
    8           0       -0.126205   -2.308264   -0.407161
    6           0       -1.286608   -1.643573   -0.168839
    6           0       -1.280747   -0.328773    0.363967
    6           0       -0.049570    0.301565    0.629169
    6           0       -2.458262   -2.305088   -0.449220
    6           0       -3.713466   -1.696546   -0.226352
    6           0       -3.747933   -0.341305    0.275219
    6           0       -2.552340    0.274351    0.555804
    6           0       -0.010983    1.664895    1.242387
    6           0        0.042717    2.852157    0.484810
    6           0        0.073710    4.087659    1.142353
    6           0        0.052882    4.156650    2.530435
    6           0       -0.000138    2.984426    3.279456
    6           0       -0.032010    1.748493    2.637743
    6           0        0.065707    2.776083   -1.009400
    8           0        0.099951    3.987042   -1.579474
    6           0        0.125118    4.043906   -3.035225
    8           0        0.049838    1.733101   -1.626173
    6           0        1.543811    3.951323   -3.565122
    6           0        4.925478    0.084433    0.627980
    6           0       -5.022869    0.455184    0.431602
    7           0        4.538655   -2.784438   -0.351303
    6           0        5.919148   -2.763642    0.155447
    6           0        6.621185   -4.059709   -0.232668
    7           0       -4.811834   -2.435534   -0.538369
    6           0       -6.206916   -2.310032   -0.090112
    6           0       -6.987808   -3.549770   -0.510276
    1           0        2.082766   -3.485415   -0.743241
    1           0        2.526878    1.102322    1.027359
    1           0       -2.401512   -3.317770   -0.833568
    1           0       -2.573304    1.291663    0.928056
    1           0        0.114957    4.991947    0.549702
    1           0        0.077707    5.121352    3.024708
    1           0       -0.017009    3.027073    4.363103
    1           0       -0.073823    0.836996    3.224458
    1           0       -0.331479    5.005808   -3.264792
    1           0       -0.503321    3.242012   -3.421824
    1           0        1.540431    4.084294   -4.650307
    1           0        1.982192    2.976150   -3.346567
    1           0        2.175589    4.729662   -3.131624
    1           0        5.513872    0.111195   -0.292609
    1           0        4.754418    1.118343    0.929045
    1           0        5.540768   -0.377902    1.401512
    1           0       -4.787304    1.473166    0.743163
    1           0       -5.569716    0.526758   -0.511923
    1           0       -5.701854    0.039638    1.177908
    1           0        4.271087   -3.679397   -0.735437
    1           0        5.914175   -2.655809    1.244343
    1           0        6.463095   -1.915870   -0.261562
    1           0        7.651458   -4.050074    0.126258
    1           0        6.649305   -4.185148   -1.318319
    1           0        6.127133   -4.931235    0.206258
    1           0       -4.596593   -3.348357   -0.913232
    1           0       -6.667198   -1.423928   -0.527686
    1           0       -6.239605   -2.201854    0.998261
    1           0       -8.028560   -3.462086   -0.194801
    1           0       -6.579769   -4.455698   -0.052993
    1           0       -6.979748   -3.673711   -1.596430
Geomtry of the second state:
      6           0        3.801980   -0.768591    0.463588
      6           0        3.629988   -2.132538    0.018044
      6           0        2.326435   -2.577487   -0.283582
      6           0        1.232899   -1.767474   -0.099320
      6           0        1.342998   -0.434903    0.423752
      6           0        2.683586    0.008388    0.655335
      8           0        0.017009   -2.297408   -0.427537
      6           0       -1.104421   -1.557593   -0.236726
      6           0       -1.092984   -0.261399    0.259880
      6           0        0.206173    0.358703    0.596618
      6           0       -2.302616   -2.202793   -0.560565
      6           0       -3.555509   -1.557179   -0.382703
      6           0       -3.576844   -0.226580    0.118801
      6           0       -2.351992    0.355499    0.423928
      6           0        0.275756    1.702189    1.203316
      6           0       -0.088162    2.896576    0.529524
      6           0       -0.043856    4.120252    1.210315
      6           0        0.355223    4.187070    2.538815
      6           0        0.737032    3.021603    3.202138
      6           0        0.702548    1.800583    2.538557
      6           0       -0.430407    2.854459   -0.919925
      8           0       -0.631346    4.076084   -1.438571
      6           0       -0.945603    4.160922   -2.856652
      8           0       -0.515347    1.828802   -1.565704
      6           0        0.315341    4.193124   -3.700495
      6           0        5.161250   -0.134542    0.626264
      6           0       -4.830995    0.607392    0.260263
      7           0        4.662096   -3.004876   -0.195783
      6           0        5.948966   -3.093266    0.509822
      6           0        6.551361   -4.479106    0.309177
      7           0       -4.646786   -2.318176   -0.724061
      6           0       -6.051223   -2.166173   -0.349627
      6           0       -6.844434   -3.393047   -0.781621
      1           0        2.163441   -3.585481   -0.650696
      1           0        2.821145    1.037645    0.962235
      1           0       -2.251943   -3.220828   -0.931083
      1           0       -2.362776    1.368353    0.809067
      1           0       -0.313700    5.021968    0.676558
      1           0        0.377598    5.142470    3.050928
      1           0        1.052870    3.060644    4.239228
      1           0        0.978036    0.894566    3.067391
      1           0       -1.512677    5.087280   -2.941971
      1           0       -1.584884    3.318551   -3.120659
      1           0        0.052395    4.346089   -4.750739
      1           0        0.863913    3.252975   -3.623317
      1           0        0.970449    5.011238   -3.393478
      1           0        5.771984   -0.269574   -0.270330
      1           0        5.057841    0.937913    0.792736
      1           0        5.723532   -0.540794    1.470028
      1           0       -4.569229    1.610494    0.598132
      1           0       -5.353903    0.722349   -0.693163
      1           0       -5.541952    0.205485    0.984718
      1           0        4.372330   -3.883479   -0.601884
      1           0        5.798348   -2.902316    1.577628
      1           0        6.641740   -2.337907    0.134340
      1           0        7.518679   -4.544833    0.809909
      1           0        6.713848   -4.689392   -0.751496
      1           0        5.908765   -5.260427    0.724731
      1           0       -4.424912   -3.207617   -1.150238
      1           0       -6.468077   -1.268067   -0.812345
      1           0       -6.120388   -2.030138    0.735667
      1           0       -7.893340   -3.274419   -0.506486
      1           0       -6.476099   -4.300569   -0.295589
      1           0       -6.801549   -3.533425   -1.864963

