4.3932
3.7015
3.4407
3.5279
3.5536
4.8355
4.2318
4.2425
2.4697
2.6545
2.1832
2.3131
5.3436
4.0522
4.1330
4.1601
3.4695
4.0830
3.3774
3.1674
3.0808
1.5799
1.5771
1.1072
1.8064
4.2808
3.9773
3.0658
1.2013
1.3611
3.5538
3.1095
3.4001
3.8503
3.9083
3.4060
4.7809
3.8866
4.6595
3.7499
3.5976
2.8723
3.6134
3.0739
3.9995
4.8676
1.5670
1.3367
3.5645
4.1263
8.0272
5.2467
7.3716
6.2055
7.6908
4.8851
4.4813
4.5227
5.5371
3.1429
3.3066
4.0779
4.4870
1.9486
1.5240
3.8251
3.5109
3.7237
1.0995
1.1004
1.6317
1.7426
2.7717
3.1129
1.4755
1.4028
1.3757
3.6526
2.3492
2.3651
1.4621
2.0047
1.3184
3.3425
1.7108
1.6913
2.7607
3.0405
2.4170
1.4946
1.5048
3.7672
1.9905
2.6438
2.3873
2.3859
1.8582
1.4903
1.6722
3.1145
1.1293
1.8578
2.3342
6.4032
3.1947
1.5430
3.9040
1.6550
1.6704
3.7658
1.1147
1.1179
4.7677
1.1423
2.2434
1.7370
3.7203
1.8453
2.3221
3.1398
1.2764
3.2893
1.3192
1.2619
1.2958
1.2459
1.2347
2.1103
2.6684
2.6979
1.0543
1.2582
1.0690
1.0494
1.1020
1.0415
1.0426
1.0788
1.1579
2.0756
1.1332
1.2265
2.0070
1.2085
1.6469
1.7424
3.4568
3.7325
2.3652
3.7618
2.2183
5.4459
5.4370
6.7837
11.4244
1.0529
1.0525
1.0468
1.0472
1.0358
1.0463
1.0466
1.0623
1.0962
1.0962
1.0998
1.0998
1.0981
1.1024
1.1024
1.1032
1.1011
1.1010
1.0997
1.0999
1.1102
1.0876
1.0909
1.0911
1.0910
1.0900
1.0902
1.0959
1.0928
1.0758
1.0760
0.0000
0.0000
0.0000
0.0000
