             1           2           3           4           5           6           7           8           9          10
          0.00003     0.00003     0.00002     0.00001     0.00002     0.00003    36.03376    36.85103    58.94911   147.44340
    1     0.00158    -0.27731    -0.00078    -0.00704    -0.00023     0.06685     0.05031     0.07469     0.11943    -0.00494
    2    -0.00924    -0.00083     0.27716    -0.38606     0.07028    -0.00711     0.13448    -0.12869    -0.03893    -0.29594
    3    -0.27716    -0.00155    -0.00924     0.01283     0.00259    -0.21888    -0.00302     0.00227    -0.00032    -0.01412
    4     0.00146    -0.25671    -0.00072    -0.01950    -0.00049     0.14177     0.02692     0.03978     0.07968     0.00566
    5    -0.00855    -0.00077     0.25657    -0.13869     0.15144    -0.00220     0.02820    -0.07094    -0.03918    -0.33147
    6    -0.25657    -0.00143    -0.00855     0.00451     0.00704    -0.07795    -0.03581    -0.03380    -0.04023     0.01105
    7     0.00146    -0.25671    -0.00072     0.14090    -0.00027     0.25208    -0.02689    -0.17521     0.10468     0.11839
    8    -0.00855    -0.00077     0.25657    -0.11634     0.26618    -0.00146    -0.05829     0.18079    -0.11221    -0.19517
    9    -0.25657    -0.00143    -0.00855     0.00468    -0.09430    -0.06491     0.03283    -0.28533     0.02668    -0.09262
   10     0.00146    -0.25671    -0.00072     0.12536    -0.00058     0.33550    -0.05555    -0.23204     0.00580     0.10624
   11    -0.00855    -0.00077     0.25657     0.08574     0.35634     0.00262    -0.14491     0.22153    -0.01498     0.06577
   12    -0.25657    -0.00143    -0.00855    -0.00214    -0.08821     0.05035    -0.01233    -0.35974    -0.10201    -0.09846
   13     0.00146    -0.25671    -0.00072    -0.05015    -0.00111     0.31046    -0.03190    -0.06860    -0.12517    -0.01601
   14    -0.00855    -0.00077     0.25657     0.26075     0.33371     0.00587    -0.14306     0.02156     0.15869     0.16562
   15    -0.25657    -0.00143    -0.00855    -0.00897     0.01890     0.14992    -0.12717    -0.17981    -0.30461     0.00742
   16     0.00146    -0.25671    -0.00072    -0.21137    -0.00134     0.20176     0.02014     0.14896    -0.13700    -0.09868
   17    -0.00855    -0.00077     0.25657     0.23478     0.22072     0.00506    -0.05653    -0.22377     0.20739    -0.00956
   18    -0.25657    -0.00143    -0.00855    -0.00902     0.12069     0.13483    -0.19684     0.07253    -0.35016     0.15321
   19     0.00146    -0.25671    -0.00072    -0.19752    -0.00103     0.11647     0.05095     0.20389    -0.02859    -0.08853
   20    -0.00855    -0.00077     0.25657     0.03524     0.12860     0.00103     0.02937    -0.26678     0.10151    -0.25907
   21    -0.25657    -0.00143    -0.00855    -0.00230     0.11568     0.02100    -0.15095     0.14381    -0.21133     0.14056
   22     0.00042    -0.07440    -0.00021     0.07983     0.00004     0.07846    -0.01336    -0.08640     0.05657     0.06325
   23    -0.00248    -0.00022     0.07436    -0.07429     0.08198    -0.00118    -0.01646     0.09688    -0.06843    -0.08101
   24    -0.07435    -0.00042    -0.00248     0.00293    -0.05112    -0.04189     0.03523    -0.12012     0.04942    -0.05181
   25     0.00042    -0.07440    -0.00021     0.07246    -0.00012     0.12217    -0.02807    -0.11763     0.00611     0.05413
   26    -0.00248    -0.00022     0.07436     0.03077     0.12922     0.00094    -0.06191     0.12140    -0.01922     0.05630
   27    -0.07435    -0.00042    -0.00248    -0.00061    -0.04839     0.01803     0.01227    -0.16165    -0.01579    -0.05770
   28     0.00042    -0.07440    -0.00021    -0.01818    -0.00039     0.10929    -0.01617    -0.03268    -0.06305    -0.01350
   29    -0.00248    -0.00022     0.07436     0.12128     0.11759     0.00263    -0.06048     0.01777     0.07253     0.10974
   30    -0.07435    -0.00042    -0.00248    -0.00414     0.00692     0.06952    -0.04749    -0.06859    -0.12226    -0.00514
   31     0.00042    -0.07440    -0.00021    -0.10146    -0.00051     0.05317     0.01058     0.07910    -0.06750    -0.05582
   32    -0.00248    -0.00022     0.07436     0.10777     0.05924     0.00221    -0.01581    -0.10798     0.09556     0.01721
   33    -0.07435    -0.00042    -0.00248    -0.00417     0.05950     0.06168    -0.08393     0.06093    -0.14371     0.07469
   34     0.00042    -0.07440    -0.00021    -0.09392    -0.00035     0.00921     0.02590     0.10865    -0.01156    -0.04998
   35    -0.00248    -0.00022     0.07436     0.00382     0.01176     0.00011     0.02681    -0.12782     0.03900    -0.10550
   36    -0.07435    -0.00042    -0.00248    -0.00066     0.05667     0.00238    -0.05850     0.09492    -0.07015     0.06454
   37     0.00158    -0.27731    -0.00078     0.00923     0.00023    -0.06433     0.05735     0.06810     0.11965    -0.01323
   38    -0.00924    -0.00083     0.27716    -0.38611    -0.07026    -0.00750     0.15059    -0.10472     0.04993     0.29907
   39    -0.27716    -0.00155    -0.00924     0.01292    -0.00261    -0.21967    -0.00213     0.00336     0.00137     0.01608
   40     0.00146    -0.25671    -0.00072     0.02035     0.00049    -0.14089     0.02912     0.03590     0.07954    -0.00625
   41    -0.00855    -0.00077     0.25657    -0.13856    -0.15147    -0.00305     0.07283    -0.01226     0.04362     0.32801
   42    -0.25657    -0.00143    -0.00855     0.00473    -0.00708    -0.07952     0.02546     0.04366     0.04032    -0.00347
   43     0.00146    -0.25671    -0.00072    -0.14022     0.00027    -0.25132    -0.17348    -0.05731     0.09950     0.10895
   44    -0.00855    -0.00077     0.25657    -0.11713    -0.26616    -0.00296    -0.19464     0.02567     0.10415     0.19204
   45    -0.25657    -0.00143    -0.00855     0.00311     0.09429    -0.06769     0.28574     0.02170    -0.01456     0.10133
   46     0.00146    -0.25671    -0.00072    -0.12569     0.00058    -0.33609    -0.21957    -0.10076    -0.00164     0.10493
   47    -0.00855    -0.00077     0.25657     0.08483    -0.35637     0.00061    -0.24744     0.09902     0.00071    -0.06490
   48    -0.25657    -0.00143    -0.00855    -0.00354     0.08812     0.04652     0.34359     0.08403     0.11429     0.09818
   49     0.00146    -0.25671    -0.00072     0.04863     0.00111    -0.31219    -0.05651    -0.05157    -0.12850    -0.01199
   50    -0.00855    -0.00077     0.25657     0.26105    -0.33376     0.00400    -0.04139     0.13028    -0.16632    -0.16007
   51    -0.25657    -0.00143    -0.00855    -0.00842    -0.01887     0.14644     0.13732     0.16917     0.30395    -0.01880
   52     0.00146    -0.25671    -0.00072     0.21001     0.00134    -0.20329     0.14785     0.04091    -0.13424    -0.10080
   53    -0.00855    -0.00077     0.25657     0.23620    -0.22072     0.00385     0.21839     0.09181    -0.20195     0.01068
   54    -0.25657    -0.00143    -0.00855    -0.00668    -0.12067     0.13266    -0.12217     0.19127     0.33672    -0.16107
   55     0.00146    -0.25671    -0.00072     0.19717     0.00103    -0.11664     0.19089     0.08642    -0.02524    -0.10004
   56    -0.00855    -0.00077     0.25657     0.03639    -0.12853     0.00033     0.27218     0.02008    -0.09140     0.25449
   57    -0.25657    -0.00143    -0.00855    -0.00009    -0.11560     0.01968    -0.17614     0.12850     0.19973    -0.13805
   58     0.00042    -0.07440    -0.00021    -0.07939    -0.00004    -0.07799    -0.08532    -0.02773     0.05415     0.05956
   59    -0.00248    -0.00022     0.07436    -0.07479    -0.08200    -0.00165    -0.10158    -0.00037     0.06461     0.07942
   60    -0.07435    -0.00042    -0.00248     0.00204     0.05111    -0.04278     0.12567    -0.01314    -0.04311     0.05611
   61     0.00042    -0.07440    -0.00021    -0.07260     0.00012    -0.12237    -0.11117    -0.05048     0.00255     0.05480
   62    -0.00248    -0.00022     0.07436     0.03031    -0.12922     0.00021    -0.13245     0.03753     0.01202    -0.05581
   63    -0.07435    -0.00042    -0.00248    -0.00142     0.04838     0.01666     0.15892     0.01922     0.02230     0.05764
   64     0.00042    -0.07440    -0.00021     0.01744     0.00039    -0.11007    -0.02639    -0.02540    -0.06445    -0.00978
   65    -0.00248    -0.00022     0.07436     0.12139    -0.11758     0.00197    -0.02575     0.05321    -0.07624    -0.10645
   66    -0.07435    -0.00042    -0.00248    -0.00395    -0.00688     0.06830     0.05222     0.06369     0.12204    -0.00105
   67     0.00042    -0.07440    -0.00021     0.10077     0.00051    -0.05382     0.07884     0.02225    -0.06588    -0.05563
   68    -0.00248    -0.00022     0.07436     0.10841    -0.05920     0.00189     0.10787     0.03322    -0.09277    -0.01640
   69    -0.07435    -0.00042    -0.00248    -0.00304    -0.05945     0.06110    -0.08143     0.07564     0.13713    -0.07874
   70     0.00042    -0.07440    -0.00021     0.09387     0.00035    -0.00923     0.10215     0.04538    -0.00938    -0.05481
   71    -0.00248    -0.00022     0.07436     0.00446    -0.01175     0.00005     0.13262    -0.00255    -0.03362     0.10338
   72    -0.07435    -0.00042    -0.00248     0.00038    -0.05666     0.00232    -0.10588     0.04197     0.06435    -0.06331
            11          12          13          14          15          16          17          18          19          20
        149.25017   252.34826   299.52182   375.49513   375.72064   427.21091   442.63730   500.51724   541.55770   600.87143
    1    -0.15705    -0.03531     0.10783    -0.00889     0.00153    -0.10315    -0.26056    -0.18438    -0.33435     0.01764
    2    -0.07167     0.09898    -0.43677     0.01211    -0.01552    -0.20328     0.21568    -0.01138    -0.12105    -0.24360
    3    -0.05061     0.00881     0.11548     0.00256     0.01690    -0.25859    -0.00541     0.34292    -0.00764    -0.01316
    4    -0.24611     0.08581     0.10275    -0.00515     0.00595    -0.10082    -0.26791    -0.28744    -0.02971     0.00129
    5     0.07645     0.03971     0.15504     0.00858     0.00591     0.30796     0.13066     0.08608    -0.08756     0.18930
    6    -0.18499     0.20469     0.11524    -0.00787     0.01010    -0.17978    -0.19920    -0.02305     0.32174     0.00250
    7    -0.17208     0.04969    -0.03474     0.15301     0.13090     0.00034     0.10708     0.08242     0.11698     0.20201
    8     0.08760    -0.09870     0.22205    -0.19235    -0.15609    -0.00770    -0.01551     0.09474     0.16058     0.21595
    9    -0.17964     0.33320     0.02769     0.18770     0.16718     0.12707    -0.04732     0.01230     0.14054    -0.02130
   10    -0.00123    -0.11471    -0.05256    -0.14520    -0.12651    -0.02050     0.20531     0.17572     0.01442     0.11129
   11    -0.01575    -0.02321     0.01017     0.19517     0.16393    -0.12487    -0.03194     0.05706     0.15752    -0.19773
   12     0.04618     0.12954     0.00440    -0.19545    -0.16315     0.12580     0.03071     0.06690    -0.02893    -0.17166
   13     0.07039    -0.21671     0.11232     0.01119     0.00943    -0.20514     0.07839     0.18684     0.26131    -0.09135
   14    -0.13452     0.12891    -0.15675    -0.00159    -0.00525     0.10255     0.14283     0.09397    -0.09627    -0.05555
   15     0.26875    -0.11103     0.00553    -0.00891    -0.00840    -0.09852    -0.23098    -0.23035    -0.08499    -0.11621
   16    -0.10041     0.04609     0.09247     0.15834     0.13773     0.07757     0.08271     0.07685    -0.04031    -0.17688
   17    -0.03200    -0.03084     0.02508    -0.18953    -0.16132    -0.07650    -0.12903    -0.13256    -0.03949    -0.20767
   18     0.15188     0.07199    -0.15890     0.18182     0.15227     0.10916     0.00193    -0.06329    -0.18500     0.05276
   19    -0.27769     0.19110     0.11162    -0.15927    -0.12216     0.07974     0.00227    -0.01209     0.04058    -0.09273
   20     0.08358    -0.07466     0.19702     0.19616     0.16659     0.06414    -0.16023    -0.14952    -0.06689     0.21947
   21    -0.08499     0.26385    -0.09208    -0.21403    -0.17034     0.12651    -0.08109    -0.13524    -0.01455     0.19417
   22    -0.05885     0.02226    -0.04218     0.10464     0.08817     0.01622     0.08269     0.07613     0.02291     0.04964
   23     0.04302    -0.04716     0.09532    -0.13360    -0.11067    -0.03293    -0.05882    -0.02516     0.06490     0.05301
   24    -0.08880     0.14693     0.01237     0.12924     0.11351     0.10491    -0.02072    -0.02175    -0.01620     0.04986
   25     0.03062    -0.05419    -0.05287    -0.10630    -0.09194     0.02828     0.09154     0.05038    -0.09203     0.01686
   26    -0.01012    -0.01128    -0.00940     0.13498     0.11259    -0.09354    -0.06494    -0.04121     0.06697    -0.10199
   27     0.02280     0.03896     0.00712    -0.13521    -0.11258     0.09361     0.06049     0.06680    -0.04241    -0.00480
   28     0.07433    -0.12524     0.05494     0.00444     0.00267    -0.10106    -0.00621     0.03819     0.08419    -0.00593
   29    -0.08300     0.08818    -0.10880    -0.00149    -0.00269     0.06721     0.09013     0.04411    -0.04888     0.05037
   30     0.14698    -0.11296     0.02753    -0.00081    -0.00232    -0.08394    -0.09916    -0.08086    -0.00765    -0.00139
   31    -0.02256     0.03001     0.03565     0.10960     0.09242     0.08139     0.03918     0.02515    -0.06482     0.00393
   32    -0.02245    -0.02232     0.00698    -0.13328    -0.11070    -0.08613    -0.06620    -0.05462     0.04977    -0.10690
   33     0.07759     0.00453    -0.08194     0.13408     0.10845     0.06080     0.07682     0.06046    -0.08232     0.01414
   34    -0.11758     0.09618     0.05638    -0.10805    -0.08724     0.06509     0.04648     0.05952     0.04247     0.03057
   35     0.03847    -0.04297     0.08635     0.13228     0.11324    -0.02021    -0.07513    -0.04959     0.04234     0.05803
   36    -0.04372     0.10138    -0.04993    -0.13931    -0.11574     0.07653     0.01288    -0.01849    -0.05269     0.06339
   37     0.15767    -0.03451    -0.10641    -0.00878    -0.00082     0.11114    -0.25822     0.18055    -0.33455     0.01610
   38    -0.05816    -0.09890    -0.43712    -0.01721    -0.01379    -0.19840    -0.22015    -0.01186     0.11909     0.24436
   39    -0.04809    -0.00923     0.11423    -0.00036     0.01714    -0.25728    -0.00387     0.34512     0.00511     0.01320
   40     0.24752     0.08827    -0.10533    -0.00591    -0.00643     0.10586    -0.26863     0.28605    -0.02607     0.00217
   41     0.09173    -0.03933     0.15401    -0.00489     0.00625     0.31113    -0.12766     0.08680     0.08766    -0.18904
   42    -0.18212    -0.20364     0.11473     0.00886     0.01007    -0.18291     0.19315    -0.01822    -0.32151    -0.00196
   43     0.17796     0.05329     0.03309     0.12876    -0.15633    -0.00455     0.10790    -0.08338     0.11824     0.20192
   44     0.09661     0.09938     0.22204     0.16382    -0.18765    -0.00968     0.01666     0.09410    -0.15963    -0.21377
   45    -0.17308    -0.33317     0.02860    -0.15329     0.19575     0.12742     0.04936     0.01215    -0.13845     0.02299
   46     0.00422    -0.11394     0.05281    -0.12210     0.15249     0.01740     0.20538    -0.17573     0.01472     0.10729
   47    -0.01914     0.02170     0.01095    -0.16548     0.19767    -0.12393     0.02948     0.05696    -0.15685     0.19758
   48     0.05139    -0.13030     0.00489     0.16359    -0.19348     0.12481    -0.02504     0.06448     0.02789     0.17188
   49    -0.07292    -0.21718    -0.11140     0.01066    -0.01245     0.20403     0.08144    -0.18537     0.25856    -0.09279
   50    -0.14125    -0.13071    -0.15759     0.00202    -0.00809     0.10621    -0.14053     0.09198     0.09754     0.05443
   51     0.26758     0.10891     0.00440     0.00544    -0.00695    -0.09993     0.23085    -0.23145     0.08740     0.11480
   52     0.09589     0.04749    -0.09140     0.13060    -0.16287    -0.08066     0.08182    -0.07529    -0.04192    -0.17564
   53    -0.02957     0.03186     0.02426     0.15784    -0.19151    -0.08034     0.12972    -0.13254     0.03823     0.20501
   54     0.14578    -0.07217    -0.15954    -0.14980     0.17872     0.10946     0.00044    -0.06453     0.18423    -0.05455
   55     0.27421     0.19364    -0.11141    -0.13780     0.14925    -0.08008    -0.00193     0.01498     0.04056    -0.08865
   56     0.09607     0.07593     0.19694    -0.16423     0.20002     0.06206     0.16068    -0.14860     0.06735    -0.21929
   57    -0.08701    -0.26149    -0.09374     0.17979    -0.20287     0.12241     0.08508    -0.13550     0.01447    -0.19362
   58     0.06194     0.02383     0.04139     0.08776    -0.10484    -0.01930     0.08266    -0.07553     0.02265     0.05031
   59     0.04662     0.04755     0.09545     0.11247    -0.13188    -0.03511     0.05955    -0.02542    -0.06484    -0.05228
   60    -0.08562    -0.14685     0.01307    -0.10529     0.13245     0.10507     0.02271    -0.02242     0.01655    -0.04943
   61    -0.02907    -0.05414     0.05320    -0.08924     0.11047    -0.02965     0.09074    -0.05010    -0.09169     0.01612
   62    -0.01311     0.01052    -0.00873    -0.11447     0.13575    -0.09380     0.06302    -0.04063    -0.06719     0.10183
   63     0.02548    -0.03921     0.00745     0.11314    -0.13371     0.09326    -0.05712     0.06554     0.04088     0.00467
   64    -0.07597    -0.12625    -0.05463     0.00489    -0.00434     0.10166    -0.00477    -0.03776     0.08336    -0.00563
   65    -0.08797    -0.08950    -0.10945     0.00201    -0.00462     0.06958    -0.08924     0.04348     0.04952    -0.05007
   66     0.14651     0.11213     0.02710    -0.00089    -0.00087    -0.08458     0.09805    -0.08100     0.00858     0.00134
   67     0.02007     0.03040    -0.03490     0.09191    -0.11075    -0.08332     0.03904    -0.02540    -0.06579     0.00444
   68    -0.02247     0.02298     0.00680     0.11253    -0.13318    -0.08926     0.06624    -0.05480    -0.05122     0.10721
   69     0.07439    -0.00451    -0.08230    -0.11233     0.12896     0.06250    -0.07660     0.06030     0.08215    -0.01459
   70     0.11565     0.09704    -0.05621    -0.09282     0.10617    -0.06556     0.04449    -0.05858     0.04233     0.03165
   71     0.04352     0.04351     0.08629    -0.11145     0.13630    -0.02095     0.07430    -0.04931    -0.04165    -0.05749
   72    -0.04479    -0.10012    -0.05083     0.11661    -0.13774     0.07480    -0.00994    -0.01976     0.05275    -0.06266
            21          22          23          24          25          26          27          28          29          30
        610.46690   631.53727   678.03325   716.44319   736.64172   823.33358   831.46654   855.94821   879.15955   958.91987
    1    -0.02046    -0.01772     0.30437    -0.00759     0.22054    -0.15928     0.04510    -0.29422    -0.38653     0.01011
    2     0.05522    -0.48213     0.02106     0.15458     0.01213    -0.10915     0.02076     0.01841    -0.00003     0.00625
    3     0.02247    -0.01732     0.20779     0.01045     0.23206    -0.02539    -0.18258    -0.01648     0.02576    -0.00063
    4     0.02174    -0.07146     0.12130     0.16335    -0.07066    -0.06579     0.09392     0.09355     0.03879    -0.01478
    5     0.08325     0.07267    -0.07593    -0.22965     0.16606     0.12950    -0.13602    -0.11336    -0.11789    -0.00584
    6     0.08529    -0.02525    -0.02578     0.22910    -0.25273    -0.14111     0.15650     0.12435     0.17033     0.01600
    7     0.26377    -0.17112    -0.10345    -0.08053     0.05810     0.10771    -0.12270     0.05706     0.09019    -0.07957
    8     0.18247     0.07087     0.05486     0.12669    -0.14615    -0.09119     0.11311     0.05446     0.11377     0.13452
    9    -0.01647     0.02571    -0.22808    -0.11912    -0.03919     0.02639    -0.00920    -0.12403    -0.06222    -0.10875
   10     0.12159    -0.02826     0.12109     0.13413    -0.06217     0.02849    -0.05277     0.01747     0.01973    -0.05626
   11    -0.16014     0.03765    -0.21080    -0.14681     0.02792    -0.13257     0.15568    -0.17148    -0.16647     0.06429
   12    -0.26011     0.25740     0.05585     0.13989    -0.21172    -0.08474     0.11688    -0.20589    -0.18443    -0.07891
   13    -0.01947    -0.01803    -0.17807    -0.06287    -0.04459    -0.06592     0.07031    -0.23198    -0.23619    -0.01720
   14    -0.11020     0.11618     0.13135     0.09847    -0.04763    -0.07773     0.07877     0.03673     0.03363     0.00116
   15    -0.08257    -0.08466    -0.07406    -0.11362     0.11448     0.15733    -0.17152     0.09191     0.09059     0.00452
   16    -0.28567     0.23468     0.11280     0.07980    -0.04852     0.15622    -0.14231     0.19058     0.19018     0.08839
   17    -0.20735     0.01650    -0.08285    -0.16637     0.16671     0.09732    -0.09222     0.21339     0.18983    -0.09556
   18     0.01086     0.02532     0.17152     0.14358    -0.07243     0.04836    -0.06275     0.02082     0.03141     0.10714
   19    -0.12248     0.04732    -0.09739    -0.12726     0.08558     0.14249    -0.13445     0.07078     0.05188     0.06896
   20     0.13903     0.05026     0.17438     0.09814    -0.02766    -0.03213     0.06431     0.08166     0.02290    -0.09250
   21     0.23657    -0.17337    -0.12742    -0.12093     0.07197     0.05064    -0.04900    -0.12311    -0.13550     0.07301
   22     0.05392    -0.02234    -0.02913    -0.09060     0.10092    -0.09519     0.09743     0.06783     0.05744     0.17754
   23     0.06356    -0.00870     0.01084     0.12475    -0.15422     0.12953    -0.13345    -0.06605    -0.02267    -0.22441
   24     0.01559     0.02865    -0.04180    -0.12597     0.10960    -0.12256     0.14251     0.06861     0.05055     0.21962
   25    -0.01003     0.01607     0.09174    -0.01957     0.09917    -0.06912     0.05654     0.09850     0.06808     0.11352
   26    -0.05563    -0.03723    -0.07541     0.02273    -0.07445     0.11513    -0.11719    -0.08040    -0.07189    -0.14966
   27    -0.06611     0.11706     0.03900    -0.02580     0.03076    -0.16725     0.18207    -0.01072    -0.01527     0.14558
   28     0.02668    -0.03961    -0.07438    -0.10161     0.09139    -0.15987     0.16918     0.03503     0.02093    -0.00129
   29     0.04835    -0.00662     0.08398     0.14426    -0.12329     0.14756    -0.17517    -0.11354    -0.09815    -0.00063
   30     0.02646    -0.07246    -0.05269    -0.13611     0.16028    -0.14140     0.14671     0.14074     0.12325     0.00528
   31    -0.06162     0.09758     0.07775    -0.02550     0.07218    -0.04814     0.05767     0.13935     0.11081    -0.15510
   32    -0.06651    -0.03979    -0.07619     0.00988    -0.05405     0.15077    -0.15453    -0.03643    -0.01008     0.19619
   33    -0.02225     0.06089     0.08099    -0.00616     0.05536    -0.16345     0.15962     0.03436     0.01383    -0.20120
   34     0.00640     0.04174    -0.03858    -0.09823     0.08868    -0.09142     0.10565     0.08006     0.06157    -0.13716
   35     0.05640    -0.00467     0.01284     0.10368    -0.11811     0.12927    -0.12870    -0.08490    -0.05965     0.16623
   36     0.05306    -0.02399    -0.00636    -0.11308     0.12871    -0.12810     0.13870     0.07794     0.03639    -0.17696
   37     0.02075    -0.02156    -0.30656    -0.00897    -0.22291    -0.16002    -0.02813    -0.29974     0.38456     0.01082
   38     0.05373     0.48220     0.01872    -0.15456     0.01202     0.10954     0.01383    -0.01994     0.00155    -0.00622
   39     0.02263     0.01825     0.20407    -0.00863     0.22942     0.00986    -0.18449     0.01135     0.03059     0.00096
   40    -0.02313    -0.07152    -0.12090     0.16435     0.07052    -0.07314    -0.09082     0.09409    -0.03915    -0.01499
   41     0.08396    -0.07337    -0.07686     0.23145     0.16416    -0.14056    -0.12889     0.11361    -0.11637     0.00588
   42     0.08582     0.02410    -0.02699    -0.22863    -0.24966     0.15297     0.14711    -0.12320     0.16772    -0.01653
   43    -0.26625    -0.17023     0.10637    -0.08113    -0.05634     0.11430     0.11220     0.05848    -0.09039    -0.08490
   44     0.18264    -0.07170     0.05549    -0.12753    -0.14564     0.09960     0.10653    -0.05291     0.11105    -0.14167
   45    -0.01907    -0.02849    -0.22696     0.11753    -0.04048    -0.02461    -0.00640     0.12410    -0.06128     0.11397
   46    -0.11803    -0.02571    -0.12042     0.13482     0.06355     0.02933     0.04754     0.01493    -0.01668    -0.06130
   47    -0.16179    -0.03870    -0.21180     0.14719     0.02729     0.14179     0.14334     0.17514    -0.16576    -0.07055
   48    -0.26290    -0.25745     0.05483    -0.13885    -0.20980     0.09331     0.10892     0.20815    -0.18262     0.08415
   49     0.02118    -0.01769     0.17835    -0.06287     0.04466    -0.06793    -0.06079    -0.23365     0.23308    -0.02081
   50    -0.11071    -0.11592     0.13307    -0.09891    -0.04590     0.08329     0.07368    -0.03829     0.03504    -0.00595
   51    -0.08322     0.08418    -0.07233     0.11328     0.11379    -0.17018    -0.16016    -0.09710     0.09297     0.00019
   52     0.28766     0.23458    -0.11526     0.08043     0.04829     0.16683     0.13069     0.19537    -0.19043     0.09865
   53    -0.20620    -0.01492    -0.08405     0.16816     0.16718    -0.10069    -0.08041    -0.21529     0.18739     0.10903
   54     0.01390    -0.02224     0.17090    -0.14330    -0.07177    -0.05182    -0.05864    -0.01912     0.02893    -0.11865
   55     0.11915     0.04548     0.09802    -0.12847    -0.08518     0.15180     0.12351     0.07209    -0.05060     0.07103
   56     0.14069    -0.04994     0.17583    -0.09908    -0.02749     0.03781     0.06379    -0.08049     0.02185     0.09506
   57     0.23917     0.17365    -0.12748     0.11923     0.06938    -0.05317    -0.04552     0.12469    -0.13482    -0.07451
   58    -0.05491    -0.02199     0.02973    -0.09152    -0.10029    -0.10067    -0.09005     0.06592    -0.05550     0.18971
   59     0.06361     0.00868     0.01105    -0.12594    -0.15378    -0.13668    -0.12283     0.06327    -0.02050     0.24043
   60     0.01543    -0.02913    -0.04154     0.12514     0.10726     0.12882     0.13070    -0.06488     0.04739    -0.23151
   61     0.01127     0.01681    -0.09165    -0.02060    -0.09930    -0.07366    -0.05348     0.09719    -0.06588     0.12315
   62    -0.05615     0.03694    -0.07591    -0.02354    -0.07530    -0.12285    -0.10935     0.07944    -0.07035     0.16194
   63    -0.06610    -0.11669     0.03801     0.02612     0.03005     0.17791     0.16833     0.01461    -0.01715    -0.15585
   64    -0.02757    -0.04024     0.07479    -0.10276    -0.09245    -0.17193    -0.15858     0.03387    -0.02070     0.00525
   65     0.04826     0.00665     0.08493    -0.14599    -0.12421    -0.16122    -0.16742     0.11248    -0.09673     0.00805
   66     0.02632     0.07189    -0.05234     0.13614     0.15955     0.14993     0.13687    -0.13965     0.12137    -0.01329
   67     0.06225     0.09833    -0.07948    -0.02588    -0.07320    -0.05491    -0.05804     0.14084    -0.11021    -0.17256
   68    -0.06653     0.04115    -0.07817    -0.01031    -0.05559    -0.16396    -0.14658     0.03683    -0.01068    -0.21804
   69    -0.02192    -0.06049     0.08147     0.00623     0.05544     0.17604     0.14964    -0.03199     0.01221     0.22028
   70    -0.00776     0.04136     0.03888    -0.09954    -0.08948    -0.09947    -0.10103     0.07936    -0.06072    -0.14254
   71     0.05663     0.00475     0.01352    -0.10558    -0.11920    -0.13883    -0.12162     0.08408    -0.05904    -0.17284
   72     0.05331     0.02460    -0.00643     0.11305     0.12794     0.13636     0.12972    -0.07527     0.03475     0.18118
            31          32          33          34          35          36          37          38          39          40
        970.72569   990.52928   991.33582  1001.33225  1005.94872  1010.73603  1011.56057  1064.06732  1086.19732  1189.45926
    1    -0.00927    -0.02026     0.02340     0.00510     0.00180    -0.00883    -0.02206     0.23030    -0.27542     0.06470
    2    -0.00037    -0.00371    -0.01296     0.00873    -0.00216     0.00045    -0.00360     0.01229    -0.00601     0.00349
    3     0.00408    -0.01755     0.00450     0.00036     0.01583     0.01053     0.00137     0.02358     0.11905     0.00689
    4     0.01079     0.00348    -0.02886     0.00537    -0.01808     0.01372     0.02591    -0.17064     0.13235    -0.09641
    5     0.00160    -0.01568     0.04062    -0.03344     0.04876    -0.00210    -0.00802     0.02090    -0.03459    -0.00258
    6    -0.01007     0.01866    -0.04100     0.04834    -0.06212    -0.00969    -0.00526     0.08113    -0.04151     0.07042
    7     0.09939    -0.01120     0.07476     0.03441    -0.04408     0.06412     0.09531     0.19773    -0.18665     0.06665
    8    -0.13979     0.03748    -0.09651     0.00993     0.00338    -0.10784    -0.16003     0.27469    -0.26520     0.02856
    9     0.13020    -0.01781     0.09418     0.02434    -0.04053     0.08988     0.12996     0.16171    -0.15588    -0.01211
   10     0.05087    -0.01552     0.03132    -0.06339     0.10824    -0.08268    -0.12792    -0.01510     0.03246     0.02645
   11    -0.06258     0.01517    -0.04233     0.06522    -0.11555     0.11100     0.16680    -0.06753     0.04955     0.12911
   12     0.07226    -0.01877     0.04368    -0.09887     0.14593    -0.10410    -0.16282    -0.04172     0.02507     0.10411
   13     0.00291     0.05644    -0.20436     0.02566    -0.03136     0.00484     0.01278    -0.14035     0.11763    -0.21148
   14     0.00428    -0.08500     0.26231    -0.05931     0.05613     0.00787     0.00376    -0.00637     0.00201    -0.01076
   15    -0.00065     0.09102    -0.26561     0.07468    -0.06712    -0.01120    -0.00956     0.10564    -0.08498     0.15240
   16    -0.09284    -0.00862     0.03003    -0.06358     0.06611     0.08027     0.10986     0.03285    -0.01508    -0.08101
   17     0.11384     0.02710    -0.04862     0.11246    -0.11062    -0.11369    -0.14177     0.04318    -0.03464    -0.13316
   18    -0.11954    -0.02081     0.04597    -0.09600     0.09359     0.10749     0.13734     0.05402    -0.04941    -0.06387
   19    -0.06757    -0.02999     0.09892     0.04967    -0.06858    -0.07291    -0.09577    -0.08606     0.07858     0.03499
   20     0.08135     0.03199    -0.12454    -0.08696     0.10461     0.10252     0.14095    -0.28290     0.28508    -0.02313
   21    -0.08172    -0.04630     0.12284     0.04152    -0.06698    -0.08142    -0.10957    -0.25442     0.23737    -0.06095
   22    -0.19802     0.04159    -0.15521    -0.05116     0.08815    -0.11028    -0.16917     0.02522    -0.01393     0.16259
   23     0.25617    -0.04821     0.20054     0.08017    -0.12712     0.13825     0.21127     0.10641    -0.10768    -0.08657
   24    -0.24693     0.04790    -0.18053    -0.06461     0.10019    -0.13684    -0.20604     0.05172    -0.07660    -0.23851
   25    -0.10430     0.00440    -0.00030     0.13565    -0.21876     0.12910     0.20385    -0.12094     0.13432     0.21531
   26     0.14076    -0.00932     0.00242    -0.18410     0.29576    -0.15737    -0.25052    -0.04468     0.05782     0.14257
   27    -0.13734     0.00829    -0.00248     0.17428    -0.28583     0.15826     0.25045     0.00469    -0.02360    -0.02600
   28     0.00272    -0.10281     0.31289    -0.09232     0.09847     0.00982     0.00272    -0.03728     0.02669    -0.06452
   29    -0.00906     0.11751    -0.37929     0.10817    -0.11820    -0.00546     0.00318     0.00547     0.00829    -0.00488
   30     0.00203    -0.12485     0.39276    -0.10530     0.11660     0.00800    -0.00305     0.03093    -0.03220     0.04492
   31     0.18015     0.01640    -0.01161     0.15451    -0.16932    -0.12406    -0.15160    -0.08125     0.09407     0.09314
   32    -0.22401    -0.01557     0.01266    -0.18696     0.20760     0.15204     0.18767     0.07779    -0.07898    -0.12470
   33     0.23278     0.01727    -0.01561     0.20249    -0.22411    -0.16162    -0.19807     0.07786    -0.09901    -0.19662
   34     0.13051     0.05826    -0.19987    -0.12236     0.18266     0.10612     0.13108    -0.02133     0.06898     0.25096
   35    -0.15955    -0.07560     0.23319     0.13899    -0.20494    -0.11983    -0.15591    -0.13452     0.13490     0.10768
   36     0.16603     0.07563    -0.24595    -0.15568     0.22390     0.13122     0.16978    -0.01987     0.02396    -0.08750
   37     0.00886     0.03062    -0.00314     0.00733    -0.00050     0.01473    -0.01791     0.23241     0.27318     0.07050
   38     0.00026     0.00938     0.01019    -0.00889    -0.00018     0.00017     0.00349    -0.01093    -0.00447    -0.00313
   39     0.00407    -0.01351     0.01156     0.00495     0.01495     0.00972     0.00466    -0.02010     0.12269    -0.00234
   40    -0.00964    -0.02630    -0.01391     0.00651     0.01231    -0.02286     0.02178    -0.17169    -0.13222    -0.10230
   41     0.00067    -0.04471    -0.01007     0.04327     0.03560    -0.01104     0.01305    -0.02147    -0.03449     0.00159
   42    -0.00837     0.04704     0.00719    -0.06354    -0.04534    -0.00232    -0.00561    -0.08431    -0.04369    -0.07699
   43    -0.09191     0.06787     0.03411     0.03016     0.01893    -0.10313     0.07262     0.20195     0.18844     0.07118
   44    -0.12753     0.10401     0.02350    -0.03163    -0.01531    -0.15908     0.11358    -0.27441    -0.26216    -0.03076
   45     0.11813    -0.08734    -0.03850    -0.01354    -0.01342     0.13663    -0.09462    -0.16075    -0.15323     0.01327
   46    -0.04745     0.04010     0.00669    -0.07382    -0.06932     0.13430    -0.10331    -0.01579    -0.03254     0.03090
   47    -0.05857     0.04941     0.01383    -0.07168    -0.07110     0.17426    -0.13040     0.06829     0.04944    -0.13829
   48     0.06590    -0.05381    -0.01084     0.11221     0.08945    -0.16981     0.13011     0.04204     0.02507    -0.11147
   49    -0.00650    -0.20189    -0.06993     0.02734     0.02114    -0.01081     0.01395    -0.14038    -0.11633    -0.22541
   50    -0.00224    -0.26753    -0.07888     0.06684     0.03718     0.00169     0.00551     0.00534     0.00125     0.00849
   51     0.00624     0.27079     0.07398    -0.08416    -0.04363    -0.00447    -0.00227    -0.10790    -0.08598    -0.16811
   52     0.09129     0.02964     0.00691    -0.09189    -0.05835    -0.10004     0.06451     0.03329     0.01546    -0.09093
   53     0.11396     0.05724     0.00051    -0.15574    -0.09041    -0.13363     0.07755    -0.04368    -0.03442     0.14412
   54    -0.11691    -0.04960    -0.00451     0.13282     0.07742     0.12720    -0.07620    -0.05344    -0.04893     0.06770
   55     0.05974     0.09659     0.03316     0.08639     0.06473     0.09159    -0.05554    -0.08950    -0.08108     0.03721
   56     0.07141     0.11687     0.04740     0.13871     0.09426     0.12771    -0.08307     0.28332     0.28209     0.02753
   57    -0.07202    -0.12428    -0.03269    -0.08037    -0.06692    -0.10400     0.06413     0.25526     0.23596     0.06850
   58     0.18352    -0.15318    -0.05513    -0.04841    -0.04583     0.17971    -0.13280     0.02598     0.01511     0.16857
   59     0.23796    -0.19432    -0.07629    -0.08025    -0.06878     0.22855    -0.16787    -0.10747    -0.10715     0.09208
   60    -0.22577     0.17571     0.06386     0.05784     0.04800    -0.21780     0.15731    -0.05046    -0.07507     0.25381
   61     0.09681    -0.01305     0.00134     0.16606     0.14524    -0.21883     0.17133    -0.12120    -0.13287     0.23272
   62     0.13041    -0.02129     0.00383     0.22760     0.19839    -0.27072     0.21361     0.04381     0.05654    -0.15221
   63    -0.12590     0.01997    -0.00275    -0.21273    -0.18955     0.26638    -0.20960    -0.00560    -0.02467     0.03084
   64     0.00588     0.32004     0.09201    -0.10828    -0.06775     0.00258    -0.01278    -0.03687    -0.02612    -0.06740
   65     0.00125     0.38429     0.11792    -0.12717    -0.08148     0.01078    -0.01904    -0.00619     0.00747     0.00062
   66    -0.00801    -0.39353    -0.11775     0.12148     0.07949    -0.00770     0.01966    -0.03201    -0.03266    -0.05171
   67    -0.17577    -0.02091     0.01303     0.21191     0.13423     0.13543    -0.07415    -0.07969    -0.09218     0.09759
   68    -0.21849    -0.02153     0.01311     0.25779     0.16560     0.16700    -0.09259    -0.07763    -0.07898     0.13583
   69     0.22383     0.02504    -0.01310    -0.27411    -0.17496    -0.17359     0.09558    -0.08135    -0.10105     0.21401
   70    -0.11675    -0.19143    -0.06865    -0.19820    -0.15778    -0.11918     0.06256    -0.02251    -0.06921     0.27090
   71    -0.14256    -0.22805    -0.07363    -0.22558    -0.17851    -0.13753     0.07780     0.13419     0.13324    -0.11424
   72     0.14599     0.23403     0.08005     0.24547     0.19041     0.14734    -0.08342     0.02060     0.02341     0.09886
            41          42          43          44          45          46          47          48          49          50
       1192.69267  1213.44127  1213.90647  1279.81420  1280.05786  1285.38166  1289.39674  1341.38348  1341.68868  1366.46265
    1    -0.08705     0.00442     0.00836     0.00183    -0.00707    -0.01445     0.02316    -0.01199    -0.00430    -0.19060
    2    -0.00327     0.01800     0.01507    -0.00008     0.00350    -0.00034     0.00368     0.00191     0.02014    -0.01457
    3     0.04983    -0.00734     0.01580     0.00199     0.00521     0.01790    -0.00087    -0.01338     0.00165    -0.03630
    4     0.09735    -0.01031    -0.02740    -0.01364     0.03817     0.03139    -0.04261     0.03039    -0.03904     0.34263
    5     0.00404    -0.04456    -0.07657    -0.01409     0.05023    -0.01652     0.01615     0.07268    -0.14686     0.01555
    6    -0.06610    -0.03015    -0.06573    -0.00272     0.01646    -0.04944     0.05258     0.05677    -0.11620    -0.23619
    7    -0.09778     0.08918     0.14562    -0.02084     0.06490    -0.00505    -0.00831    -0.05470     0.11193     0.13710
    8    -0.05902     0.05247     0.07913    -0.00760     0.02605     0.04930    -0.06944     0.02029    -0.04329     0.06341
    9     0.00687    -0.01514    -0.02800     0.00971    -0.02848     0.05115    -0.05832     0.06380    -0.13298    -0.05409
   10    -0.02009    -0.00681    -0.01113    -0.00376     0.02198     0.03874    -0.04545    -0.05243     0.10320    -0.02426
   11    -0.15036     0.05541     0.07939    -0.00732     0.03184     0.06109    -0.07816    -0.04100     0.08783     0.14274
   12    -0.12842     0.05871     0.08380    -0.00524     0.01117     0.03052    -0.04354    -0.00267     0.00653     0.15360
   13     0.24073    -0.02745    -0.01930     0.00544    -0.01090    -0.01485     0.02425    -0.02100     0.03997    -0.14782
   14     0.01747    -0.05061    -0.08681     0.00288    -0.01028    -0.00145     0.00314    -0.06854     0.13634    -0.01540
   15    -0.16706    -0.03069    -0.07735    -0.00111    -0.00407     0.01184    -0.02048    -0.05159     0.10347     0.10182
   16     0.09027     0.04176     0.09368     0.00356    -0.00485    -0.00941     0.01498     0.02538    -0.05711    -0.13253
   17     0.14301     0.05132     0.11462     0.00932    -0.03548    -0.04723     0.06296    -0.02644     0.05174    -0.15515
   18     0.06627     0.01734     0.04031     0.00594    -0.02687    -0.04245     0.05344    -0.04684     0.09379    -0.05532
   19    -0.03309    -0.04089    -0.07371     0.02339    -0.09035    -0.01051     0.02347     0.06473    -0.13180     0.11581
   20     0.04455     0.04180     0.09000     0.01195    -0.04466    -0.03774     0.05811     0.03141    -0.06518    -0.03860
   21     0.07400     0.07345     0.15251    -0.00579     0.03110    -0.02620     0.03747    -0.01997     0.03992    -0.12136
   22    -0.19041     0.13938     0.22201     0.03484    -0.15227    -0.10373     0.13545     0.10452    -0.20048     0.03113
   23     0.09103    -0.06370    -0.10087    -0.03170     0.12915     0.08788    -0.11935    -0.07949     0.15298     0.03560
   24     0.26172    -0.17773    -0.28867    -0.06116     0.26282     0.17846    -0.23932    -0.16565     0.31808     0.02729
   25    -0.20951    -0.12962    -0.25421    -0.12583     0.49944     0.10318    -0.17562     0.15260    -0.31610    -0.11040
   26    -0.14512    -0.04812    -0.10439    -0.06492     0.25149     0.06477    -0.10609     0.06911    -0.14541    -0.01059
   27     0.01510     0.05565     0.09983     0.03524    -0.13766    -0.01699     0.03299    -0.04861     0.10338     0.08597
   28     0.08277    -0.08963    -0.14761     0.06378    -0.21834     0.05857    -0.04173     0.04232    -0.08572    -0.04207
   29     0.02980    -0.20823    -0.37199     0.14431    -0.50806     0.15133    -0.12968     0.08860    -0.18651     0.01388
   30    -0.03593    -0.13234    -0.23932     0.09345    -0.32705     0.10081    -0.08368     0.05741    -0.11591     0.05046
   31    -0.10143     0.07788     0.13345     0.04578    -0.12173     0.20946    -0.23350    -0.08923     0.17510    -0.13767
   32     0.13611    -0.03127    -0.03933    -0.02758     0.07313    -0.16308     0.18760     0.05962    -0.11865     0.01280
   33     0.21385    -0.08970    -0.14619    -0.06431     0.16045    -0.32308     0.36398     0.12879    -0.25373     0.12694
   34    -0.22828    -0.17887    -0.32954    -0.00659    -0.04554    -0.29717     0.34313    -0.18664     0.36590    -0.03455
   35    -0.09896    -0.07366    -0.12667    -0.00285    -0.02053    -0.16392     0.19380    -0.09440     0.18413    -0.04586
   36     0.09279     0.07348     0.13657     0.00239     0.01237     0.08339    -0.09369     0.05808    -0.11294    -0.02927
   37     0.08130     0.01098    -0.00628     0.00378     0.00149     0.01785     0.01996     0.00969    -0.00961    -0.20756
   38    -0.00216    -0.02328     0.00370     0.00317     0.00187    -0.00062    -0.00328    -0.01053    -0.01738     0.01400
   39     0.05124    -0.00056     0.01779     0.00116     0.00590     0.01808    -0.00214    -0.01150     0.00787     0.02090
   40    -0.08960    -0.02685     0.02042    -0.03416    -0.00767    -0.04049    -0.03667    -0.05365    -0.01570     0.37220
   41     0.00265     0.07732    -0.04242     0.05270     0.01369    -0.01427    -0.01132     0.14535     0.07411    -0.01281
   42    -0.06257     0.05751    -0.03936     0.02376     0.00590    -0.05576    -0.04242     0.11150     0.05790     0.26543
   43     0.09025     0.15411    -0.07983    -0.06499    -0.01443    -0.00319    -0.01167     0.10645     0.05507     0.14987
   44    -0.05460    -0.08692     0.04097     0.01709     0.00631     0.06214     0.06056     0.04343     0.02321    -0.06853
   45     0.00691     0.02881    -0.01706    -0.03770    -0.00604     0.05722     0.04771     0.13054     0.06846     0.06132
   46     0.02140    -0.00865     0.00453    -0.01492    -0.00848    -0.04848    -0.03993     0.10408     0.05157    -0.01946
   47    -0.13902    -0.09160     0.04089     0.02025     0.00971     0.07414     0.06621    -0.08132    -0.04398    -0.15818
   48    -0.11866    -0.09597     0.04247     0.00639     0.00058     0.03658     0.03633    -0.00180    -0.00164    -0.16805
   49    -0.22164    -0.03969     0.00547     0.01067     0.00072     0.01774     0.01983     0.04598     0.02209    -0.16051
   50     0.01308     0.08769    -0.04812    -0.00923    -0.00250    -0.00151    -0.00199    -0.13664    -0.06877     0.01513
   51    -0.15934     0.06189    -0.04846    -0.00332    -0.00304     0.01484     0.01799    -0.10087    -0.05110    -0.11384
   52    -0.08753     0.08410    -0.05916     0.00516    -0.00054     0.01363     0.01435    -0.05116    -0.02922    -0.14990
   53     0.13364    -0.09968     0.07008    -0.02880    -0.01046    -0.05954    -0.05474    -0.05537    -0.02715     0.16897
   54     0.06060    -0.03288     0.02398    -0.02039    -0.00918    -0.05210    -0.04565    -0.09538    -0.04842     0.05587
   55     0.03037    -0.07276     0.04190     0.08573     0.02596     0.02446     0.02628    -0.13248    -0.06800     0.12596
   56     0.04396    -0.07979     0.05448    -0.03727    -0.01222    -0.05222    -0.05338     0.06355     0.03336     0.04252
   57     0.07145    -0.14095     0.09277     0.03387     0.01144    -0.02962    -0.03137    -0.04269    -0.02117     0.13446
   58     0.17066     0.23115    -0.11667     0.12765     0.04794     0.13823     0.12132    -0.19993    -0.09683     0.03257
   59     0.08364     0.10761    -0.05408     0.11237     0.03964     0.12108     0.10996    -0.15606    -0.07594    -0.04040
   60     0.24013     0.30523    -0.15745     0.22736     0.08382     0.24574     0.22090    -0.32578    -0.15773    -0.03258
   61     0.19619    -0.23315     0.14599    -0.47389    -0.14862    -0.17883    -0.17639    -0.31041    -0.16211    -0.12291
   62    -0.13393     0.08879    -0.06119     0.23436     0.07248     0.10418     0.10247     0.14118     0.07476     0.01221
   63     0.01658    -0.10027     0.05756    -0.13827    -0.04234    -0.03801    -0.03776    -0.10297    -0.05513    -0.09637
   64    -0.07507    -0.16084     0.08466     0.23332     0.05789    -0.04517    -0.02402    -0.08679    -0.04433    -0.04788
   65     0.02291     0.37214    -0.21232    -0.52413    -0.13412     0.12033     0.08153     0.18229     0.09661    -0.01095
   66    -0.03700     0.23597    -0.13656    -0.33648    -0.08532     0.08022     0.05176     0.11540     0.05863    -0.05214
   67     0.09178     0.13735    -0.07512     0.15819     0.02180    -0.22579    -0.18462     0.17234     0.08502    -0.14701
   68     0.12807     0.05157    -0.01981     0.10321     0.01328    -0.18393    -0.15428     0.11787     0.05905    -0.01287
   69     0.20106     0.16074    -0.08319     0.22346     0.02591    -0.36168    -0.29808     0.25461     0.12653    -0.13647
   70     0.21351    -0.31948     0.18747    -0.01478     0.03012     0.34933     0.28741     0.36975     0.18317    -0.03876
   71    -0.09125     0.12529    -0.06850     0.01134    -0.01325    -0.19096    -0.16089    -0.18405    -0.09053     0.04955
   72     0.09057    -0.13570     0.08059    -0.00519     0.00916     0.10133     0.08123     0.11867     0.05831     0.03189
            51          52          53          54          55          56          57          58          59          60
       1376.55972  1590.61008  1595.01406  1614.38988  1619.59751  1636.41681  1637.21167  1843.96218  1846.22148  1853.11427
    1    -0.19512    -0.01977    -0.00127     0.02008    -0.00424    -0.07125    -0.05670    -0.01267    -0.00317     0.01824
    2    -0.00758     0.00069    -0.01126     0.00889    -0.03356    -0.00565    -0.01119    -0.00487     0.01262     0.01476
    3     0.14249    -0.00292    -0.00739     0.01500     0.00969     0.05297    -0.01610    -0.00595     0.02024    -0.03206
    4     0.37606     0.13340     0.09652    -0.08087     0.05831     0.32883     0.19592     0.16145    -0.02268    -0.17214
    5     0.01902     0.29135     0.23543    -0.14518     0.21502     0.02275     0.04591     0.31345    -0.20235    -0.14600
    6    -0.26539     0.19523     0.16029    -0.09336     0.16994    -0.24323    -0.10491     0.19521    -0.18424    -0.01223
    7     0.14299     0.09754     0.12179     0.22974    -0.23262    -0.05338    -0.06587    -0.02209    -0.12575     0.17039
    8     0.05427    -0.12610    -0.10175     0.04959    -0.10574     0.19221     0.09248    -0.15912     0.13515     0.02782
    9    -0.07059    -0.20834    -0.20174    -0.12900     0.07411     0.23070     0.14294    -0.14667     0.23498    -0.10328
   10    -0.00756    -0.21040    -0.22048    -0.20998     0.24017    -0.24431    -0.10837     0.21580     0.05546    -0.30053
   11     0.15511    -0.13800    -0.12171     0.01930    -0.01448    -0.19811    -0.11877     0.20535    -0.06361    -0.15363
   12     0.16155     0.02701     0.05212     0.18509    -0.20286    -0.00368    -0.03609     0.03390    -0.10670     0.08668
   13    -0.15331     0.12325     0.10004    -0.06274     0.05903     0.19558     0.12316    -0.17006     0.02483     0.15709
   14    -0.01668     0.28517     0.23548    -0.13196     0.20421     0.01290     0.04773    -0.34322     0.20430     0.14535
   15     0.10438     0.18507     0.15418    -0.08145     0.15548    -0.13944    -0.04923    -0.20594     0.18117     0.02133
   16    -0.14700     0.09555     0.12151     0.23630    -0.23971    -0.08683    -0.08260     0.03963     0.12572    -0.17993
   17    -0.16842    -0.12519    -0.10869     0.02983    -0.09459     0.18089     0.08579     0.16690    -0.14559    -0.02188
   18    -0.04966    -0.19797    -0.20208    -0.15648     0.09817     0.24476     0.14585     0.13154    -0.24372     0.12540
   19     0.12418    -0.21370    -0.20650    -0.16618     0.20621    -0.22285    -0.09432    -0.22510    -0.04490     0.29927
   20    -0.03302    -0.14276    -0.11472     0.04730    -0.03480    -0.21310    -0.12505    -0.19672     0.07315     0.14634
   21    -0.12050     0.03007     0.05447     0.17884    -0.19774    -0.02629    -0.04417    -0.01416     0.10673    -0.10053
   22     0.02265     0.02278     0.02020    -0.00025    -0.01788     0.12825     0.07132    -0.04140     0.02668     0.01157
   23     0.04214    -0.03547    -0.02017     0.07133    -0.07813    -0.03576    -0.03394    -0.02126    -0.00702     0.03699
   24     0.03728    -0.04986    -0.03127     0.07343    -0.06686    -0.13015    -0.08636     0.00699    -0.02658     0.02548
   25    -0.12571    -0.05051    -0.03484     0.05502    -0.09506     0.14947     0.07024    -0.03264    -0.00398     0.04212
   26    -0.01391    -0.03814    -0.02162     0.06924    -0.09227     0.04807     0.01076     0.00855    -0.02777     0.02220
   27     0.09124     0.00468     0.00630     0.02512    -0.01609    -0.06757    -0.04095     0.04140    -0.02565    -0.01492
   28    -0.05481    -0.00591     0.00368     0.05651    -0.07758     0.06206     0.02473     0.01386    -0.02979     0.01718
   29    -0.00046    -0.01391     0.00900     0.13786    -0.15825     0.00277    -0.02431     0.05034    -0.03076    -0.01534
   30     0.03567    -0.00960     0.00670     0.09109    -0.09623    -0.04937    -0.04008     0.03577    -0.00303    -0.03748
   31    -0.14699     0.01970     0.01400    -0.00636    -0.01448     0.11433     0.06238     0.04265    -0.03164    -0.01007
   32     0.01405    -0.03229    -0.01694     0.06937    -0.07747    -0.03994    -0.03479     0.02677     0.00455    -0.03402
   33     0.13220    -0.04946    -0.03109     0.07032    -0.06380    -0.12784    -0.08091    -0.00538     0.03166    -0.02494
   34    -0.05191    -0.05424    -0.04044     0.04916    -0.09729     0.16163     0.07728     0.03557     0.00101    -0.04052
   35    -0.04931    -0.03871    -0.02311     0.06753    -0.09323     0.05196     0.01488    -0.00479     0.02821    -0.02385
   36    -0.02864     0.00596     0.00972     0.02658    -0.01557    -0.09009    -0.05137    -0.03445     0.02600     0.01124
   37     0.17424     0.01756    -0.00078    -0.02020    -0.00057     0.02927    -0.08557     0.01074     0.00036     0.01969
   38    -0.00509     0.00318     0.01036     0.01460     0.03156     0.00069     0.01200     0.00050    -0.01317    -0.01504
   39     0.14798    -0.00198     0.00825     0.01353    -0.01099     0.05415    -0.01497    -0.00411    -0.02230     0.03193
   40    -0.33890    -0.11823     0.10161     0.09446     0.04479    -0.17557     0.34186    -0.13062    -0.05884    -0.19830
   41     0.01367     0.25758    -0.25237    -0.19072    -0.19317     0.00092    -0.05934     0.22779     0.27938     0.18100
   42    -0.24707     0.17557    -0.17599    -0.12991    -0.15920    -0.14725     0.21352     0.13500     0.23832     0.02811
   43    -0.12922    -0.08783     0.14083    -0.25425    -0.18881     0.00691    -0.07511     0.03498    -0.13239     0.18330
   44     0.04841    -0.11589     0.11492     0.07131     0.09987     0.11110    -0.17640    -0.11227    -0.17905    -0.04171
   45    -0.06577    -0.19266     0.23369    -0.12839    -0.04715     0.11569    -0.23565    -0.09001    -0.28926     0.10061
   46     0.00057     0.18556    -0.24376     0.22625     0.19594     0.15406    -0.23352    -0.18403     0.02160    -0.33875
   47     0.14228    -0.11790     0.12612     0.03232     0.01523    -0.10717     0.21030     0.15813     0.10732     0.17812
   48     0.14625     0.02818    -0.06722     0.21435     0.17164     0.01765     0.02800     0.01247     0.12532    -0.09408
   49     0.13800    -0.10862     0.10504     0.08316     0.05429    -0.10230     0.21266     0.13886     0.06313     0.18224
   50    -0.01364     0.25431    -0.25518    -0.17686    -0.18589    -0.00764    -0.05728    -0.25284    -0.28612    -0.18185
   51     0.09674     0.16855    -0.17220    -0.11146    -0.14310    -0.08817     0.11103    -0.14337    -0.23534    -0.03831
   52     0.13775    -0.08856     0.14388    -0.26588    -0.19729     0.02683    -0.10871    -0.04889     0.12326    -0.18835
   53    -0.15213    -0.11781     0.12678     0.04775     0.09019     0.10438    -0.16428     0.11704     0.19042     0.03664
   54    -0.04073    -0.18811     0.24113    -0.16530    -0.07030     0.12627    -0.24706     0.07669     0.29003    -0.11957
   55    -0.11224     0.19227    -0.23154     0.18576     0.17479     0.14248    -0.20728     0.18982    -0.00246     0.33309
   56    -0.03017    -0.12315     0.11905     0.05858     0.02725    -0.11647     0.22274    -0.14986    -0.11693    -0.17058
   57    -0.11097     0.03232    -0.07115     0.20863     0.16803     0.00202     0.04857     0.00286    -0.11806     0.10525
   58    -0.01935    -0.01728     0.01863    -0.00307    -0.01959    -0.07056     0.12732     0.03087     0.03683     0.01636
   59     0.03957    -0.03013     0.01835     0.08403     0.06561    -0.01373     0.04927    -0.01754     0.00463    -0.04127
   60     0.03596    -0.04138     0.02845     0.08484     0.05343    -0.06658     0.14520     0.00308     0.03170    -0.02664
   61     0.11596     0.04893    -0.04162    -0.07134    -0.08719    -0.08808     0.13682     0.02649     0.00103     0.04717
   62    -0.01313    -0.03466     0.02290     0.08370     0.08029     0.03347    -0.03285     0.00355     0.03227    -0.02284
   63     0.08482     0.00687    -0.01082     0.02682     0.01066    -0.03650     0.07198     0.03094     0.03619     0.01946
   64     0.05161     0.00636     0.00441    -0.06949    -0.06919    -0.03880     0.05307    -0.00764    -0.03569     0.01698
   65    -0.00389    -0.01055    -0.01567     0.16089     0.13396     0.01395     0.01999     0.03729     0.04320     0.01989
   66     0.02974    -0.00617    -0.01283     0.10539     0.08003    -0.02156     0.06108     0.02822     0.00995     0.04206
   67     0.13028    -0.01384     0.01063     0.00402    -0.01635    -0.06269     0.11169    -0.03110    -0.04247    -0.01477
   68     0.01175    -0.02724     0.01476     0.08206     0.06555    -0.01642     0.05185     0.02193     0.00021     0.03729
   69     0.11801    -0.04022     0.02705     0.08231     0.05194    -0.06659     0.13819    -0.00058    -0.03563     0.02507
   70     0.04802     0.05148    -0.04690    -0.06821    -0.09166    -0.09368     0.14797    -0.02863    -0.00471    -0.04576
   71    -0.04416    -0.03496     0.02416     0.08276     0.08175     0.03394    -0.03713    -0.00102    -0.03195     0.02335
   72    -0.02568     0.00794    -0.01442     0.02701     0.00864    -0.05030     0.09287    -0.02549    -0.03428    -0.01666
            61          62          63          64          65          66          67          68          69          70
       1863.57176  2046.89154  2961.33773  2963.44394  2985.20151  2987.14687  3001.78912  3004.11677  3021.81389  3022.66067
    1     0.00024     0.03198    -0.00041     0.00028    -0.00095    -0.00004     0.00015    -0.00022     0.00013     0.00014
    2    -0.00069     0.03036    -0.00061    -0.00046    -0.00038     0.00041     0.00004    -0.00073     0.00031     0.00048
    3    -0.01211    -0.70388    -0.00010     0.00045     0.00105    -0.00085     0.00046     0.00262    -0.00075     0.00047
    4    -0.10452    -0.00873    -0.00464    -0.00003     0.00125    -0.00043     0.01001    -0.00455    -0.00190    -0.00160
    5     0.05893     0.00038     0.00002    -0.00018     0.00014    -0.00040     0.00031     0.00011    -0.00351    -0.00552
    6     0.14168     0.01396     0.00433     0.00016    -0.00050     0.00025    -0.00923     0.00423    -0.00259    -0.00508
    7     0.22499    -0.02463    -0.03166    -0.00089     0.06155    -0.00359     0.08420    -0.04200     0.06941     0.11652
    8    -0.09409     0.00824    -0.03095    -0.00050     0.06152    -0.00360     0.08362    -0.04153     0.06441     0.10809
    9    -0.26705     0.02801    -0.00804    -0.00003     0.01571    -0.00080     0.02043    -0.01030     0.01193     0.02072
   10    -0.26102     0.01757    -0.01504    -0.00022     0.01753    -0.00065    -0.00081     0.00084    -0.00929    -0.01546
   11    -0.05719     0.00386     0.08125     0.00262    -0.11133     0.00471    -0.04182     0.01760     0.03523     0.06290
   12     0.14689    -0.00919     0.09333     0.00266    -0.12582     0.00513    -0.04133     0.01667     0.04232     0.07479
   13     0.09343    -0.00294     0.14607     0.00537     0.01785    -0.00376     0.12636    -0.05963    -0.00528    -0.01543
   14    -0.06074     0.00023     0.00716     0.00029     0.00553    -0.00029     0.00637    -0.00300    -0.00352    -0.00595
   15    -0.13144     0.00322    -0.10832    -0.00392    -0.00850     0.00266    -0.09440     0.04452     0.00087     0.00672
   16    -0.22935     0.00699    -0.07811    -0.00085    -0.11930     0.00352     0.05563    -0.02881     0.03292     0.04738
   17     0.10397    -0.00275    -0.07660    -0.00110    -0.11979     0.00334     0.06251    -0.03229     0.03088     0.04332
   18     0.28449    -0.00828    -0.01376    -0.00044    -0.02391     0.00041     0.01780    -0.00924     0.00414     0.00531
   19     0.25315    -0.01942    -0.00230    -0.00008    -0.00555    -0.00001     0.00878    -0.00523    -0.01253    -0.01868
   20     0.04779    -0.00830     0.02292    -0.00013     0.04833     0.00075    -0.07660     0.04246     0.06380     0.09442
   21    -0.15619     0.00144     0.02442    -0.00020     0.05103     0.00097    -0.08113     0.04551     0.07121     0.10552
   22    -0.01469    -0.00009     0.12934     0.00331    -0.23866     0.01367    -0.30175     0.14961    -0.22654    -0.37986
   23     0.03034    -0.00351     0.12521     0.00324    -0.23177     0.01317    -0.29306     0.14499    -0.21821    -0.36535
   24     0.04212    -0.00097     0.02808     0.00076    -0.05148     0.00295    -0.06463     0.03201    -0.04567    -0.07719
   25     0.03147    -0.00237     0.05384     0.00178    -0.06433     0.00259    -0.01802     0.00740     0.02019     0.03545
   26     0.03830    -0.00036    -0.31590    -0.00958     0.39326    -0.01621     0.13121    -0.05465    -0.11423    -0.20261
   27     0.01010    -0.00322    -0.35867    -0.01073     0.44710    -0.01829     0.14551    -0.05995    -0.13068    -0.23180
   28     0.03941    -0.00015    -0.54784    -0.02042    -0.05717     0.01279    -0.41637     0.19620     0.01335     0.04168
   29     0.01152    -0.00021    -0.02856    -0.00100    -0.00561     0.00058    -0.02271     0.01060     0.00257     0.00529
   30    -0.02142    -0.00129     0.40538     0.01505     0.03887    -0.00920     0.31010    -0.14608    -0.00838    -0.02885
   31     0.01845     0.00139     0.30023     0.00439     0.42529    -0.01263    -0.19922     0.10545    -0.09862    -0.14169
   32    -0.02819     0.00363     0.30226     0.00418     0.43016    -0.01255    -0.20489     0.10823    -0.09892    -0.14136
   33    -0.04444     0.00088     0.05931     0.00076     0.08604    -0.00245    -0.04383     0.02294    -0.01831    -0.02614
   34    -0.03096     0.00446     0.01503    -0.00011     0.02960     0.00003    -0.04319     0.02413     0.03772     0.05559
   35    -0.04497    -0.00170    -0.09529     0.00001    -0.18613    -0.00175     0.27106    -0.14999    -0.21776    -0.32309
   36    -0.00741     0.00143    -0.10441     0.00001    -0.20411    -0.00180     0.29671    -0.16500    -0.24035    -0.35683
   37     0.00048     0.02326     0.00029    -0.00029     0.00002     0.00089     0.00005    -0.00032     0.00017     0.00013
   38    -0.00004    -0.03018     0.00047     0.00059     0.00044    -0.00037    -0.00039     0.00062    -0.00045     0.00018
   39    -0.00974     0.70396    -0.00054     0.00017    -0.00107     0.00095     0.00180    -0.00177     0.00030     0.00097
   40     0.10021    -0.00799     0.00028    -0.00498     0.00043    -0.00161    -0.00547    -0.01004    -0.00173     0.00024
   41     0.04758    -0.00061     0.00014     0.00005    -0.00045    -0.00012     0.00018    -0.00009     0.00560    -0.00342
   42     0.12876    -0.01388     0.00010    -0.00460     0.00024    -0.00127    -0.00513    -0.00965     0.00522    -0.00361
   43    -0.20982    -0.02437     0.00125    -0.03892    -0.00119    -0.07254    -0.04293    -0.08679     0.11634    -0.07469
   44    -0.08583    -0.00835    -0.00157     0.03756     0.00117     0.07107     0.04182     0.08412    -0.10604     0.06801
   45    -0.25075    -0.02833    -0.00049     0.00938     0.00041     0.01717     0.00952     0.01938    -0.01856     0.01230
   46     0.24996     0.01764     0.00071    -0.01496    -0.00055    -0.01345     0.00193     0.00456    -0.01528     0.00966
   47    -0.05678    -0.00383     0.00265    -0.09178    -0.00333    -0.10643    -0.01373    -0.02107    -0.06978     0.04731
   48     0.14091     0.00943     0.00338    -0.10518    -0.00391    -0.11919    -0.01266    -0.01752    -0.08262     0.05547
   49    -0.08919    -0.00295    -0.00325     0.14117     0.00200    -0.04781    -0.06202    -0.11544    -0.02506     0.02048
   50    -0.04897    -0.00014     0.00011    -0.00566     0.00015     0.00645     0.00241     0.00441     0.00634    -0.00414
   51    -0.11834    -0.00319    -0.00253     0.10732     0.00173    -0.03177    -0.04771    -0.08881    -0.01403     0.01256
   52     0.20658     0.00674     0.00327    -0.06725     0.00511     0.11536    -0.03240    -0.06587     0.04380    -0.02353
   53     0.09367     0.00271    -0.00289     0.06496    -0.00523    -0.11332     0.03517     0.07138    -0.03944     0.02029
   54     0.26007     0.00817    -0.00026     0.01112    -0.00126    -0.02110     0.00926     0.01895    -0.00419     0.00163
   55    -0.23605    -0.01943     0.00001    -0.00172     0.00033     0.00479    -0.00341    -0.00817    -0.01582     0.00925
   56     0.04800     0.00830     0.00147    -0.02080     0.00421     0.04622    -0.03863    -0.08470    -0.09199     0.05374
   57    -0.14444    -0.00155     0.00165    -0.02221     0.00460     0.04906    -0.04061    -0.09002    -0.10248     0.05981
   58     0.01221    -0.00011    -0.00539     0.15707     0.00473     0.27544     0.15178     0.30499    -0.37682     0.24153
   59     0.02940     0.00353     0.00509    -0.14976    -0.00459    -0.26323    -0.14522    -0.29108     0.35697    -0.22844
   60     0.04003     0.00101     0.00106    -0.03212    -0.00095    -0.05576    -0.03050    -0.06121     0.07152    -0.04617
   61    -0.03037    -0.00242    -0.00148     0.05334     0.00182     0.05317     0.00407     0.00556     0.03487    -0.02330
   62     0.03571     0.00038    -0.01079     0.35306     0.01214     0.37148     0.04103     0.06125     0.22499    -0.15157
   63     0.00861     0.00322    -0.01238     0.40085     0.01390     0.42176     0.04507     0.06577     0.25684    -0.17303
   64    -0.03672    -0.00019     0.01186    -0.53076    -0.00701     0.16167     0.20560     0.38222     0.07299    -0.05979
   65     0.01006     0.00020    -0.00062     0.02393     0.00006    -0.00994    -0.00979    -0.01795    -0.00645     0.00475
   66    -0.02034     0.00133     0.00907    -0.40172    -0.00530     0.11921     0.15678     0.29137     0.05297    -0.04414
   67    -0.01580     0.00140    -0.01163     0.26219    -0.01811    -0.41518     0.11474     0.23782    -0.13198     0.07032
   68    -0.02597    -0.00355     0.01177    -0.25982     0.01824     0.41300    -0.11597    -0.23997     0.12968    -0.06857
   69    -0.04065    -0.00084     0.00228    -0.04885     0.00358     0.07902    -0.02378    -0.04878     0.02256    -0.01184
   70     0.03000     0.00447    -0.00083     0.01183    -0.00184    -0.02502     0.01896     0.04185     0.04783    -0.02776
   71    -0.04084     0.00178    -0.00545     0.08587    -0.01509    -0.17853     0.13712     0.29992     0.31472    -0.18455
   72    -0.00449    -0.00128    -0.00598     0.09409    -0.01641    -0.19595     0.14977     0.32897     0.34757    -0.20371
            71          72
       3040.13535  3041.95870
    1    -0.00119     0.00203
    2    -0.00070     0.00090
    3     0.00247    -0.00062
    4     0.01591    -0.00319
    5     0.00061     0.00000
    6    -0.01259     0.00124
    7     0.08952    -0.01879
    8     0.08419    -0.01746
    9     0.01654    -0.00344
   10    -0.01398     0.00281
   11     0.08349    -0.01916
   12     0.09411    -0.02103
   13    -0.09030     0.01976
   14    -0.00425     0.00117
   15     0.06691    -0.01460
   16    -0.09848     0.01755
   17    -0.09922     0.01818
   18    -0.01959     0.00406
   19     0.02044    -0.00293
   20    -0.10430     0.01346
   21    -0.11647     0.01615
   22    -0.28227     0.05841
   23    -0.27169     0.05594
   24    -0.05817     0.01184
   25     0.04230    -0.00975
   26    -0.25671     0.05799
   27    -0.28961     0.06558
   28     0.26997    -0.05856
   29     0.01390    -0.00317
   30    -0.20019     0.04356
   31     0.30335    -0.05485
   32     0.30723    -0.05524
   33     0.06112    -0.01104
   34    -0.05946     0.00747
   35     0.34390    -0.04242
   36     0.37888    -0.04907
   37    -0.00147     0.00182
   38     0.00053    -0.00102
   39     0.00047     0.00254
   40    -0.00258    -0.01566
   41     0.00036     0.00113
   42    -0.00311    -0.01137
   43    -0.01072    -0.07578
   44     0.01015     0.07015
   45     0.00191     0.01300
   46     0.00164     0.01063
   47     0.00981     0.07791
   48     0.01143     0.08700
   49     0.01330     0.09312
   50    -0.00018    -0.00324
   51     0.01026     0.07113
   52     0.02035     0.10984
   53    -0.01977    -0.10921
   54    -0.00331    -0.02091
   55    -0.00415    -0.01895
   56    -0.02519    -0.10730
   57    -0.02707    -0.12025
   58     0.03423     0.23654
   59    -0.03268    -0.22399
   60    -0.00685    -0.04583
   61    -0.00424    -0.03451
   62    -0.03067    -0.23771
   63    -0.03435    -0.26772
   64    -0.04039    -0.27953
   65     0.00160     0.01231
   66    -0.03058    -0.21227
   67    -0.06271    -0.34211
   68     0.06281     0.34094
   69     0.01192     0.06510
   70     0.01288     0.05395
   71     0.08479     0.35239
   72     0.09124     0.38928
