 7        1.92123138 1       -0.00377190 1        0.61019141 1
 6        0.80916599 1       -0.13703153 1        1.44642963 1
 6        0.69750930 1        0.86095090 1        2.44278714 1
 6       -0.46671316 1        0.80943856 1        3.23916219 1
 6       -1.40930319 1       -0.17323699 1        3.07877229 1
 6       -1.24057291 1       -1.12157776 1        2.00987404 1
 6       -0.14308571 1       -1.08248086 1        1.25641904 1
 1        1.68220184 1        1.48336027 1        2.54066121 1
 1       -0.62683442 1        1.50989986 1        3.99084145 1
 1       -2.26688442 1       -0.22418366 1        3.84021104 1
 1       -1.93699768 1       -1.97180558 1        1.94258701 1
 1       -0.07377944 1       -1.72865698 1        0.46769196 1
 7        1.89562488 1        0.04188933 1       -0.64771088 1
 6        0.76039011 1        0.00750847 1       -1.37854512 1
 6        0.60153560 1       -0.88552603 1       -2.46729311 1
 6       -0.38215133 1       -0.80205732 1       -3.31839995 1
 6       -1.27822989 1        0.20698307 1       -3.26179367 1
 6       -1.23874623 1        1.11318112 1       -2.13996693 1
 6       -0.28179824 1        1.05333081 1       -1.14354001 1
 1        1.45665117 1       -1.53951011 1       -2.84244089 1
 1       -0.62762379 1       -1.81796704 1       -3.95068240 1
 1       -2.05732841 1        0.52943625 1       -3.85491319 1
 1       -2.16767181 1        1.66251932 1       -2.00950880 1
 1       -0.45346341 1        1.72996389 1       -0.26620037 1
