 7        1.97065424 1        0.00805552 1        0.53289888 1
 6        0.75818455 1       -0.12226885 1        1.32660904 1
 6        0.60590101 1        0.88128949 1        2.31148021 1
 6       -0.42980339 1        0.88652358 1        3.30360588 1
 6       -1.40833049 1       -0.23409343 1        3.12430082 1
 6       -1.29783193 1       -1.14706775 1        2.04332285 1
 6       -0.25421137 1       -1.05575927 1        1.16892398 1
 1        1.35878771 1        1.78091863 1        2.23147363 1
 1       -0.48931207 1        1.25764520 1        4.19933593 1
 1       -2.19087580 1       -0.29342800 1        3.75623416 1
 1       -1.94487361 1       -1.95117157 1        1.94520039 1
 1       -0.27008183 1       -1.70871203 1        0.14723911 1
 7        2.00191544 1        0.07430878 1       -0.63032832 1
 6        0.74648214 1       -0.00522677 1       -1.37207000 1
 6        0.71156991 1       -0.93923788 1       -2.40821432 1
 6       -0.37886292 1       -0.77661762 1       -3.28460969 1
 6       -1.35658812 1        0.21484373 1       -3.18066368 1
 6       -1.23352968 1        1.13201441 1       -2.08542027 1
 6       -0.25132610 1        0.98397395 1       -1.09442102 1
 1        1.45287054 1       -1.89926555 1       -2.74043422 1
 1       -0.37403241 1       -1.53284946 1       -4.08369785 1
 1       -2.06375223 1        0.41439606 1       -3.89887617 1
 1       -1.99051927 1        1.91558042 1       -1.78032167 1
 1       -0.14741306 1        1.40562417 1       -0.14444636 1
