 7        1.97578736 1       -0.10224386 1        0.54912849 1
 6        0.71021595 1       -0.09459339 1        1.30110634 1
 6        0.60406853 1        0.90583378 1        2.27277639 1
 6       -0.41781727 1        0.84383461 1        3.12275167 1
 6       -1.46532337 1       -0.21165327 1        3.06239805 1
 6       -1.29651124 1       -1.14075864 1        2.10112867 1
 6       -0.25917459 1       -1.08476949 1        1.21865236 1
 1        1.60969928 1        1.60478956 1        2.34551487 1
 1       -0.50351254 1        1.65841084 1        3.95921490 1
 1       -2.28002933 1       -0.23688265 1        3.84852740 1
 1       -1.89267230 1       -1.87999414 1        1.99340407 1
 1       -0.12067897 1       -1.86565920 1        0.43884892 1
 7        1.95136457 1       -0.04597798 1       -0.66937277 1
 6        0.75498735 1        0.08023426 1       -1.34178585 1
 6        0.82530578 1       -0.80790307 1       -2.50937941 1
 6       -0.34753926 1       -0.75762948 1       -3.24676908 1
 6       -1.32162942 1        0.13707042 1       -3.00308738 1
 6       -1.34120994 1        1.10845899 1       -1.98156891 1
 6       -0.23366412 1        1.03407998 1       -1.11136704 1
 1        1.74266028 1       -1.51567871 1       -2.99019718 1
 1       -0.30398911 1       -1.49337221 1       -4.01919926 1
 1       -2.17553553 1        0.16660918 1       -3.72704773 1
 1       -2.01431894 1        2.07058838 1       -1.96824590 1
 1       -0.09046806 1        1.77585773 1       -0.31328598 1
