 7        2.03387961 1        0.00317119 1        0.63767765 1
 6        0.75116702 1       -0.02299059 1        1.34195875 1
 6        0.74903738 1        0.88514184 1        2.39335441 1
 6       -0.46846584 1        0.84103006 1        3.21850040 1
 6       -1.43760905 1       -0.21642198 1        3.14029567 1
 6       -1.38374956 1       -1.16639620 1        1.99657416 1
 6       -0.23961227 1       -1.05201101 1        1.23023965 1
 1        1.52058632 1        1.72980233 1        2.46421628 1
 1       -0.50077171 1        1.63954867 1        4.00973603 1
 1       -2.22459880 1       -0.29977479 1        3.89497333 1
 1       -2.07776410 1       -1.89924295 1        1.86830119 1
 1        0.11266732 1       -1.52257431 1        0.18716339 1
 7        1.93128147 1       -0.10299177 1       -0.58119134 1
 6        0.85126018 1        0.08080920 1       -1.38008770 1
 6        0.79404052 1       -0.80938109 1       -2.56911720 1
 6       -0.42889001 1       -0.75308195 1       -3.37896482 1
 6       -1.45753793 1        0.12838156 1       -3.10585666 1
 6       -1.32760007 1        1.07527536 1       -2.03689152 1
 6       -0.20194525 1        0.96029432 1       -1.14881535 1
 1        1.42339631 1       -1.61716993 1       -2.59308424 1
 1       -0.14299978 1       -1.63291867 1       -4.30655473 1
 1       -2.39506738 1        0.27676560 1       -3.85580325 1
 1       -1.91627023 1        1.99432288 1       -2.08181738 1
 1       -0.21786605 1        1.67631669 1       -0.28835312 1
