 7        1.95401414 1       -0.02835724 1        0.56647149 1
 6        0.76729629 1       -0.04220415 1        1.30507218 1
 6        0.60628953 1        0.77342928 1        2.43201987 1
 6       -0.54903054 1        0.88720202 1        3.21576859 1
 6       -1.48573954 1       -0.15541729 1        3.03652464 1
 6       -1.14279014 1       -1.19934356 1        2.08945322 1
 6       -0.08412067 1       -1.12374866 1        1.22216723 1
 1        1.26306378 1        1.51184187 1        2.65413312 1
 1       -0.73932607 1        1.63405300 1        3.93246394 1
 1       -2.43993983 1       -0.45184748 1        3.70840197 1
 1       -1.70728378 1       -2.11969552 1        2.08428226 1
 1        0.33440291 1       -2.03143365 1        0.50574653 1
 7        1.96657502 1       -0.03634064 1       -0.61974338 1
 6        0.76867975 1        0.11357321 1       -1.43014622 1
 6        0.65528899 1       -0.97736568 1       -2.41319480 1
 6       -0.43675018 1       -0.80241012 1       -3.28504697 1
 6       -1.41070556 1        0.28791976 1       -3.07715906 1
 6       -1.20757335 1        1.16643691 1       -2.13152516 1
 6       -0.20665814 1        1.07881105 1       -1.20808409 1
 1        1.45044262 1       -1.71827981 1       -2.41298843 1
 1       -0.58267472 1       -1.67048135 1       -3.98643475 1
 1       -2.22679945 1        0.19277674 1       -3.85695407 1
 1       -1.97242258 1        1.96934195 1       -1.97748204 1
 1       -0.06101207 1        1.87119681 1       -0.47810863 1
