 7        2.09371880 1       -0.02539917 1        0.54124463 1
 6        0.69882273 1       -0.09112573 1        1.34080945 1
 6        0.67930354 1        0.78336903 1        2.45442901 1
 6       -0.40425487 1        0.71124273 1        3.33026816 1
 6       -1.48631505 1       -0.14117775 1        3.02861731 1
 6       -1.37328148 1       -1.01879744 1        1.86272364 1
 6       -0.21295808 1       -0.99741833 1        1.10423267 1
 1        1.57136025 1        1.25272922 1        2.58132443 1
 1       -0.46448234 1        1.41231134 1        4.30185768 1
 1       -2.49901149 1       -0.21252680 1        3.66754928 1
 1       -2.19957038 1       -1.93249751 1        1.64352668 1
 1       -0.25861865 1       -1.79997779 1        0.27965985 1
 7        2.03261447 1        0.12350279 1       -0.62411960 1
 6        0.81798450 1        0.08982542 1       -1.34862409 1
 6        0.72047617 1       -0.83654858 1       -2.42957624 1
 6       -0.41864995 1       -0.86314871 1       -3.18250812 1
 6       -1.42895736 1        0.05166066 1       -2.97918766 1
 6       -1.34845897 1        1.06736925 1       -2.10421489 1
 6       -0.15890396 1        1.07057170 1       -1.24684717 1
 1        1.38959536 1       -1.74443420 1       -2.74077509 1
 1       -0.64365778 1       -1.48976680 1       -4.05504736 1
 1       -2.19978787 1        0.04261525 1       -3.69515728 1
 1       -1.99823561 1        1.79492600 1       -1.90832368 1
 1        0.01705326 1        1.75799239 1       -0.37460837 1
