 7        1.93130850 1       -0.08480929 1        0.57627557 1
 6        0.76658982 1       -0.06771384 1        1.46162724 1
 6        0.67660035 1        0.82857838 1        2.47690391 1
 6       -0.49241187 1        0.85992636 1        3.22531382 1
 6       -1.44784758 1       -0.12313984 1        2.96827619 1
 6       -1.22825987 1       -1.01723248 1        1.93919960 1
 6       -0.19432571 1       -1.06824259 1        1.08979769 1
 1        1.35656410 1        1.57574578 1        2.46166514 1
 1       -0.45480569 1        1.52224085 1        4.16777609 1
 1       -2.54708125 1       -0.18099490 1        3.45742917 1
 1       -2.16760371 1       -1.64801180 1        1.90885311 1
 1       -0.05716891 1       -1.66459548 1        0.16638577 1
 7        2.02916717 1        0.04985073 1       -0.59301630 1
 6        0.87604260 1        0.04467258 1       -1.45163502 1
 6        0.68433228 1       -0.84157307 1       -2.55748845 1
 6       -0.40420888 1       -0.73709348 1       -3.35390299 1
 6       -1.42646538 1        0.13549406 1       -3.03792733 1
 6       -1.31238433 1        0.99342939 1       -1.88194369 1
 6       -0.21743636 1        0.91348640 1       -1.12136817 1
 1        1.50615082 1       -1.65933392 1       -2.77138188 1
 1       -0.32261283 1       -1.59538716 1       -4.10586131 1
 1       -2.15561039 1        0.31408008 1       -3.75811992 1
 1       -2.40063847 1        1.53791122 1       -1.64045438 1
 1       -0.06483034 1        1.60006934 1       -0.23284903 1
