 7        1.93651898 1       -0.01548230 1        0.58270998 1
 6        0.76352487 1        0.04779540 1        1.29485712 1
 6        0.59334627 1        0.84652313 1        2.45022588 1
 6       -0.38291434 1        0.69631478 1        3.35566341 1
 6       -1.42739095 1       -0.15790770 1        3.06658405 1
 6       -1.26421354 1       -1.11425588 1        1.94544149 1
 6       -0.27282197 1       -1.01499133 1        1.01580197 1
 1        1.41911514 1        1.67715033 1        2.35990775 1
 1       -0.42387310 1        1.29002446 1        4.16282544 1
 1       -2.41465410 1       -0.52652959 1        3.74283102 1
 1       -2.10028466 1       -1.73792857 1        1.72201391 1
 1       -0.06943598 1       -1.61176660 1        0.17449318 1
 7        1.99518460 1       -0.02112860 1       -0.64984099 1
 6        0.74566025 1        0.03107263 1       -1.38894743 1
 6        0.69378235 1       -0.86348005 1       -2.39998637 1
 6       -0.41878088 1       -0.88103765 1       -3.21686903 1
 6       -1.33400617 1        0.09657970 1       -3.06649720 1
 6       -1.29406099 1        1.07922898 1       -2.02236380 1
 6       -0.15144420 1        1.11526639 1       -1.20509797 1
 1        1.59533420 1       -1.56101836 1       -2.39885850 1
 1       -0.44614810 1       -1.56096616 1       -4.01330003 1
 1       -2.17987233 1        0.17702742 1       -3.72804968 1
 1       -2.02850860 1        2.16539147 1       -1.94390624 1
 1        0.09215333 1        1.98335475 1       -0.58113842 1
