 7        2.01038564 1       -0.06904284 1        0.61407361 1
 6        0.74858151 1       -0.16719979 1        1.30344771 1
 6        0.63936144 1        0.87511369 1        2.39518828 1
 6       -0.47715996 1        0.81795724 1        3.09315467 1
 6       -1.49385350 1       -0.11553523 1        2.97662573 1
 6       -1.24425395 1       -1.20983674 1        2.13850749 1
 6       -0.10930671 1       -1.13512205 1        1.25723519 1
 1        1.52864597 1        1.80756401 1        2.26654205 1
 1       -0.84560602 1        1.77130574 1        3.78422457 1
 1       -2.31231713 1       -0.08777388 1        3.41698488 1
 1       -1.85289890 1       -2.22773366 1        2.10661812 1
 1       -0.04292445 1       -2.10090142 1        0.46744084 1
 7        1.95147026 1       -0.01438359 1       -0.57788371 1
 6        0.80091467 1        0.12645151 1       -1.42731211 1
 6        0.73095645 1       -0.82915578 1       -2.46827566 1
 6       -0.46060225 1       -0.79700959 1       -3.26539908 1
 6       -1.44011946 1        0.19593181 1       -3.08518972 1
 6       -1.24923455 1        1.12790763 1       -2.03005310 1
 6       -0.21053865 1        1.06117495 1       -1.15431668 1
 1        1.48111188 1       -1.67158919 1       -2.63409157 1
 1       -0.35433359 1       -1.50712278 1       -4.08410172 1
 1       -2.17049028 1        0.25227086 1       -3.84391774 1
 1       -2.08763685 1        1.99283168 1       -1.84853992 1
 1       -0.12889632 1        1.88814652 1       -0.43635231 1
