 7        1.89748658 1       -0.07429338 1        0.51145054 1
 6        0.73558341 1       -0.04097796 1        1.33545145 1
 6        0.64673663 1        0.87114217 1        2.40517928 1
 6       -0.36814242 1        0.73929872 1        3.37230300 1
 6       -1.51036554 1       -0.14834218 1        3.07782804 1
 6       -1.28085390 1       -1.08877914 1        2.01795002 1
 6       -0.20597277 1       -1.08212297 1        1.23501403 1
 1        1.16883048 1        1.88374784 1        2.50257040 1
 1       -0.33598869 1        1.41437721 1        4.31918872 1
 1       -2.34371622 1       -0.04559864 1        3.89302280 1
 1       -2.08496314 1       -1.80611898 1        1.76238465 1
 1       -0.13381151 1       -1.90981902 1        0.52841873 1
 7        2.04413329 1        0.01391974 1       -0.60762598 1
 6        0.80202631 1        0.05195935 1       -1.41054528 1
 6        0.69739988 1       -0.82548086 1       -2.51118633 1
 6       -0.36047127 1       -0.77044060 1       -3.30374782 1
 6       -1.35756941 1        0.12640672 1       -3.09486970 1
 6       -1.30685946 1        1.01357929 1       -2.09330141 1
 6       -0.20121588 1        1.03605645 1       -1.20094746 1
 1        1.48799714 1       -1.57994906 1       -2.70185836 1
 1       -0.38711992 1       -1.27457047 1       -4.29006560 1
 1       -2.32005952 1        0.23879989 1       -3.75635992 1
 1       -1.98243898 1        1.84618912 1       -1.92155897 1
 1       -0.23437163 1        1.84372020 1       -0.43914364 1
