 7        2.07534443 1       -0.09394357 1        0.59349122 1
 6        0.79859651 1       -0.06328515 1        1.35888186 1
 6        0.69501319 1        0.84745250 1        2.39938928 1
 6       -0.48776373 1        0.76774569 1        3.18091741 1
 6       -1.54254145 1       -0.14079113 1        2.97007517 1
 6       -1.33228824 1       -1.13782275 1        2.01379816 1
 6       -0.16837499 1       -1.01303244 1        1.17938488 1
 1        1.47078782 1        1.46963984 1        2.77710216 1
 1       -0.62053647 1        1.48056954 1        3.94995451 1
 1       -2.16424400 1       -0.31772501 1        3.70060497 1
 1       -2.03954190 1       -1.81497283 1        1.80486843 1
 1       -0.02153507 1       -1.74898747 1        0.32715887 1
 7        1.97738957 1        0.03614911 1       -0.58127989 1
 6        0.82809873 1        0.04909793 1       -1.34467658 1
 6        0.74103952 1       -0.81262996 1       -2.53635937 1
 6       -0.42997618 1       -0.86627926 1       -3.25332846 1
 6       -1.46187346 1        0.13924901 1       -3.05519297 1
 6       -1.30614751 1        1.10186649 1       -1.99943466 1
 6       -0.17142624 1        1.06888653 1       -1.22695669 1
 1        1.61625969 1       -1.42475540 1       -2.73035320 1
 1       -0.66520382 1       -1.63628194 1       -3.98310063 1
 1       -2.47726655 1        0.11123790 1       -3.49898970 1
 1       -2.16291142 1        1.82334190 1       -1.83917844 1
 1       -0.12195828 1        1.94045803 1       -0.41913218 1
