 7        1.88195711 1        0.05752634 1        0.55331522 1
 6        0.78269967 1       -0.11198277 1        1.38788211 1
 6        0.67729026 1        0.83724153 1        2.47235637 1
 6       -0.44660484 1        0.72648099 1        3.31064345 1
 6       -1.43279617 1       -0.23567822 1        3.08261875 1
 6       -1.30640316 1       -1.11689567 1        2.01937429 1
 6       -0.23562867 1       -0.98448431 1        1.18505288 1
 1        1.40499920 1        1.59138920 1        2.52629593 1
 1       -0.74387161 1        1.54716816 1        3.99351838 1
 1       -2.23652096 1       -0.26469205 1        3.74155453 1
 1       -2.03142240 1       -1.83537422 1        1.81569778 1
 1       -0.18770344 1       -1.90994327 1        0.50735791 1
 7        2.03368614 1        0.05165293 1       -0.63003233 1
 6        0.91365707 1        0.07244393 1       -1.49802686 1
 6        0.66639892 1       -0.92323028 1       -2.40411214 1
 6       -0.44969425 1       -0.80308260 1       -3.26116774 1
 6       -1.39080489 1        0.17214644 1       -3.15219782 1
 6       -1.24556244 1        1.08683170 1       -2.13313605 1
 6       -0.18572410 1        1.04296275 1       -1.21902724 1
 1        1.38528317 1       -1.73046640 1       -2.48327416 1
 1       -0.82750278 1       -1.66785556 1       -3.88654622 1
 1       -2.30334294 1        0.12677114 1       -3.91729310 1
 1       -2.03210365 1        1.96389179 1       -1.68693762 1
 1        0.09442035 1        1.85745935 1       -0.52130451 1
