 7        1.97284581 1       -0.09156342 1        0.60484021 1
 6        0.66326771 1       -0.08030308 1        1.33170887 1
 6        0.72323193 1        0.89948983 1        2.44556175 1
 6       -0.34502624 1        0.82412691 1        3.25595655 1
 6       -1.36404993 1       -0.13551449 1        3.07790534 1
 6       -1.34891044 1       -1.15956682 1        2.00583759 1
 6       -0.20671797 1       -1.04265185 1        1.20943076 1
 1        1.49316529 1        1.62665664 1        2.62005952 1
 1       -0.37361102 1        1.52616722 1        4.19878381 1
 1       -2.32373645 1       -0.18022384 1        3.69463200 1
 1       -1.93220685 1       -1.85334384 1        1.69792296 1
 1       -0.14283457 1       -1.76333943 1        0.40266123 1
 7        1.96251787 1       -0.02946635 1       -0.61245907 1
 6        0.72683416 1        0.10946231 1       -1.33769985 1
 6        0.71378120 1       -0.85860628 1       -2.49048468 1
 6       -0.30591573 1       -0.82260195 1       -3.42079110 1
 6       -1.29653759 1        0.16533516 1       -3.18017710 1
 6       -1.37914275 1        1.04277871 1       -2.03458701 1
 6       -0.32225068 1        1.03640159 1       -1.10656086 1
 1        1.54262466 1       -1.56772866 1       -2.39458845 1
 1       -0.31668142 1       -1.30475712 1       -4.47663807 1
 1       -2.20765967 1        0.20508046 1       -3.73604453 1
 1       -2.16354612 1        1.78441830 1       -2.16762686 1
 1       -0.27638477 1        1.83696244 1       -0.30350642 1
