 7        1.96622833 1       -0.02876252 1        0.62437614 1
 6        0.76074622 1       -0.10222854 1        1.34587769 1
 6        0.65807856 1        0.87009157 1        2.40561492 1
 6       -0.52348294 1        0.85549061 1        3.14216860 1
 6       -1.42748357 1       -0.20138544 1        3.10284857 1
 6       -1.19250170 1       -1.15360610 1        2.11339461 1
 6       -0.20446401 1       -1.10264374 1        1.23635242 1
 1        1.36734600 1        1.60329436 1        2.41122874 1
 1       -0.74006734 1        1.75712051 1        3.76291853 1
 1       -2.37354625 1       -0.20718729 1        3.46733067 1
 1       -1.96031033 1       -1.87151673 1        1.86178868 1
 1       -0.11113163 1       -1.96520498 1        0.52312554 1
 7        2.03583707 1       -0.05093000 1       -0.59740177 1
 6        0.75412487 1        0.02411155 1       -1.45570357 1
 6        0.73404630 1       -0.83971106 1       -2.47142491 1
 6       -0.41732450 1       -0.79368733 1       -3.34833620 1
 6       -1.38069862 1        0.22926366 1       -3.12461657 1
 6       -1.33212152 1        1.14354948 1       -2.02151179 1
 6       -0.18907089 1        1.04132771 1       -1.18460230 1
 1        1.54366216 1       -1.57424140 1       -2.79231234 1
 1       -0.42141946 1       -1.61717513 1       -4.12875657 1
 1       -2.39321512 1        0.22046161 1       -3.80371317 1
 1       -2.11390263 1        1.85389730 1       -1.89893734 1
 1       -0.20221512 1        1.62873819 1       -0.15663296 1
