 7        2.06587781 1       -0.08232629 1        0.59687402 1
 6        0.73553315 1       -0.06563415 1        1.29633685 1
 6        0.61743076 1        0.91846219 1        2.25665275 1
 6       -0.52861650 1        0.83797931 1        3.15098895 1
 6       -1.46408978 1       -0.20539621 1        2.95163887 1
 6       -1.23505190 1       -1.18973204 1        1.99953930 1
 6       -0.08743956 1       -1.13755783 1        1.14626474 1
 1        1.20998600 1        1.80356559 1        1.93610163 1
 1       -0.54133761 1        1.80580329 1        4.06786185 1
 1       -2.33692905 1       -0.24682788 1        3.52183478 1
 1       -2.05821401 1       -1.89085686 1        1.76224690 1
 1        0.09971063 1       -2.04109847 1        0.50785434 1
 7        2.00370556 1       -0.04565491 1       -0.59151293 1
 6        0.75970183 1        0.04032110 1       -1.27041658 1
 6        0.67762865 1       -0.91931721 1       -2.35798369 1
 6       -0.46133452 1       -0.72250198 1       -3.20490806 1
 6       -1.37492328 1        0.20708545 1       -3.07594608 1
 6       -1.32260488 1        1.11172389 1       -1.93546989 1
 6       -0.18709742 1        1.09957726 1       -1.19536766 1
 1        1.49279233 1       -1.59479628 1       -2.44382377 1
 1       -0.40284923 1       -1.46258386 1       -4.02836114 1
 1       -2.39871877 1        0.16398540 1       -3.80930772 1
 1       -1.92640043 1        1.98774727 1       -1.74583083 1
 1       -0.16276784 1        1.92138157 1       -0.47545616 1
