 7        2.00906825 1        0.05708188 1        0.51166194 1
 6        0.77214440 1       -0.03867608 1        1.34324460 1
 6        0.73560219 1        0.77578260 1        2.54086558 1
 6       -0.43888615 1        0.67055460 1        3.35092018 1
 6       -1.42460349 1       -0.15908366 1        3.08927671 1
 6       -1.37505197 1       -1.02389794 1        1.96704735 1
 6       -0.23102753 1       -1.05513919 1        1.12150312 1
 1        1.60216994 1        1.27260970 1        2.77356956 1
 1       -0.48883654 1        1.41346386 1        4.27513200 1
 1       -2.40534500 1       -0.31871750 1        3.70239757 1
 1       -2.29861100 1       -1.70608203 1        1.58724877 1
 1       -0.40082048 1       -1.53983450 1        0.13006941 1
 7        1.97592557 1        0.04913589 1       -0.62566975 1
 6        0.72763671 1        0.07460781 1       -1.40618943 1
 6        0.69708124 1       -0.84259143 1       -2.45425585 1
 6       -0.35707172 1       -0.93953263 1       -3.22327073 1
 6       -1.42242416 1        0.09302885 1       -3.14926315 1
 6       -1.26291204 1        1.02694265 1       -2.08574379 1
 6       -0.17621494 1        1.16614481 1       -1.23575651 1
 1        1.68682221 1       -1.62839248 1       -2.39419817 1
 1       -0.63231108 1       -1.61852135 1       -4.04646294 1
 1       -2.29131599 1        0.26393061 1       -3.77033302 1
 1       -1.87216756 1        1.85374910 1       -2.04793594 1
 1       -0.11985487 1        1.90129939 1       -0.41335632 1
