 7        1.96544673 1       -0.08658555 1        0.57909788 1
 6        0.76461706 1       -0.12270823 1        1.33743858 1
 6        0.56925012 1        0.88925790 1        2.36463634 1
 6       -0.39654416 1        0.80094210 1        3.24850554 1
 6       -1.43303137 1       -0.20795575 1        3.09051091 1
 6       -1.37796684 1       -1.13956196 1        1.96078037 1
 6       -0.18638440 1       -1.08134665 1        1.12093842 1
 1        1.16371639 1        1.71485664 1        2.57330590 1
 1       -0.64817148 1        1.58204535 1        3.89715924 1
 1       -2.42240087 1       -0.41149916 1        3.83040472 1
 1       -1.86795042 1       -1.92715110 1        1.64469501 1
 1       -0.03375910 1       -1.90698733 1        0.38602376 1
 7        2.02397343 1        0.08242940 1       -0.61705523 1
 6        0.79267494 1        0.04385139 1       -1.35488876 1
 6        0.71921853 1       -0.85819255 1       -2.46533471 1
 6       -0.44250393 1       -0.77490062 1       -3.20049766 1
 6       -1.42515774 1        0.06796195 1       -3.03592798 1
 6       -1.30685290 1        1.12691649 1       -2.00611796 1
 6       -0.04556910 1        1.16820816 1       -1.30452526 1
 1        1.34574197 1       -1.76210959 1       -2.53057920 1
 1       -0.54401269 1       -1.60164049 1       -3.83717793 1
 1       -2.37337544 1       -0.18453041 1       -3.60085553 1
 1       -1.94152379 1        2.00369982 1       -1.84180025 1
 1        0.18905628 1        1.96373134 1       -0.55698310 1
