 7        1.95610495 1        0.01951519 1        0.59886947 1
 6        0.80840600 1       -0.07668769 1        1.38933057 1
 6        0.61897605 1        0.82607883 1        2.45378500 1
 6       -0.55308948 1        0.95781786 1        3.20315444 1
 6       -1.37733047 1       -0.20920537 1        3.06406225 1
 6       -1.26000341 1       -1.18446444 1        2.07953714 1
 6       -0.20759114 1       -1.06697191 1        1.13075814 1
 1        1.33955596 1        1.58046201 1        2.50679357 1
 1       -0.54678559 1        1.81005749 1        3.94716331 1
 1       -2.19342711 1       -0.39283547 1        3.67925892 1
 1       -1.99455507 1       -1.89641981 1        1.88421643 1
 1       -0.07198595 1       -1.48631528 1        0.12806756 1
 7        1.97614750 1       -0.05743783 1       -0.54447466 1
 6        0.85425329 1        0.04817930 1       -1.44525548 1
 6        0.68803269 1       -0.86435367 1       -2.53512713 1
 6       -0.44525674 1       -0.73920261 1       -3.38609336 1
 6       -1.44744680 1        0.17629732 1       -3.08149145 1
 6       -1.23608505 1        1.03532953 1       -2.01910864 1
 6       -0.16817351 1        0.95501582 1       -1.15317431 1
 1        1.41203147 1       -1.56606016 1       -2.56802036 1
 1       -0.52877194 1       -1.35534365 1       -4.33415662 1
 1       -2.32191641 1        0.29055579 1       -3.67300675 1
 1       -2.05194358 1        1.86622113 1       -1.91709939 1
 1        0.10822881 1        1.73982921 1       -0.31568130 1
