 7        2.01993913 1        0.01196780 1        0.53549525 1
 6        0.83316985 1       -0.08431829 1        1.37032570 1
 6        0.73681525 1        0.71323852 1        2.58676213 1
 6       -0.43200355 1        0.74565905 1        3.32995901 1
 6       -1.48113476 1       -0.10594956 1        2.97093016 1
 6       -1.34207435 1       -1.00691018 1        1.94136327 1
 6       -0.27482385 1       -0.98971769 1        1.07297874 1
 1        1.64669291 1        1.39120952 1        2.63201431 1
 1       -0.52443520 1        1.42649237 1        4.19595948 1
 1       -2.59092387 1       -0.21848010 1        3.53927134 1
 1       -2.14034809 1       -1.67283808 1        1.75935206 1
 1       -0.17028065 1       -1.80389055 1        0.35202146 1
 7        2.02308805 1        0.08700693 1       -0.60527247 1
 6        0.76202521 1        0.07802321 1       -1.35201710 1
 6        0.71323598 1       -0.83246429 1       -2.39965218 1
 6       -0.38946983 1       -0.78107103 1       -3.32071008 1
 6       -1.48714738 1        0.05636679 1       -3.07074836 1
 6       -1.27505706 1        0.94045656 1       -2.01813488 1
 6       -0.17729017 1        1.03386034 1       -1.27895448 1
 1        1.55808901 1       -1.38081399 1       -2.70790896 1
 1       -0.61309813 1       -1.56411158 1       -4.24307261 1
 1       -2.36123209 1        0.15854188 1       -3.58697281 1
 1       -1.96357516 1        1.71847810 1       -1.86077546 1
 1       -0.17656934 1        1.71293907 1       -0.58550236 1
