 7        1.99632902 1        0.04001486 1        0.60644650 1
 6        0.80279157 1       -0.09539167 1        1.43339638 1
 6        0.75520324 1        0.81214547 1        2.37304804 1
 6       -0.42193758 1        0.77005887 1        3.19891205 1
 6       -1.50769517 1       -0.14842657 1        3.01671649 1
 6       -1.32460027 1       -1.08043692 1        2.03858206 1
 6       -0.18026704 1       -1.10396798 1        1.21664814 1
 1        1.47785299 1        1.58286604 1        2.62672322 1
 1       -0.42431456 1        1.47377596 1        3.97395370 1
 1       -2.37679882 1       -0.18650232 1        3.56834296 1
 1       -2.13197390 1       -1.94782649 1        2.00311202 1
 1       -0.08684352 1       -1.83897828 1        0.43853622 1
 7        1.98132551 1        0.09877576 1       -0.54054409 1
 6        0.74224283 1       -0.03612629 1       -1.42081446 1
 6        0.69916470 1       -0.83382858 1       -2.46068341 1
 6       -0.38601740 1       -0.76871895 1       -3.36952514 1
 6       -1.40646170 1        0.17092437 1       -3.10886914 1
 6       -1.29591276 1        1.04651088 1       -2.07405045 1
 6       -0.22481180 1        0.97013867 1       -1.16553346 1
 1        1.52035309 1       -1.60393494 1       -2.65216781 1
 1       -0.77343761 1       -1.58119508 1       -4.27800501 1
 1       -2.38135226 1        0.30312162 1       -3.93315534 1
 1       -1.92816262 1        2.10306823 1       -1.89482645 1
 1       -0.10207102 1        1.67546900 1       -0.40633912 1
