 7        2.00361533 1       -0.06397370 1        0.65155480 1
 6        0.82550116 1       -0.07713306 1        1.38858760 1
 6        0.63131877 1        0.96133448 1        2.33027679 1
 6       -0.50087305 1        0.75288994 1        3.11473364 1
 6       -1.37605524 1       -0.24335683 1        2.94819559 1
 6       -1.32154467 1       -1.18032001 1        1.90475040 1
 6       -0.13973153 1       -1.09141198 1        1.20236842 1
 1        1.31768826 1        1.77039554 1        2.43786976 1
 1       -0.76551346 1        1.56163343 1        3.89139774 1
 1       -2.37185034 1       -0.35027337 1        3.46145158 1
 1       -1.97535784 1       -1.95872413 1        1.81317522 1
 1        0.08878625 1       -1.73831011 1        0.34388970 1
 7        2.04383495 1       -0.01410407 1       -0.54630195 1
 6        0.84151227 1        0.08325679 1       -1.33682369 1
 6        0.60236440 1       -0.89951523 1       -2.36910958 1
 6       -0.51105121 1       -0.80591209 1       -3.20155067 1
 6       -1.44801571 1        0.13156651 1       -3.03780327 1
 6       -1.29202897 1        1.16011762 1       -2.10491599 1
 6       -0.12941017 1        1.14730653 1       -1.18310554 1
 1        1.37417457 1       -1.60740946 1       -2.81209214 1
 1       -0.65149727 1       -1.59863673 1       -3.78264413 1
 1       -2.32317755 1        0.12259638 1       -3.63376154 1
 1       -2.14426322 1        1.93960536 1       -1.90176148 1
 1        0.10453768 1        2.04293464 1       -0.65348239 1
