 7        1.99119168 1       -0.02848647 1        0.61851008 1
 6        0.78135419 1       -0.02485016 1        1.28010720 1
 6        0.52683517 1        1.01372049 1        2.30117014 1
 6       -0.45309253 1        0.86645797 1        3.17923965 1
 6       -1.39834648 1       -0.24594460 1        3.01791204 1
 6       -1.26503751 1       -1.12140613 1        1.98066907 1
 6       -0.17701750 1       -1.15452256 1        1.10392969 1
 1        1.25691444 1        1.81886835 1        2.33414993 1
 1       -0.65985608 1        1.49249579 1        3.97129804 1
 1       -2.18270592 1       -0.25388921 1        3.62397377 1
 1       -1.99272702 1       -1.83702518 1        1.55203058 1
 1       -0.09694828 1       -1.60244277 1        0.23797832 1
 7        2.05495000 1       -0.06790198 1       -0.58025099 1
 6        0.72728201 1       -0.00506297 1       -1.35338588 1
 6        0.62358728 1       -0.90715095 1       -2.40586296 1
 6       -0.41756748 1       -0.74820119 1       -3.32037989 1
 6       -1.36747847 1        0.22739742 1       -3.03338839 1
 6       -1.28944037 1        1.06169131 1       -1.92341832 1
 6       -0.12500071 1        0.97245076 1       -1.08662737 1
 1        1.47582233 1       -1.43612383 1       -2.57358631 1
 1       -0.43458603 1       -1.37257061 1       -4.26650139 1
 1       -2.31938764 1        0.30950242 1       -3.89990869 1
 1       -2.05169209 1        1.71733744 1       -1.64370602 1
 1       -0.13366460 1        1.65260502 1       -0.24535631 1
