 7        1.98408048 1       -0.02281775 1        0.61839981 1
 6        0.84877938 1       -0.15424276 1        1.41275742 1
 6        0.68052584 1        0.86473416 1        2.39519978 1
 6       -0.46782555 1        0.83006340 1        3.22113701 1
 6       -1.38485459 1       -0.22240910 1        3.03878226 1
 6       -1.30148292 1       -1.11400875 1        2.01620155 1
 6       -0.15424787 1       -1.15685844 1        1.21553928 1
 1        1.34558144 1        1.76912984 1        2.79890879 1
 1       -0.43390998 1        1.64625112 1        3.85616108 1
 1       -2.33331308 1       -0.29972914 1        3.49909624 1
 1       -2.11108512 1       -1.95947006 1        1.75553742 1
 1        0.19903409 1       -1.81185907 1        0.37125176 1
 7        1.89445770 1       -0.00446753 1       -0.56884628 1
 6        0.72199062 1        0.10145971 1       -1.40939912 1
 6        0.67317260 1       -0.89865850 1       -2.39893664 1
 6       -0.35826839 1       -0.78465254 1       -3.28367475 1
 6       -1.37633029 1        0.15432557 1       -3.11270161 1
 6       -1.33975965 1        1.15439335 1       -2.13671170 1
 6       -0.18268864 1        1.10538778 1       -1.25819343 1
 1        1.32884750 1       -1.71598053 1       -2.40922159 1
 1       -0.43972308 1       -1.69354003 1       -4.00578644 1
 1       -2.42547008 1        0.38136816 1       -3.88791593 1
 1       -2.21618417 1        1.96685751 1       -1.91057691 1
 1       -0.02108856 1        1.90095399 1       -0.65815108 1
