 7        1.98807832 1        0.07342310 1        0.60267181 1
 6        0.80533050 1       -0.04733972 1        1.42113782 1
 6        0.72917400 1        0.86596202 1        2.44820330 1
 6       -0.42448225 1        0.74510917 1        3.37595671 1
 6       -1.44983904 1       -0.18877727 1        3.05144084 1
 6       -1.33190611 1       -1.10046140 1        1.94414930 1
 6       -0.23320968 1       -0.98058588 1        1.16557477 1
 1        1.50699994 1        1.44728400 1        2.84457463 1
 1       -0.37691259 1        1.52901699 1        4.13084294 1
 1       -2.51999702 1       -0.05235435 1        3.62300213 1
 1       -2.06337334 1       -1.80899799 1        1.96014994 1
 1       -0.21001286 1       -1.58904341 1        0.15027913 1
 7        2.00618892 1        0.06238608 1       -0.63801667 1
 6        0.76784245 1       -0.05048234 1       -1.39998992 1
 6        0.66870874 1       -0.92990176 1       -2.45389330 1
 6       -0.41877897 1       -0.78004011 1       -3.37295830 1
 6       -1.35083444 1        0.19875827 1       -3.21684412 1
 6       -1.31127805 1        1.04256455 1       -2.06786123 1
 6       -0.24688403 1        0.93596218 1       -1.12094234 1
 1        1.55635046 1       -1.62389077 1       -2.94984111 1
 1       -0.48796138 1       -1.53267515 1       -4.14519780 1
 1       -2.25334005 1        0.17468241 1       -3.72550418 1
 1       -1.92050994 1        1.82566988 1       -1.81301124 1
 1       -0.09896440 1        1.55768509 1       -0.36715212 1
