 7        2.00144976 1       -0.02280594 1        0.64284255 1
 6        0.83672990 1       -0.08036787 1        1.44639507 1
 6        0.62075210 1        0.89566726 1        2.47744212 1
 6       -0.55895862 1        0.86582759 1        3.21111853 1
 6       -1.48469596 1       -0.20337294 1        2.97402440 1
 6       -1.17572742 1       -1.24499210 1        2.07212366 1
 6       -0.00091936 1       -1.09745025 1        1.13387815 1
 1        1.49614593 1        1.62298582 1        2.37785946 1
 1       -0.62606008 1        1.69212546 1        4.03668335 1
 1       -2.31518428 1       -0.35924528 1        3.66204315 1
 1       -1.97993874 1       -2.01704532 1        1.90558014 1
 1       -0.00201764 1       -1.97156087 1        0.46192545 1
 7        1.99401020 1        0.04221481 1       -0.61282842 1
 6        0.72032583 1       -0.00802406 1       -1.34046933 1
 6        0.60599722 1       -0.92583299 1       -2.41130198 1
 6       -0.55478742 1       -0.81515122 1       -3.22683610 1
 6       -1.43875797 1        0.26272963 1       -3.24252397 1
 6       -1.19310143 1        1.18450362 1       -2.15219826 1
 6       -0.16928672 1        1.01278158 1       -1.20697548 1
 1        1.38884865 1       -1.69335046 1       -2.61199402 1
 1       -0.61290421 1       -1.60694716 1       -4.06945327 1
 1       -2.13116376 1        0.44829904 1       -4.02728106 1
 1       -1.90917290 1        2.00551362 1       -2.03797096 1
 1       -0.23724706 1        1.80993846 1       -0.42944877 1
