 7        1.97394146 1       -0.10023632 1        0.54976301 1
 6        0.73321058 1       -0.06360406 1        1.41176643 1
 6        0.69895088 1        0.91238566 1        2.42586352 1
 6       -0.46600770 1        0.81997428 1        3.12098150 1
 6       -1.40467414 1       -0.20136969 1        3.04468598 1
 6       -1.30067203 1       -1.14274872 1        2.01238677 1
 6       -0.18867202 1       -1.13220882 1        1.13089784 1
 1        1.41428045 1        1.74732049 1        2.37074983 1
 1       -0.66899475 1        1.38325729 1        4.08105861 1
 1       -2.14998783 1       -0.22643814 1        3.86099312 1
 1       -1.92573379 1       -1.89770713 1        2.09513461 1
 1        0.09386449 1       -1.95079471 1        0.32316194 1
 7        1.96396762 1       -0.01876173 1       -0.60620733 1
 6        0.80880862 1        0.09977110 1       -1.40828476 1
 6        0.67771649 1       -0.83669757 1       -2.35901594 1
 6       -0.37609710 1       -0.80001892 1       -3.27624925 1
 6       -1.33772208 1        0.17813269 1       -3.12607357 1
 6       -1.33276853 1        1.07787164 1       -2.01666107 1
 6       -0.26570949 1        1.07969378 1       -1.18766385 1
 1        1.33638985 1       -1.72544104 1       -2.25204457 1
 1       -0.42823055 1       -1.50670861 1       -4.10376188 1
 1       -2.25446817 1        0.37009610 1       -3.70451273 1
 1       -1.94670397 1        1.85785087 1       -2.15275951 1
 1       -0.06141910 1        2.07745157 1       -0.50080108 1
