 7        1.99899715 1       -0.03288199 1        0.57802055 1
 6        0.80915503 1       -0.19439876 1        1.39327747 1
 6        0.56058762 1        0.88312643 1        2.29041722 1
 6       -0.56646076 1        0.88217864 1        3.11551263 1
 6       -1.37965262 1       -0.16472963 1        3.05624453 1
 6       -1.28562269 1       -1.18240050 1        2.09632620 1
 6       -0.12504454 1       -1.23717424 1        1.26816338 1
 1        1.25555714 1        1.75315361 1        2.51158945 1
 1       -0.89000526 1        1.70655991 1        3.70699286 1
 1       -2.18912046 1       -0.14765971 1        3.87561472 1
 1       -1.80446989 1       -2.16647209 1        2.02648762 1
 1       -0.03144179 1       -2.16085969 1        0.51121943 1
 7        2.00296628 1       -0.00090025 1       -0.59699815 1
 6        0.76124615 1        0.06481341 1       -1.47173271 1
 6        0.66628586 1       -0.83099226 1       -2.46079139 1
 6       -0.39106084 1       -0.86830776 1       -3.27246179 1
 6       -1.37315429 1        0.22251529 1       -3.05177595 1
 6       -1.24327124 1        1.24252866 1       -2.07287511 1
 6       -0.18190987 1        1.09862809 1       -1.15716541 1
 1        1.36430441 1       -1.59423353 1       -2.73166500 1
 1       -0.71788593 1       -1.49894438 1       -4.04666920 1
 1       -2.30423461 1        0.19537351 1       -3.61007659 1
 1       -2.05416554 1        1.88171484 1       -1.95875653 1
 1       -0.16583166 1        1.87401149 1       -0.31776411 1
