 7        2.00089386 1       -0.02648163 1        0.61771387 1
 6        0.74805961 1       -0.04577652 1        1.41456395 1
 6        0.65507280 1        0.82186003 1        2.44171426 1
 6       -0.47669062 1        0.75425610 1        3.20673693 1
 6       -1.39258188 1       -0.26376060 1        3.10525903 1
 6       -1.24191210 1       -1.09062896 1        1.99731571 1
 6       -0.23492256 1       -1.00066075 1        1.00944971 1
 1        1.34038249 1        1.52789975 1        2.48205059 1
 1       -0.71048897 1        1.30690585 1        4.10509849 1
 1       -2.31877382 1       -0.44392325 1        3.69448395 1
 1       -2.09119496 1       -1.83536545 1        1.63025724 1
 1       -0.12588278 1       -1.54674526 1        0.04859765 1
 7        2.00094376 1        0.11564069 1       -0.55769654 1
 6        0.69511214 1        0.04883843 1       -1.37721727 1
 6        0.60285678 1       -0.93028255 1       -2.41791256 1
 6       -0.48595372 1       -0.94832413 1       -3.22388848 1
 6       -1.34923154 1        0.12041047 1       -3.04643969 1
 6       -1.22562612 1        1.11572866 1       -2.03985263 1
 6       -0.07302214 1        1.18477210 1       -1.31021200 1
 1        1.37981663 1       -1.74009246 1       -2.70101059 1
 1       -0.40352536 1       -1.50546435 1       -4.19798965 1
 1       -2.40496694 1        0.34778821 1       -3.71753706 1
 1       -1.95926628 1        1.84078529 1       -2.12332236 1
 1        0.11472533 1        1.96087714 1       -0.66532925 1
