 7        2.00079363 1       -0.03811413 1        0.56508023 1
 6        0.77291205 1       -0.02636691 1        1.41899831 1
 6        0.63347704 1        0.80765492 1        2.48927734 1
 6       -0.41834344 1        0.75620548 1        3.30282986 1
 6       -1.48063253 1       -0.09558110 1        3.05501243 1
 6       -1.26798540 1       -1.12070799 1        2.14250624 1
 6       -0.17612932 1       -1.03727687 1        1.16972490 1
 1        1.50352933 1        1.50183294 1        2.32916065 1
 1       -0.51098949 1        1.50326644 1        4.10480924 1
 1       -2.31564844 1       -0.12394428 1        3.62195670 1
 1       -2.27648694 1       -1.71837665 1        1.76934947 1
 1       -0.12855560 1       -1.72530951 1        0.35403765 1
 7        2.01840044 1       -0.00738295 1       -0.64461909 1
 6        0.77903194 1        0.01093083 1       -1.41107753 1
 6        0.72140926 1       -0.90445999 1       -2.52047726 1
 6       -0.33100387 1       -0.73102694 1       -3.34651424 1
 6       -1.35760102 1        0.17099231 1       -3.16541468 1
 6       -1.39088884 1        1.07482480 1       -2.00908300 1
 6       -0.29189933 1        0.99810587 1       -1.23561314 1
 1        1.58438655 1       -1.53139087 1       -2.58261150 1
 1       -0.52614679 1       -1.42868714 1       -4.25297330 1
 1       -1.97215425 1        0.31604413 1       -4.17006019 1
 1       -2.28093473 1        1.71272136 1       -1.84879666 1
 1       -0.15417666 1        1.64794260 1       -0.38623197 1
