 7        2.02677747 1       -0.04062798 1        0.64228211 1
 6        0.77303766 1       -0.04941759 1        1.36855119 1
 6        0.60654756 1        0.88971914 1        2.29502024 1
 6       -0.53692084 1        0.88876261 1        3.10219995 1
 6       -1.47030677 1       -0.27289431 1        3.01695340 1
 6       -1.25798845 1       -1.13519318 1        1.81350686 1
 6       -0.14250574 1       -1.00792325 1        1.10813175 1
 1        1.37386543 1        1.80634787 1        2.42113910 1
 1       -0.68602988 1        1.84065317 1        3.79948126 1
 1       -2.31992101 1       -0.56814067 1        3.71562470 1
 1       -1.97061716 1       -1.87977023 1        1.82434832 1
 1       -0.00129514 1       -1.71499322 1        0.31552803 1
 7        2.08846806 1       -0.04462468 1       -0.55160993 1
 6        0.81783832 1        0.03139907 1       -1.36242088 1
 6        0.70554182 1       -0.90426742 1       -2.48542250 1
 6       -0.53920076 1       -0.82147067 1       -3.21947268 1
 6       -1.44509974 1        0.19677575 1       -2.97991719 1
 6       -1.28828599 1        1.11929846 1       -1.88647859 1
 6       -0.15665696 1        1.03350428 1       -1.14844341 1
 1        1.57262231 1       -1.61388996 1       -2.78553248 1
 1       -0.62803109 1       -1.50776850 1       -3.96699372 1
 1       -2.27874628 1        0.15986433 1       -3.46756300 1
 1       -1.89726137 1        1.88366153 1       -1.78170175 1
 1       -0.07198109 1        1.52664457 1       -0.31007532 1
