 7        2.12780492 1       -0.01399115 1        0.62483315 1
 6        0.86065995 1       -0.14425063 1        1.30803991 1
 6        0.54786266 1        0.90781358 1        2.22538388 1
 6       -0.55083657 1        0.83360805 1        3.07724502 1
 6       -1.49473763 1       -0.21450621 1        2.84094775 1
 6       -1.29497206 1       -1.26233300 1        1.93023716 1
 6       -0.06205866 1       -1.19528243 1        1.15380875 1
 1        1.26354098 1        1.90838902 1        2.31265476 1
 1       -0.93845160 1        1.76009698 1        3.89949808 1
 1       -2.50919686 1       -0.04982128 1        3.37271317 1
 1       -1.97273724 1       -2.32954995 1        2.11065131 1
 1       -0.03455726 1       -1.92596707 1        0.38612667 1
 7        2.07630465 1        0.03973838 1       -0.59518858 1
 6        0.78754945 1        0.06616965 1       -1.30608363 1
 6        0.58272002 1       -0.90123343 1       -2.24956793 1
 6       -0.55400329 1       -0.82472275 1       -3.11721546 1
 6       -1.55934324 1        0.17912508 1       -2.94559644 1
 6       -1.17911244 1        1.18907776 1       -2.04524651 1
 6       -0.05007228 1        1.17466105 1       -1.18638803 1
 1        1.36319139 1       -1.78585763 1       -2.45779698 1
 1       -0.63739854 1       -1.46201654 1       -3.96179616 1
 1       -2.42933471 1        0.19189204 1       -3.51055735 1
 1       -1.88320103 1        1.98831490 1       -1.94401887 1
 1        0.02117010 1        2.00204277 1       -0.34956494 1
