 7        2.07920089 1       -0.08101270 1        0.60084117 1
 6        0.75993546 1       -0.04946500 1        1.28356268 1
 6        0.55520422 1        0.95013758 1        2.25600915 1
 6       -0.55007985 1        0.88373916 1        3.12188892 1
 6       -1.46921549 1       -0.21009241 1        3.00067661 1
 6       -1.26901212 1       -1.24433968 1        2.13476606 1
 6       -0.04305410 1       -1.17589787 1        1.34010770 1
 1        1.20906164 1        1.61823392 1        2.32527956 1
 1       -0.96855152 1        1.83385055 1        3.83987865 1
 1       -2.38027106 1       -0.17081820 1        3.63460315 1
 1       -1.82718688 1       -2.24195283 1        2.19270522 1
 1        0.34466223 1       -1.84511355 1        0.51912805 1
 7        1.98004921 1       -0.09561007 1       -0.61461477 1
 6        0.75422679 1        0.00192900 1       -1.29196409 1
 6        0.66503335 1       -0.80138041 1       -2.52909464 1
 6       -0.49095997 1       -0.75302527 1       -3.27232957 1
 6       -1.38530776 1        0.26167887 1       -3.09530844 1
 6       -1.24712870 1        1.08720051 1       -2.01354664 1
 6       -0.16644079 1        1.09414747 1       -1.15059990 1
 1        1.43539231 1       -1.46376752 1       -2.92505362 1
 1       -0.58900596 1       -1.53548738 1       -4.02070557 1
 1       -2.11623479 1        0.38949390 1       -3.85376001 1
 1       -1.90637294 1        1.93243566 1       -2.06272329 1
 1        0.10713571 1        1.77633630 1       -0.36223372 1
