 7        1.98900690 1       -0.14606343 1        0.60602135 1
 6        0.79377510 1       -0.17521141 1        1.38443635 1
 6        0.72481043 1        0.81812465 1        2.35964160 1
 6       -0.48820501 1        0.80151791 1        3.14560250 1
 6       -1.43104805 1       -0.12602257 1        3.05458766 1
 6       -1.27974849 1       -1.11260808 1        2.08755591 1
 6       -0.26279443 1       -1.07076429 1        1.18874280 1
 1        1.42510359 1        1.50283093 1        2.50068195 1
 1       -0.49755130 1        1.57210096 1        4.02364698 1
 1       -2.30325463 1       -0.28110443 1        3.61063184 1
 1       -2.08178356 1       -2.03068147 1        1.98770020 1
 1       -0.19786881 1       -1.62176800 1        0.43278910 1
 7        1.99986163 1        0.11163232 1       -0.60990340 1
 6        0.78639259 1        0.15043271 1       -1.40086842 1
 6        0.75355305 1       -0.80366806 1       -2.45682386 1
 6       -0.45225254 1       -0.81952632 1       -3.25797645 1
 6       -1.37154607 1        0.14331625 1       -3.14319309 1
 6       -1.26489221 1        1.07548462 1       -2.07368467 1
 6       -0.24927621 1        1.07175170 1       -1.16591306 1
 1        1.40544454 1       -1.54637840 1       -2.58464588 1
 1       -0.29395977 1       -1.57217092 1       -3.96426974 1
 1       -2.35424118 1        0.12408074 1       -3.68371880 1
 1       -2.25097705 1        1.66457910 1       -2.16206076 1
 1       -0.29763399 1        1.59909477 1       -0.27221825 1
