 7        2.04691807 1        0.00415227 1        0.63272674 1
 6        0.77865377 1        0.00636248 1        1.36800837 1
 6        0.63725705 1        0.84123965 1        2.46142443 1
 6       -0.51803403 1        0.79175961 1        3.15751374 1
 6       -1.49258284 1       -0.28202777 1        3.05886749 1
 6       -1.22702627 1       -1.16562583 1        1.97839587 1
 6       -0.04188866 1       -0.99444572 1        1.12691453 1
 1        1.39352290 1        1.71994064 1        2.62148197 1
 1       -0.69348955 1        1.45684077 1        4.14219893 1
 1       -2.37099849 1       -0.52637450 1        3.59342228 1
 1       -1.90932467 1       -1.98545225 1        1.77398677 1
 1        0.09840017 1       -1.96739089 1        0.50554820 1
 7        1.92618281 1       -0.02294529 1       -0.59019152 1
 6        0.78331976 1        0.06326982 1       -1.38839815 1
 6        0.54558109 1       -0.93984355 1       -2.37108829 1
 6       -0.54401198 1       -0.89457219 1       -3.25875258 1
 6       -1.40577355 1        0.19374075 1       -3.11566325 1
 6       -1.17133422 1        1.12686521 1       -2.11625739 1
 6       -0.13956238 1        1.17615313 1       -1.22645087 1
 1        1.35567364 1       -1.67235236 1       -2.43115532 1
 1       -0.71785512 1       -1.42553174 1       -3.98207968 1
 1       -2.12057649 1        0.21903542 1       -3.94206744 1
 1       -1.70601901 1        1.85419482 1       -1.81774301 1
 1        0.08796743 1        1.87700206 1       -0.65328491 1
