 7        1.90151975 1        0.07399516 1        0.55239946 1
 6        0.72175180 1       -0.05021388 1        1.42234670 1
 6        0.68787815 1        0.75285981 1        2.57812750 1
 6       -0.40380638 1        0.75215329 1        3.40718690 1
 6       -1.32914013 1       -0.28010513 1        3.25830774 1
 6       -1.37597864 1       -1.03290040 1        2.07503603 1
 6       -0.37021730 1       -0.89699984 1        1.09048063 1
 1        1.48091086 1        1.36313795 1        2.62417501 1
 1       -0.44015171 1        1.21564986 1        4.58470694 1
 1       -2.17004875 1       -0.41111644 1        4.17644371 1
 1       -2.23544040 1       -1.74699383 1        1.79271870 1
 1       -0.29077521 1       -1.56014711 1        0.30900097 1
 7        2.03320015 1        0.11093331 1       -0.66846961 1
 6        0.82527091 1       -0.01372675 1       -1.42697565 1
 6        0.72436544 1       -0.87581913 1       -2.51117845 1
 6       -0.38618624 1       -0.83669870 1       -3.32258611 1
 6       -1.41597662 1        0.11970115 1       -3.19529194 1
 6       -1.27934356 1        1.07807284 1       -2.19971667 1
 6       -0.15826409 1        0.95835597 1       -1.34045393 1
 1        1.42342123 1       -1.57086113 1       -2.51752510 1
 1       -0.40450558 1       -1.64515136 1       -4.25926806 1
 1       -2.00122003 1        0.16939674 1       -4.06053586 1
 1       -1.82397078 1        1.96798978 1       -2.03259841 1
 1       -0.01325439 1        1.89257807 1       -0.51737076 1
