 7        2.02255753 1       -0.03651682 1        0.54606364 1
 6        0.75820573 1       -0.13023696 1        1.34566609 1
 6        0.66831593 1        0.91459293 1        2.30397507 1
 6       -0.48585990 1        0.86760152 1        3.11693269 1
 6       -1.46842939 1       -0.12600060 1        2.86942640 1
 6       -1.34992129 1       -1.14463101 1        1.86571387 1
 6       -0.16873491 1       -1.09785200 1        1.10097465 1
 1        1.49380163 1        1.54704981 1        2.36902416 1
 1       -0.75098806 1        1.59084855 1        4.03836466 1
 1       -2.45249678 1        0.01566812 1        3.65606939 1
 1       -2.21693059 1       -1.91993914 1        1.65034047 1
 1       -0.16636548 1       -1.83822685 1        0.28892968 1
 7        2.07757608 1       -0.00760535 1       -0.61196150 1
 6        0.79481073 1        0.02333688 1       -1.38317453 1
 6        0.74841149 1       -0.80904296 1       -2.46237352 1
 6       -0.44667163 1       -0.79522623 1       -3.14737841 1
 6       -1.42875067 1        0.16703804 1       -2.88122347 1
 6       -1.32021943 1        1.01963670 1       -1.85176672 1
 6       -0.19431021 1        1.02311167 1       -1.04671507 1
 1        1.60703010 1       -1.45470507 1       -2.70989242 1
 1       -0.30193204 1       -1.34405776 1       -4.19780723 1
 1       -2.20400493 1        0.08035867 1       -3.66524997 1
 1       -2.18723917 1        1.66981723 1       -1.70503876 1
 1       -0.00456936 1        1.68074302 1       -0.25985610 1
