 7        1.97421337 1        0.04723873 1        0.47757525 1
 6        0.74645791 1       -0.03146874 1        1.36333886 1
 6        0.58770284 1        0.86753916 1        2.46702484 1
 6       -0.49692094 1        0.80177223 1        3.26947896 1
 6       -1.44664285 1       -0.25438227 1        3.12354234 1
 6       -1.26429838 1       -1.18072310 1        2.11184308 1
 6       -0.19172294 1       -1.13426772 1        1.24167375 1
 1        1.39082736 1        1.75091295 1        2.54145061 1
 1       -0.48334877 1        1.49897801 1        4.01821573 1
 1       -2.41919706 1       -0.23219470 1        3.88137658 1
 1       -1.83378864 1       -2.10747120 1        2.13202170 1
 1       -0.15189743 1       -2.04120750 1        0.52065052 1
 7        2.00245583 1       -0.05363241 1       -0.65384496 1
 6        0.86544118 1        0.10608466 1       -1.38721813 1
 6        0.62831225 1       -0.90200950 1       -2.41118087 1
 6       -0.44098337 1       -0.77657499 1       -3.31932973 1
 6       -1.39710358 1        0.19346592 1       -3.15381725 1
 6       -1.21418239 1        1.15713530 1       -2.21959894 1
 6       -0.13830255 1        1.10019672 1       -1.20424816 1
 1        1.31750241 1       -1.84248278 1       -2.39752656 1
 1       -0.68144236 1       -1.69172665 1       -4.11560903 1
 1       -2.19651958 1        0.04181373 1       -3.83872767 1
 1       -1.99061701 1        1.94451811 1       -1.97429912 1
 1        0.02147188 1        1.77203883 1       -0.38173055 1
