 7        1.98791821 1       -0.01304695 1        0.57021752 1
 6        0.71736826 1       -0.07579475 1        1.30654138 1
 6        0.66200400 1        0.85989021 1        2.39015226 1
 6       -0.46250774 1        0.74151074 1        3.23569587 1
 6       -1.43350497 1       -0.21960486 1        2.91884948 1
 6       -1.28407192 1       -1.08130206 1        1.92513574 1
 6       -0.17540157 1       -1.05468232 1        1.10668510 1
 1        1.48433124 1        1.52011278 1        2.51380088 1
 1       -0.65919685 1        1.50315887 1        4.14126805 1
 1       -2.28468689 1       -0.17385889 1        3.46022860 1
 1       -2.18415906 1       -1.90378583 1        2.03976874 1
 1       -0.14488098 1       -1.68678573 1        0.24800520 1
 7        1.98400809 1        0.00925999 1       -0.64333705 1
 6        0.79251948 1        0.10666651 1       -1.36441582 1
 6        0.68181326 1       -0.91397763 1       -2.38141268 1
 6       -0.41111642 1       -0.86719691 1       -3.16167148 1
 6       -1.42285198 1        0.14621657 1       -3.01062400 1
 6       -1.28766086 1        1.07970896 1       -2.00091654 1
 6       -0.14604135 1        1.13437550 1       -1.19987472 1
 1        1.50402708 1       -1.62728907 1       -2.41870021 1
 1       -0.42257282 1       -1.46590830 1       -3.77268324 1
 1       -2.26761628 1        0.09098433 1       -3.75863106 1
 1       -1.91827564 1        1.96372424 1       -1.77195150 1
 1        0.01775682 1        1.91966470 1       -0.33103383 1
