 7        1.99313806 1       -0.00966680 1        0.61076284 1
 6        0.81640499 1        0.02873668 1        1.41939972 1
 6        0.62539007 1        0.76930390 1        2.56803286 1
 6       -0.49732903 1        0.69789527 1        3.39744921 1
 6       -1.40022471 1       -0.28171611 1        3.14797005 1
 6       -1.31458197 1       -0.96837028 1        1.98897545 1
 6       -0.18179338 1       -0.98042657 1        1.13371232 1
 1        1.59756919 1        1.37616400 1        2.79899827 1
 1       -0.61958362 1        1.14445177 1        4.35498105 1
 1       -2.30778374 1       -0.41433451 1        3.80235467 1
 1       -2.11893459 1       -1.81909932 1        1.82534321 1
 1       -0.21599905 1       -1.51573751 1        0.26573554 1
 7        1.96751154 1       -0.00164941 1       -0.63833699 1
 6        0.82836449 1        0.09599440 1       -1.45373873 1
 6        0.64515901 1       -0.85152861 1       -2.45377132 1
 6       -0.43479604 1       -0.90777912 1       -3.31540179 1
 6       -1.49015571 1        0.12990143 1       -3.13393476 1
 6       -1.22572824 1        1.02999470 1       -2.18192297 1
 6       -0.10009317 1        1.16983395 1       -1.35671986 1
 1        1.44934390 1       -1.64828563 1       -2.47981339 1
 1       -0.61638774 1       -1.71995295 1       -4.09888011 1
 1       -2.35092244 1        0.00503441 1       -3.74455208 1
 1       -1.96586278 1        1.86697535 1       -2.25920491 1
 1       -0.04717414 1        2.06403410 1       -0.69901474 1
