 7        2.04047318 1        0.00815606 1        0.63482885 1
 6        0.69768388 1       -0.12373503 1        1.35888899 1
 6        0.68921320 1        0.84400798 1        2.39211664 1
 6       -0.50001499 1        0.84448138 1        3.10823366 1
 6       -1.39775953 1       -0.20868368 1        3.03324330 1
 6       -1.32041582 1       -1.10543739 1        2.01756565 1
 6       -0.24893989 1       -1.05186423 1        1.11894751 1
 1        1.60078448 1        1.50058790 1        2.52833656 1
 1       -0.79433142 1        1.51263824 1        4.02140447 1
 1       -2.22299695 1       -0.45431159 1        3.84980186 1
 1       -2.18990302 1       -1.94557224 1        1.58358817 1
 1       -0.12175724 1       -1.78374334 1        0.36012287 1
 7        1.99766430 1        0.00865108 1       -0.55972548 1
 6        0.83554413 1        0.07039844 1       -1.46205443 1
 6        0.74637959 1       -0.83300199 1       -2.51882808 1
 6       -0.45012009 1       -0.88120462 1       -3.27269738 1
 6       -1.45000845 1        0.13445443 1       -2.94080976 1
 6       -1.27913640 1        1.12383853 1       -1.98165620 1
 6       -0.15031130 1        1.05890118 1       -1.20422912 1
 1        1.61112526 1       -1.51858298 1       -2.68976010 1
 1       -0.47855697 1       -1.60101778 1       -3.91691760 1
 1       -2.30252205 1        0.31157260 1       -3.71619568 1
 1       -2.12054791 1        1.87432521 1       -1.91459831 1
 1       -0.08076651 1        1.76331321 1       -0.44086702 1
