 7        2.04943384 1       -0.18616721 1        0.53382535 1
 6        0.80559241 1       -0.13437644 1        1.32176441 1
 6        0.62325766 1        0.91406179 1        2.26962413 1
 6       -0.61517094 1        0.91415583 1        3.01120399 1
 6       -1.52455192 1       -0.15411300 1        2.92481346 1
 6       -1.22428990 1       -1.17254054 1        1.99704951 1
 6       -0.01917247 1       -1.14620705 1        1.26198597 1
 1        1.38257598 1        1.58502888 1        2.20687054 1
 1       -0.54717928 1        1.71874886 1        3.66496299 1
 1       -2.58908827 1       -0.02900215 1        3.52239206 1
 1       -2.20721741 1       -2.04224276 1        2.16873823 1
 1        0.05895141 1       -1.97728440 1        0.50125930 1
 7        2.07559057 1        0.01004947 1       -0.59429855 1
 6        0.78573846 1        0.09055841 1       -1.35684218 1
 6        0.66492932 1       -0.84831046 1       -2.42886760 1
 6       -0.40791965 1       -0.72554141 1       -3.27392044 1
 6       -1.43527334 1        0.17885417 1       -3.00844670 1
 6       -1.30623874 1        1.09540246 1       -1.94186507 1
 6       -0.24437288 1        1.07178323 1       -0.99668334 1
 1        1.41695365 1       -1.61261756 1       -2.45855814 1
 1       -0.48897103 1       -1.52267059 1       -4.22303483 1
 1       -2.25631878 1        0.23351372 1       -3.67680388 1
 1       -2.13917313 1        1.83223910 1       -1.62257777 1
 1       -0.10870076 1        1.63505104 1       -0.09554330 1
