 7        1.96980025 1        0.01711809 1        0.61812709 1
 6        0.75379193 1        0.00135835 1        1.37294918 1
 6        0.63857003 1        0.87419822 1        2.48795122 1
 6       -0.47800217 1        0.82589193 1        3.25709891 1
 6       -1.36996827 1       -0.23685473 1        3.06223233 1
 6       -1.21704446 1       -1.12935416 1        1.94023918 1
 6       -0.23104535 1       -0.99180130 1        1.10780762 1
 1        1.44238468 1        1.52088471 1        2.71766223 1
 1       -0.68937092 1        1.45971329 1        4.18434960 1
 1       -2.22293297 1       -0.34800600 1        3.63920105 1
 1       -1.88416994 1       -1.94681350 1        1.99903023 1
 1       -0.10426167 1       -1.77887200 1        0.38507306 1
 7        2.04912717 1       -0.03708486 1       -0.58923601 1
 6        0.76924551 1        0.02664126 1       -1.38832088 1
 6        0.58288452 1       -0.92952044 1       -2.40699705 1
 6       -0.41592519 1       -0.79478576 1       -3.34786138 1
 6       -1.35758023 1        0.19251505 1       -3.16219933 1
 6       -1.31593120 1        1.11374951 1       -2.08359670 1
 6       -0.19441164 1        0.95113571 1       -1.17058208 1
 1        1.48356546 1       -1.75892608 1       -2.54495071 1
 1       -0.44949158 1       -1.30876920 1       -4.28880727 1
 1       -2.43959815 1        0.14227087 1       -3.62061402 1
 1       -1.90694896 1        1.94284133 1       -1.84109586 1
 1        0.02788988 1        1.87645965 1       -0.56105119 1
