 7        2.05891995 1       -0.00650710 1        0.55366939 1
 6        0.82535666 1       -0.14407223 1        1.39017618 1
 6        0.61414631 1        0.91335685 1        2.39361668 1
 6       -0.50091363 1        0.75115490 1        3.21993110 1
 6       -1.46603674 1       -0.29564066 1        2.91325643 1
 6       -1.33716264 1       -1.13609028 1        1.83587670 1
 6       -0.11220877 1       -1.04574327 1        1.06737898 1
 1        1.48905016 1        1.53881910 1        2.63386380 1
 1       -0.48332931 1        1.31323730 1        4.17761132 1
 1       -2.28370960 1       -0.28701545 1        3.52105431 1
 1       -2.02974465 1       -1.82804151 1        1.39416033 1
 1        0.03020616 1       -1.72928779 1        0.21503936 1
 7        1.99654612 1        0.13903729 1       -0.66266352 1
 6        0.73263926 1        0.03100275 1       -1.34057394 1
 6        0.64044908 1       -0.97109285 1       -2.23842800 1
 6       -0.54224371 1       -0.89148373 1       -3.02909257 1
 6       -1.36971234 1        0.13414161 1       -2.95097543 1
 6       -1.25995946 1        1.22801025 1       -2.07917395 1
 6       -0.09263483 1        1.16003978 1       -1.29763171 1
 1        1.31638016 1       -1.93004426 1       -2.27811191 1
 1       -0.71855868 1       -1.70952501 1       -3.75923575 1
 1       -2.24350203 1        0.06411831 1       -3.70052295 1
 1       -2.00320832 1        2.11894571 1       -2.06450614 1
 1        0.06712891 1        2.15009366 1       -0.72220721 1
