 7        2.03524606 1       -0.09318140 1        0.59798278 1
 6        0.73098311 1       -0.06061788 1        1.34312148 1
 6        0.61413397 1        1.04005769 1        2.26295910 1
 6       -0.48098963 1        0.89786349 1        3.14093189 1
 6       -1.38737011 1       -0.16704685 1        2.93842452 1
 6       -1.30348138 1       -1.23141887 1        2.08424847 1
 6       -0.11156035 1       -1.16196469 1        1.27196253 1
 1        1.38796523 1        1.65616418 1        2.47483072 1
 1       -0.74960929 1        1.65458225 1        3.68406428 1
 1       -2.21114126 1       -0.11627852 1        3.70032386 1
 1       -1.88339416 1       -2.07061320 1        2.09841603 1
 1        0.27631675 1       -1.98226222 1        0.45932753 1
 7        1.99516252 1       -0.11785559 1       -0.55877290 1
 6        0.79664257 1       -0.03065166 1       -1.29658786 1
 6        0.65956824 1       -0.77763622 1       -2.46857643 1
 6       -0.33876367 1       -0.71910766 1       -3.39492999 1
 6       -1.41788564 1        0.25175994 1       -3.11774036 1
 6       -1.36956230 1        1.09088076 1       -2.00162868 1
 6       -0.26008107 1        0.94951989 1       -1.07902555 1
 1        1.56761593 1       -1.45443517 1       -2.57795267 1
 1       -0.50137288 1       -1.24286000 1       -4.31775197 1
 1       -2.34212683 1        0.45513770 1       -3.80934549 1
 1       -1.89480186 1        1.89361998 1       -1.89934162 1
 1       -0.15957622 1        1.53772963 1       -0.05902590 1
