 7        2.03685714 1       -0.20922043 1        0.61048043 1
 6        0.75788657 1       -0.11598109 1        1.32349600 1
 6        0.62957064 1        1.00846212 1        2.22979237 1
 6       -0.42551620 1        0.87001333 1        3.14428982 1
 6       -1.43846187 1       -0.10546371 1        2.90384348 1
 6       -1.27567135 1       -1.19178813 1        2.07775847 1
 6       -0.06842324 1       -1.20761755 1        1.25700033 1
 1        1.22422784 1        1.95570231 1        2.30674875 1
 1       -0.47887446 1        1.72985353 1        3.89177839 1
 1       -2.35606892 1        0.07133907 1        3.40525061 1
 1       -1.96801303 1       -1.96340168 1        2.09906014 1
 1        0.13376106 1       -1.99375622 1        0.56209408 1
 7        1.88639793 1       -0.02905049 1       -0.54531299 1
 6        0.74368216 1        0.07903996 1       -1.30662328 1
 6        0.71619170 1       -0.77296373 1       -2.47729337 1
 6       -0.36245909 1       -0.70077917 1       -3.38221408 1
 6       -1.37347197 1        0.26070215 1       -3.09690369 1
 6       -1.35269604 1        1.02608069 1       -1.99493225 1
 6       -0.28711096 1        0.96693706 1       -0.98769038 1
 1        1.51833374 1       -1.64135653 1       -2.70991039 1
 1       -0.27163296 1       -1.42223500 1       -4.17474972 1
 1       -2.11516835 1        0.17674476 1       -3.86931294 1
 1       -2.14374846 1        1.74201407 1       -2.04233878 1
 1       -0.13447897 1        1.63748482 1       -0.16342956 1
