 7        1.94711519 1       -0.00878757 1        0.57419957 1
 6        0.83712044 1       -0.08583782 1        1.43282688 1
 6        0.59003376 1        0.97693876 1        2.33975883 1
 6       -0.51576030 1        0.78260946 1        3.19373433 1
 6       -1.43436663 1       -0.20944333 1        2.94634347 1
 6       -1.21567666 1       -1.30157077 1        2.04840983 1
 6       -0.15353953 1       -1.11848158 1        1.23427007 1
 1        1.22288018 1        1.77689394 1        2.35928448 1
 1       -0.63709072 1        1.44979037 1        4.09318407 1
 1       -2.32150159 1       -0.45700894 1        3.55221337 1
 1       -2.17674983 1       -1.92042116 1        1.88939332 1
 1        0.00768421 1       -2.02726396 1        0.49910626 1
 7        2.06236659 1        0.02944790 1       -0.63335014 1
 6        0.70838493 1        0.03883521 1       -1.38012135 1
 6        0.59571663 1       -0.89872727 1       -2.42314728 1
 6       -0.47773653 1       -0.88025649 1       -3.21829750 1
 6       -1.35852397 1        0.19907673 1       -3.03130948 1
 6       -1.17337061 1        1.25566061 1       -2.15498379 1
 6       -0.15287674 1        1.10878030 1       -1.19720741 1
 1        1.38570586 1       -1.66694825 1       -2.48455913 1
 1       -0.89370188 1       -1.82153043 1       -3.86503120 1
 1       -2.27622429 1        0.35434507 1       -3.67952457 1
 1       -1.85411776 1        2.25840535 1       -2.17327241 1
 1       -0.07853638 1        1.71384217 1       -0.34594745 1
