 7        2.03030624 1        0.01751036 1        0.57604664 1
 6        0.79868373 1        0.02468048 1        1.39095051 1
 6        0.67021048 1        0.80030917 1        2.47872663 1
 6       -0.51872362 1        0.78547236 1        3.20273523 1
 6       -1.46364790 1       -0.16195521 1        2.99424078 1
 6       -1.24850259 1       -1.10125264 1        1.96853633 1
 6       -0.13898008 1       -0.98676920 1        1.18475420 1
 1        1.39096388 1        1.56597141 1        2.71466678 1
 1       -0.61891172 1        1.47562690 1        4.14881157 1
 1       -2.36639217 1       -0.25512640 1        3.56023429 1
 1       -2.30144210 1       -1.69801953 1        1.74035626 1
 1       -0.04555471 1       -1.78855626 1        0.49832727 1
 7        2.01122955 1        0.01068407 1       -0.58989743 1
 6        0.75974095 1       -0.06011865 1       -1.40748984 1
 6        0.66556653 1       -0.91710202 1       -2.46180073 1
 6       -0.43749642 1       -0.75917498 1       -3.36731831 1
 6       -1.40879168 1        0.22379752 1       -3.04605398 1
 6       -1.28674921 1        1.03785133 1       -2.00802872 1
 6       -0.18729547 1        0.95247187 1       -1.18702931 1
 1        1.44978519 1       -1.49001632 1       -2.84636355 1
 1       -0.49250328 1       -1.46672902 1       -4.29937253 1
 1       -2.25987726 1        0.09695850 1       -3.74028540 1
 1       -2.15487112 1        1.91065421 1       -1.82756453 1
 1       -0.12773632 1        1.55441270 1       -0.16128752 1
