 7        1.94642075 1        0.02927867 1        0.57360660 1
 6        0.78403241 1        0.02082361 1        1.33995018 1
 6        0.61800452 1        0.84884767 1        2.48142131 1
 6       -0.41597074 1        0.71529876 1        3.39946729 1
 6       -1.43568793 1       -0.22380563 1        3.12107675 1
 6       -1.35089218 1       -1.10000601 1        2.05393261 1
 6       -0.28852151 1       -1.00316096 1        1.21349986 1
 1        1.40649437 1        1.51470379 1        2.77208116 1
 1       -0.25533594 1        1.43465547 1        4.22101035 1
 1       -2.18327705 1       -0.16036257 1        3.91973558 1
 1       -2.07325243 1       -1.66866024 1        1.78330963 1
 1       -0.09724386 1       -1.78820833 1        0.30277101 1
 7        2.01313006 1        0.03678635 1       -0.59937866 1
 6        0.84698353 1       -0.01777800 1       -1.47443651 1
 6        0.70771033 1       -0.90089997 1       -2.53650952 1
 6       -0.43094319 1       -0.85251839 1       -3.36079355 1
 6       -1.42345937 1        0.17644574 1       -3.20734253 1
 6       -1.26826156 1        1.04012070 1       -2.06518729 1
 6       -0.10512930 1        1.05646286 1       -1.21262621 1
 1        1.69885736 1       -1.38054702 1       -2.75722100 1
 1       -0.54159585 1       -1.42883323 1       -4.09385744 1
 1       -2.46867541 1        0.25233001 1       -3.64440758 1
 1       -2.13196708 1        1.69247224 1       -2.35064196 1
 1       -0.14446649 1        1.84461962 1       -0.32139646 1
