 7        1.93968804 1        0.04096753 1        0.63984703 1
 6        0.84203487 1       -0.02224768 1        1.45667752 1
 6        0.78821677 1        0.80248498 1        2.57170780 1
 6       -0.37705055 1        0.74974051 1        3.34559669 1
 6       -1.41693733 1       -0.21882985 1        3.02270979 1
 6       -1.39147747 1       -1.02772004 1        1.94431112 1
 6       -0.18146296 1       -0.94057878 1        1.11320845 1
 1        1.75869798 1        1.42102767 1        2.68191301 1
 1       -0.57702527 1        1.47503491 1        4.31550377 1
 1       -2.28825159 1       -0.31315540 1        3.67073026 1
 1       -2.26520869 1       -1.57785230 1        1.66007513 1
 1       -0.01937844 1       -1.61234212 1        0.25043873 1
 7        1.93689536 1       -0.00982284 1       -0.57009082 1
 6        0.73399461 1        0.02998581 1       -1.37078244 1
 6        0.68631567 1       -0.81378967 1       -2.54416710 1
 6       -0.41064185 1       -0.82354618 1       -3.35154314 1
 6       -1.37522299 1        0.10522953 1       -3.12921491 1
 6       -1.29429426 1        1.03673516 1       -2.14533309 1
 6       -0.27030597 1        0.96627710 1       -1.22664322 1
 1        1.47369930 1       -1.56490245 1       -2.63769886 1
 1       -0.40054126 1       -1.40039461 1       -4.27632268 1
 1       -2.14495406 1        0.04868853 1       -3.73624249 1
 1       -2.19591230 1        1.73807508 1       -2.11940116 1
 1       -0.11356736 1        1.58409838 1       -0.52007736 1
