 7        2.01991803 1       -0.11608492 1        0.55539986 1
 6        0.79111384 1       -0.16339492 1        1.46237837 1
 6        0.62009000 1        0.88651695 1        2.41597465 1
 6       -0.42927762 1        0.80215099 1        3.32302419 1
 6       -1.46076594 1       -0.11154134 1        3.08908647 1
 6       -1.26318808 1       -1.08728873 1        2.14361376 1
 6       -0.19984955 1       -1.04181124 1        1.28203846 1
 1        1.42417250 1        1.66819528 1        2.78061476 1
 1       -0.59243762 1        1.52054657 1        4.16735941 1
 1       -2.26490442 1       -0.38617311 1        3.52003825 1
 1       -1.87820687 1       -1.95335532 1        1.90133294 1
 1       -0.21592284 1       -1.83057814 1        0.38013570 1
 7        1.95936293 1        0.00227990 1       -0.58051724 1
 6        0.74129472 1        0.11637301 1       -1.41667495 1
 6        0.76186383 1       -0.79486079 1       -2.57548264 1
 6       -0.42440519 1       -0.79511841 1       -3.44175173 1
 6       -1.43745266 1        0.13405190 1       -3.16442643 1
 6       -1.25174857 1        1.03325733 1       -2.12257075 1
 6       -0.25750926 1        1.00017310 1       -1.20953430 1
 1        1.82712637 1       -1.33759761 1       -2.72778293 1
 1       -0.42610529 1       -1.44685048 1       -4.36194846 1
 1       -2.21289391 1        0.36986354 1       -3.97382598 1
 1       -1.96601565 1        1.90252954 1       -2.05443197 1
 1       -0.19151889 1        1.70107634 1       -0.20479290 1
