 7        2.04479776 1        0.00993903 1        0.57571162 1
 6        0.75306274 1       -0.06083304 1        1.34385538 1
 6        0.62022666 1        0.89914055 1        2.40945588 1
 6       -0.53262212 1        0.83443019 1        3.24419176 1
 6       -1.43710864 1       -0.21511237 1        2.98107551 1
 6       -1.26489733 1       -1.17370674 1        1.92527632 1
 6       -0.22213142 1       -1.06824918 1        1.13071320 1
 1        1.22244537 1        1.69464591 1        2.69999556 1
 1       -0.74548867 1        1.46848545 1        4.20342714 1
 1       -2.29223494 1       -0.38580159 1        3.74787042 1
 1       -2.01782784 1       -1.99484342 1        1.75526821 1
 1       -0.07680552 1       -1.85549783 1        0.38634444 1
 7        2.04188927 1        0.00642131 1       -0.64499544 1
 6        0.88320793 1        0.09746565 1       -1.46322205 1
 6        0.54399878 1       -0.90408866 1       -2.32632800 1
 6       -0.48754377 1       -0.83247801 1       -3.25787637 1
 6       -1.35816099 1        0.21088692 1       -3.00872714 1
 6       -1.22219884 1        1.06703100 1       -1.97896849 1
 6       -0.07347755 1        1.08844896 1       -1.23286297 1
 1        1.27420749 1       -1.91300581 1       -2.64933719 1
 1       -0.74473834 1       -1.64650294 1       -4.10936479 1
 1       -2.30842437 1       -0.00725897 1       -3.78862363 1
 1       -2.28908094 1        1.74086845 1       -1.65759333 1
 1       -0.15615773 1        1.72155791 1       -0.32026066 1
