 7        1.92357777 1       -0.02662171 1        0.53362538 1
 6        0.77743133 1       -0.06592035 1        1.40648915 1
 6        0.60272358 1        0.83801841 1        2.51828451 1
 6       -0.51023019 1        0.85427988 1        3.25143766 1
 6       -1.42614794 1       -0.21388421 1        3.04939442 1
 6       -1.21072740 1       -1.18439380 1        2.03339161 1
 6       -0.14920146 1       -1.01951927 1        1.20255487 1
 1        1.43086553 1        1.81864307 1        2.68639072 1
 1       -0.73406402 1        1.60029534 1        4.03024179 1
 1       -2.24613901 1       -0.55213513 1        3.86847957 1
 1       -1.85743133 1       -2.03183496 1        1.83586873 1
 1        0.16279798 1       -1.84631366 1        0.54993588 1
 7        1.96202635 1       -0.01891152 1       -0.57437090 1
 6        0.78785535 1        0.01042896 1       -1.46579618 1
 6        0.65311534 1       -0.90037143 1       -2.48582421 1
 6       -0.42337911 1       -0.84762157 1       -3.31508025 1
 6       -1.42208939 1        0.18531476 1       -3.04363332 1
 6       -1.21089165 1        1.11506700 1       -2.12647863 1
 6       -0.16489032 1        1.11969982 1       -1.27127296 1
 1        1.37644373 1       -1.73310472 1       -2.53860844 1
 1       -0.55775856 1       -1.37638873 1       -4.18924390 1
 1       -2.22755607 1        0.48840727 1       -3.77458658 1
 1       -1.98228857 1        1.99329119 1       -1.96098668 1
 1        0.08979363 1        1.93891933 1       -0.48013210 1
