 7        1.98940238 1       -0.04314744 1        0.55188340 1
 6        0.81464286 1        0.03088824 1        1.32602627 1
 6        0.60160821 1        0.89544704 1        2.35878454 1
 6       -0.52711313 1        0.75462155 1        3.27334367 1
 6       -1.42972280 1       -0.25730446 1        3.05747793 1
 6       -1.28742330 1       -1.16306015 1        1.99248012 1
 6       -0.19974360 1       -1.09397856 1        1.21948830 1
 1        1.36841024 1        1.66992640 1        2.52219526 1
 1       -0.43540351 1        1.51067601 1        4.14628649 1
 1       -2.39035762 1       -0.19958352 1        3.71584893 1
 1       -2.10596088 1       -1.94441218 1        1.73515985 1
 1       -0.26322207 1       -1.89436052 1        0.35046600 1
 7        2.06012298 1        0.06580657 1       -0.61637334 1
 6        0.76463069 1        0.03802697 1       -1.40744326 1
 6        0.64112485 1       -0.88495209 1       -2.38850228 1
 6       -0.50789496 1       -0.84170479 1       -3.24795031 1
 6       -1.31926111 1        0.16124219 1       -3.07069522 1
 6       -1.22905035 1        1.16179147 1       -2.07444324 1
 6       -0.12397514 1        1.06488650 1       -1.20875702 1
 1        1.29505923 1       -1.84946689 1       -2.68002172 1
 1       -0.66262599 1       -1.53669714 1       -4.07603418 1
 1       -2.28150914 1        0.13681060 1       -3.71702661 1
 1       -2.03501108 1        1.84968991 1       -1.93561551 1
 1       -0.05320793 1        1.90972160 1       -0.61299861 1
