 7        1.98358293 1       -0.00787389 1        0.62245843 1
 6        0.74738111 1       -0.09861362 1        1.32239093 1
 6        0.64229280 1        0.78835304 1        2.44975502 1
 6       -0.35109608 1        0.70935323 1        3.28512993 1
 6       -1.38854982 1       -0.20210417 1        3.11988249 1
 6       -1.37492961 1       -1.03569629 1        2.01481660 1
 6       -0.27341465 1       -1.02564249 1        1.12360118 1
 1        1.46190705 1        1.58481590 1        2.43177869 1
 1       -0.49310189 1        1.26428375 1        4.15968030 1
 1       -2.21375912 1        0.15767682 1        3.73060590 1
 1       -2.17763402 1       -1.77908787 1        1.71274984 1
 1       -0.22577926 1       -1.66310390 1        0.15452335 1
 7        2.01267287 1        0.08655027 1       -0.64846604 1
 6        0.72540699 1        0.02893432 1       -1.34470514 1
 6        0.78177594 1       -0.87665226 1       -2.45613970 1
 6       -0.38648281 1       -0.79128209 1       -3.27362246 1
 6       -1.36635944 1        0.08198434 1       -3.06928783 1
 6       -1.31658213 1        1.09983290 1       -2.12414346 1
 6       -0.20322813 1        1.09531639 1       -1.24081474 1
 1        1.42693675 1       -1.58949061 1       -2.57723055 1
 1       -0.38459499 1       -1.54741553 1       -4.08561375 1
 1       -2.35621055 1        0.03234506 1       -3.58873587 1
 1       -2.17111208 1        1.77811620 1       -2.35098035 1
 1       -0.14746304 1        1.73272617 1       -0.39999295 1
