 7        1.94604358 1       -0.00333461 1        0.63047220 1
 6        0.71418389 1       -0.04074031 1        1.31836868 1
 6        0.56645809 1        0.94995938 1        2.37611085 1
 6       -0.54614978 1        0.85679297 1        3.15794320 1
 6       -1.42208009 1       -0.17655392 1        2.99565511 1
 6       -1.14796510 1       -1.23115756 1        2.07068424 1
 6       -0.16555453 1       -1.04638643 1        1.15948713 1
 1        1.42198902 1        1.56921392 1        2.71018761 1
 1       -0.73410145 1        1.49026257 1        4.03212913 1
 1       -2.42300038 1       -0.33729928 1        3.58142094 1
 1       -1.79516882 1       -2.36866942 1        2.03441643 1
 1       -0.04566664 1       -1.85634350 1        0.35828538 1
 7        2.00891604 1       -0.04483834 1       -0.57066964 1
 6        0.83187122 1       -0.02094817 1       -1.42979871 1
 6        0.66938838 1       -0.83072672 1       -2.49572283 1
 6       -0.51491493 1       -0.79487104 1       -3.33331415 1
 6       -1.38152250 1        0.20360778 1       -3.01330789 1
 6       -1.23808665 1        1.16240293 1       -1.99578448 1
 6       -0.09282908 1        0.98695719 1       -1.17751505 1
 1        1.29022428 1       -1.76434259 1       -2.68143646 1
 1       -0.75796702 1       -1.72581492 1       -4.22645626 1
 1       -2.33052656 1        0.27137899 1       -3.63121002 1
 1       -1.88837989 1        1.96132738 1       -1.75944589 1
 1        0.11999088 1        1.58181439 1       -0.35086342 1
