 7        1.94819520 1       -0.14287478 1        0.51610597 1
 6        0.66974757 1       -0.11770563 1        1.40600688 1
 6        0.61910420 1        0.80895411 1        2.41093958 1
 6       -0.46872345 1        0.88471280 1        3.27460387 1
 6       -1.34583026 1       -0.21197838 1        3.19856400 1
 6       -1.26099375 1       -1.08174639 1        2.17135765 1
 6       -0.28091935 1       -1.04196991 1        1.14674143 1
 1        1.52118354 1        1.57605521 1        2.48146238 1
 1       -0.47511721 1        1.52711524 1        4.06075398 1
 1       -2.31952928 1       -0.45591557 1        3.77685353 1
 1       -2.04946665 1       -1.97184569 1        1.99529328 1
 1       -0.42793240 1       -1.76316308 1        0.38489331 1
 7        1.96859483 1        0.02618585 1       -0.64461533 1
 6        0.74163999 1        0.08469059 1       -1.43490717 1
 6        0.76881768 1       -0.77697055 1       -2.48168193 1
 6       -0.30166530 1       -0.80317433 1       -3.40540766 1
 6       -1.36841278 1        0.08399522 1       -3.11394577 1
 6       -1.28066635 1        1.11361431 1       -2.08101495 1
 6       -0.17932975 1        1.08934959 1       -1.21678445 1
 1        1.51117116 1       -1.47283230 1       -2.50471760 1
 1       -0.38049172 1       -1.45471800 1       -4.24050399 1
 1       -2.25207228 1       -0.11000373 1       -3.89721774 1
 1       -2.21703296 1        1.83982788 1       -1.84552176 1
 1        0.00112368 1        1.89896480 1       -0.40532446 1
