 7        1.93236950 1       -0.05090992 1        0.54896350 1
 6        0.82524982 1       -0.07577652 1        1.36315873 1
 6        0.69717955 1        0.90103529 1        2.39782262 1
 6       -0.51554066 1        0.80520456 1        3.19235307 1
 6       -1.48734515 1       -0.12693318 1        2.96933424 1
 6       -1.26782519 1       -1.17197071 1        2.06486797 1
 6       -0.14053826 1       -1.14002685 1        1.26006479 1
 1        1.44177214 1        1.48801285 1        2.72799038 1
 1       -0.64073239 1        1.58887398 1        4.00459351 1
 1       -2.42677384 1       -0.20862166 1        3.65715248 1
 1       -1.92895993 1       -1.87884184 1        1.98150190 1
 1       -0.12506067 1       -1.90949907 1        0.57935634 1
 7        1.91612006 1        0.02037989 1       -0.63937049 1
 6        0.79383676 1        0.04198100 1       -1.39344245 1
 6        0.70378413 1       -0.80213128 1       -2.51966132 1
 6       -0.40493872 1       -0.81714263 1       -3.32160157 1
 6       -1.36964598 1        0.17960721 1       -3.07140813 1
 6       -1.25728257 1        1.10850024 1       -2.02827844 1
 6       -0.20100872 1        0.99597758 1       -1.12848335 1
 1        1.44241919 1       -1.46989776 1       -2.50838159 1
 1       -0.59009795 1       -1.41857128 1       -4.10352714 1
 1       -2.27044174 1        0.15368775 1       -3.49057590 1
 1       -1.97061720 1        1.85713743 1       -2.06299388 1
 1        0.17731537 1        1.80305802 1       -0.43995786 1
