 7        2.07510331 1       -0.09831191 1        0.61368708 1
 6        0.82024229 1       -0.11502406 1        1.34792981 1
 6        0.70824998 1        0.82775860 1        2.40555258 1
 6       -0.48306262 1        0.79404325 1        3.17289043 1
 6       -1.52715137 1       -0.12787511 1        2.92778326 1
 6       -1.32061567 1       -1.12257946 1        1.95239604 1
 6       -0.21335831 1       -1.08696982 1        1.05855591 1
 1        1.39939591 1        1.61241963 1        2.53251343 1
 1       -0.58286880 1        1.18609374 1        4.08048164 1
 1       -2.35575182 1       -0.13678187 1        3.44885713 1
 1       -2.09825248 1       -1.97739281 1        1.59233145 1
 1       -0.21769174 1       -1.78715324 1        0.04471941 1
 7        2.07648432 1        0.07490132 1       -0.58550542 1
 6        0.86467672 1        0.25043823 1       -1.37498710 1
 6        0.67691980 1       -0.84238973 1       -2.36821752 1
 6       -0.49591894 1       -0.91357825 1       -3.22628103 1
 6       -1.49221416 1        0.10770286 1       -3.00758210 1
 6       -1.30454900 1        1.03582305 1       -2.02222733 1
 6       -0.14879322 1        1.14528498 1       -1.16394650 1
 1        1.36123447 1       -1.84535593 1       -2.41702876 1
 1       -0.47171905 1       -1.75830037 1       -3.95136406 1
 1       -2.49805605 1       -0.00656150 1       -3.48232507 1
 1       -1.98486466 1        1.94469775 1       -1.76923927 1
 1       -0.18317310 1        2.02813518 1       -0.39491414 1
