 7        1.92094525 1       -0.05348350 1        0.54006816 1
 6        0.69864753 1       -0.05183200 1        1.28600942 1
 6        0.61815811 1        0.88547564 1        2.36491812 1
 6       -0.54133602 1        0.78589777 1        3.18009367 1
 6       -1.46406907 1       -0.23650830 1        3.06983977 1
 6       -1.31130665 1       -1.15097886 1        1.96550909 1
 6       -0.19391557 1       -1.01771791 1        1.14592450 1
 1        1.55048027 1        1.50095778 1        2.42641180 1
 1       -0.71883046 1        1.54604126 1        3.94562145 1
 1       -2.31734344 1       -0.55857679 1        3.88545271 1
 1       -2.05891718 1       -1.98479306 1        1.99868455 1
 1       -0.12451136 1       -1.74321618 1        0.27218265 1
 7        2.09505631 1        0.09420026 1       -0.64531151 1
 6        0.89077344 1        0.12584774 1       -1.42886110 1
 6        0.62461595 1       -0.91341110 1       -2.41167488 1
 6       -0.48841721 1       -0.90311031 1       -3.24332789 1
 6       -1.38368296 1        0.22338779 1       -2.95843024 1
 6       -1.24480739 1        1.05574413 1       -1.96076944 1
 6       -0.03353566 1        1.09874701 1       -1.22339118 1
 1        1.41055528 1       -1.66841161 1       -2.72362741 1
 1       -0.54421920 1       -1.89456297 1       -3.78962679 1
 1       -2.27221225 1        0.24812479 1       -3.51914345 1
 1       -1.90082981 1        1.78290241 1       -1.59720994 1
 1        0.19574290 1        1.74864528 1       -0.36063919 1
