 7        2.02704096 1       -0.03366007 1        0.60637055 1
 6        0.85355845 1       -0.08950392 1        1.37269882 1
 6        0.68451780 1        0.78277274 1        2.40510441 1
 6       -0.50364748 1        0.89028946 1        3.18912239 1
 6       -1.44293731 1       -0.08021414 1        2.99604951 1
 6       -1.26105078 1       -1.11180412 1        2.00649165 1
 6       -0.14112531 1       -1.14120153 1        1.18337494 1
 1        1.48796528 1        1.56102788 1        2.59475684 1
 1       -0.74852569 1        1.49282703 1        3.88710677 1
 1       -2.36828191 1       -0.35080850 1        3.41717785 1
 1       -1.91688720 1       -1.94201880 1        1.63330385 1
 1        0.15670062 1       -1.77838956 1        0.27080752 1
 7        2.01164688 1       -0.01129979 1       -0.56098220 1
 6        0.69124196 1        0.05255652 1       -1.32537826 1
 6        0.64779403 1       -0.87160711 1       -2.44289521 1
 6       -0.39425478 1       -0.80620132 1       -3.36073885 1
 6       -1.41255730 1        0.17490560 1       -3.10248156 1
 6       -1.32280071 1        1.05573864 1       -2.05271502 1
 6       -0.24141257 1        1.05671022 1       -1.12950329 1
 1        1.43923019 1       -1.52484478 1       -2.62913630 1
 1       -0.35196859 1       -1.35675901 1       -4.35774767 1
 1       -2.20475822 1        0.43090352 1       -3.89215688 1
 1       -2.22850882 1        1.77258142 1       -1.78465418 1
 1       -0.19601492 1        1.73324123 1       -0.13822178 1
