 7        1.97383695 1       -0.01860307 1        0.61669392 1
 6        0.75101440 1       -0.09106369 1        1.28847877 1
 6        0.60516454 1        0.82866319 1        2.35407966 1
 6       -0.57841593 1        0.87170089 1        3.15278552 1
 6       -1.41838787 1       -0.24614901 1        3.01170272 1
 6       -1.22916299 1       -1.15320671 1        1.96972689 1
 6       -0.15802343 1       -1.08847094 1        1.09313513 1
 1        1.32945002 1        1.68972753 1        2.47872233 1
 1       -0.78054605 1        1.61644643 1        3.90797299 1
 1       -2.11509254 1       -0.55280617 1        3.64454113 1
 1       -1.81727861 1       -2.16194630 1        1.95681787 1
 1        0.00672506 1       -1.78901333 1        0.31485662 1
 7        2.00303297 1        0.02764455 1       -0.59296867 1
 6        0.80535383 1        0.05131322 1       -1.40677024 1
 6        0.65295473 1       -0.96207116 1       -2.36644051 1
 6       -0.46449994 1       -0.80049623 1       -3.14803491 1
 6       -1.43106762 1        0.17089609 1       -2.93904527 1
 6       -1.24332058 1        1.17803055 1       -2.04322179 1
 6       -0.08664499 1        1.11771049 1       -1.26040359 1
 1        1.44413468 1       -1.73294446 1       -2.45931443 1
 1       -0.71738213 1       -1.46042118 1       -4.05064480 1
 1       -2.37375296 1        0.15647037 1       -3.62813112 1
 1       -2.08682063 1        1.95809736 1       -1.96906081 1
 1        0.47125263 1        1.98752642 1       -0.49886603 1
