 7        2.05293592 1       -0.03063156 1        0.59253162 1
 6        0.80604172 1       -0.02307474 1        1.46314264 1
 6        0.61206299 1        0.88614418 1        2.44482437 1
 6       -0.52149001 1        0.72978019 1        3.23880490 1
 6       -1.43461364 1       -0.22350598 1        3.00945201 1
 6       -1.26097858 1       -1.11989580 1        1.97708615 1
 6       -0.14822384 1       -0.98915397 1        1.16540237 1
 1        1.30564144 1        1.54591520 1        2.66203073 1
 1       -0.67143391 1        1.49443959 1        4.01968104 1
 1       -2.35125249 1       -0.36100452 1        3.63654696 1
 1       -2.10395600 1       -1.87631417 1        1.71025592 1
 1       -0.00968807 1       -1.79367533 1        0.34764716 1
 7        2.04101984 1        0.02822510 1       -0.61954473 1
 6        0.82573959 1        0.01737296 1       -1.34619330 1
 6        0.57538263 1       -0.89676438 1       -2.44237376 1
 6       -0.44318801 1       -0.78686936 1       -3.28509655 1
 6       -1.47734215 1        0.13368031 1       -3.09609221 1
 6       -1.24690753 1        1.12971394 1       -2.08165747 1
 6       -0.14792146 1        1.04147275 1       -1.27063020 1
 1        1.26133544 1       -1.83828334 1       -2.54655920 1
 1       -0.56459163 1       -1.49140647 1       -4.03195343 1
 1       -2.42787030 1        0.13949528 1       -3.80379806 1
 1       -2.01027491 1        1.94751777 1       -2.01745920 1
 1        0.09649102 1        1.84103626 1       -0.41611371 1
