 7        2.08602920 1       -0.10947344 1        0.60765485 1
 6        0.84153712 1       -0.07622483 1        1.30609428 1
 6        0.67507688 1        0.88572031 1        2.37933415 1
 6       -0.59766261 1        0.82786354 1        3.07932663 1
 6       -1.51912179 1       -0.18276390 1        2.86210126 1
 6       -1.31293361 1       -1.10320445 1        1.83351291 1
 6       -0.08659436 1       -1.06033721 1        1.10142511 1
 1        1.53803803 1        1.45408264 1        2.84582127 1
 1       -0.56829810 1        1.67284885 1        3.84544356 1
 1       -2.59614650 1       -0.03491725 1        3.40292194 1
 1       -1.94293741 1       -1.87115180 1        1.60580645 1
 1        0.07592262 1       -1.78598900 1        0.29563884 1
 7        2.06322397 1       -0.00333064 1       -0.60321777 1
 6        0.79150826 1        0.11875503 1       -1.42000276 1
 6        0.68601994 1       -0.85178827 1       -2.42462446 1
 6       -0.46604147 1       -0.80435842 1       -3.11554098 1
 6       -1.47609300 1        0.10922130 1       -2.89328962 1
 6       -1.33503855 1        1.09114573 1       -1.92872394 1
 6       -0.12150237 1        1.07784506 1       -1.08465684 1
 1        1.48331831 1       -1.67583487 1       -2.67598296 1
 1       -0.71309358 1       -1.67773456 1       -3.84040666 1
 1       -2.39840180 1        0.13856081 1       -3.42931020 1
 1       -2.09019231 1        1.66941395 1       -1.85323034 1
 1       -0.32469008 1        1.66917618 1       -0.10046268 1
