 7        2.03235868 1       -0.07041253 1        0.58860826 1
 6        0.74931174 1       -0.01513220 1        1.39453409 1
 6        0.67125134 1        0.84963315 1        2.42125620 1
 6       -0.40242105 1        0.73072854 1        3.26532774 1
 6       -1.50168088 1       -0.14756247 1        2.99258270 1
 6       -1.34266270 1       -0.99090173 1        1.93518758 1
 6       -0.17477368 1       -1.00822469 1        1.07555903 1
 1        1.42968725 1        1.64846276 1        2.86339578 1
 1       -0.53746766 1        1.31707406 1        4.29311572 1
 1       -2.43356880 1       -0.16595362 1        3.59343072 1
 1       -2.00759616 1       -1.73783102 1        1.79432240 1
 1       -0.19576455 1       -1.71669785 1        0.30958789 1
 7        2.08881535 1       -0.01614239 1       -0.61073766 1
 6        0.82180152 1        0.10379601 1       -1.45644582 1
 6        0.70721843 1       -0.84487008 1       -2.52667607 1
 6       -0.37571385 1       -0.78998129 1       -3.28626313 1
 6       -1.42643504 1        0.09942568 1       -3.03573604 1
 6       -1.36524446 1        1.00953114 1       -2.03029787 1
 6       -0.28031452 1        0.97174152 1       -1.04184374 1
 1        1.51080902 1       -1.58545570 1       -2.42679688 1
 1       -0.54275092 1       -1.62807380 1       -4.23221990 1
 1       -2.26884920 1        0.14585361 1       -3.74656698 1
 1       -2.06206940 1        1.88712510 1       -1.80714274 1
 1       -0.05291147 1        1.78749892 1       -0.32142518 1
