 7        1.95422935 1        0.04563551 1        0.55550701 1
 6        0.70151653 1       -0.01394198 1        1.42885027 1
 6        0.66803260 1        0.96362546 1        2.40611487 1
 6       -0.43897939 1        0.82605781 1        3.22275985 1
 6       -1.37987518 1       -0.20354827 1        3.04960924 1
 6       -1.38208910 1       -1.21282768 1        2.02941030 1
 6       -0.22347106 1       -1.11084279 1        1.21916212 1
 1        1.33529123 1        1.72572837 1        2.61139435 1
 1       -0.55340250 1        1.40277506 1        4.16053492 1
 1       -2.41565117 1       -0.18339865 1        3.68515899 1
 1       -2.48661214 1       -1.64353731 1        1.76129606 1
 1       -0.06763851 1       -1.76954558 1        0.19145586 1
 7        2.06165342 1       -0.04212162 1       -0.63020929 1
 6        0.83629050 1        0.03800820 1       -1.48145289 1
 6        0.71061818 1       -0.84350386 1       -2.54218428 1
 6       -0.43836227 1       -0.81128392 1       -3.35690593 1
 6       -1.40552903 1        0.19291608 1       -3.04911814 1
 6       -1.22611421 1        1.06856154 1       -1.99002947 1
 6       -0.19199571 1        0.95453077 1       -1.11984535 1
 1        1.57628566 1       -1.45238703 1       -2.70493334 1
 1       -0.50448512 1       -1.61104138 1       -4.12583609 1
 1       -2.22975126 1        0.35447794 1       -3.67788168 1
 1       -1.98950628 1        1.77434385 1       -1.89299996 1
 1       -0.14448543 1        1.53706790 1       -0.25801660 1
