 7        1.98098466 1       -0.07769207 1        0.57800562 1
 6        0.69582124 1       -0.04244006 1        1.36946911 1
 6        0.68990745 1        0.94356984 1        2.36997499 1
 6       -0.45311070 1        0.74933421 1        3.21347597 1
 6       -1.43705337 1       -0.17702901 1        3.05869118 1
 6       -1.26730182 1       -1.16274709 1        2.05131926 1
 6       -0.19806820 1       -1.04299368 1        1.20197616 1
 1        1.47535745 1        1.62598637 1        2.44891832 1
 1       -0.53755405 1        1.58240302 1        4.02384841 1
 1       -2.40712472 1       -0.30085639 1        3.81276700 1
 1       -2.02527201 1       -1.67969903 1        1.73409444 1
 1       -0.11943145 1       -1.74038702 1        0.43630007 1
 7        2.04895065 1        0.00164972 1       -0.54352484 1
 6        0.77847623 1        0.08769060 1       -1.36525811 1
 6        0.69352869 1       -0.86407381 1       -2.51194018 1
 6       -0.36802928 1       -0.78189723 1       -3.33267197 1
 6       -1.44537431 1        0.20708404 1       -3.11146726 1
 6       -1.26662351 1        1.00970667 1       -2.07747656 1
 6       -0.22109752 1        1.00443725 1       -1.13532769 1
 1        1.26775153 1       -1.62525864 1       -2.71008915 1
 1       -0.47785027 1       -1.52241214 1       -4.29019128 1
 1       -2.46663711 1        0.18386416 1       -3.96968140 1
 1       -2.02835618 1        1.97736547 1       -1.89180899 1
 1       -0.01129265 1        1.75188804 1       -0.34171622 1
