 7        1.92543503 1        0.03728759 1        0.59201118 1
 6        0.67232036 1       -0.02465047 1        1.39147170 1
 6        0.78055721 1        0.83635579 1        2.58862507 1
 6       -0.35538595 1        0.70284307 1        3.35996909 1
 6       -1.41645658 1       -0.13728059 1        2.95137819 1
 6       -1.37986585 1       -0.98890637 1        1.90589640 1
 6       -0.25100121 1       -0.94382528 1        1.10772444 1
 1        1.81733791 1        1.38841807 1        2.80446461 1
 1       -0.56133894 1        1.46125061 1        4.16953052 1
 1       -2.48349584 1       -0.18555378 1        3.53442653 1
 1       -2.12806455 1       -1.84201743 1        1.63499818 1
 1       -0.37437457 1       -1.61914691 1        0.44059774 1
 7        2.01896903 1        0.03679100 1       -0.59261923 1
 6        0.81867384 1        0.05126597 1       -1.42409221 1
 6        0.78388669 1       -0.88813096 1       -2.53319189 1
 6       -0.39123103 1       -0.80272258 1       -3.39908915 1
 6       -1.46593129 1        0.10327364 1       -3.09754013 1
 6       -1.35002998 1        0.95659518 1       -1.95009869 1
 6       -0.16328781 1        0.95796346 1       -1.18947716 1
 1        1.64391762 1       -1.56012429 1       -2.70498351 1
 1       -0.40326448 1       -1.34296575 1       -4.20305883 1
 1       -2.46391623 1        0.16759469 1       -3.62819206 1
 1       -2.24484952 1        1.53750867 1       -1.70007442 1
 1        0.08962014 1        1.44637576 1       -0.37929686 1
