 7        2.13597500 1        0.01905955 1        0.65262303 1
 6        0.82102529 1       -0.05848159 1        1.29480500 1
 6        0.77787177 1        0.69792724 1        2.37465208 1
 6       -0.45220332 1        0.75725750 1        3.14638499 1
 6       -1.49217338 1       -0.11154138 1        2.81192531 1
 6       -1.37430512 1       -1.07902076 1        1.82720081 1
 6       -0.16013878 1       -1.00121322 1        1.05601969 1
 1        1.33394711 1        1.58720122 1        2.60366932 1
 1       -0.59779976 1        1.31999630 1        4.09020447 1
 1       -2.47946385 1       -0.24989253 1        3.46834222 1
 1       -2.23346384 1       -1.79030409 1        1.43046647 1
 1        0.21861048 1       -1.86435717 1        0.31814792 1
 7        2.01041284 1        0.07591515 1       -0.60478299 1
 6        0.70812174 1        0.06632081 1       -1.32205563 1
 6        0.61021114 1       -0.90912811 1       -2.30857688 1
 6       -0.42951581 1       -0.81782973 1       -3.16201263 1
 6       -1.41619536 1        0.07043761 1       -2.92024546 1
 6       -1.30534133 1        1.11024150 1       -1.97562481 1
 6       -0.25415002 1        1.09386163 1       -1.14582133 1
 1        1.47436595 1       -1.76049122 1       -2.53814830 1
 1       -0.37679258 1       -1.57574696 1       -3.84146836 1
 1       -2.15768368 1       -0.06600569 1       -3.58275209 1
 1       -2.01798912 1        1.83998168 1       -1.90541108 1
 1       -0.11334692 1        1.76770552 1       -0.33195003 1
