 7        1.98410369 1       -0.05121244 1        0.62286133 1
 6        0.72711994 1       -0.07613859 1        1.42509110 1
 6        0.70758714 1        0.87407250 1        2.47577399 1
 6       -0.42804977 1        0.84243233 1        3.28683352 1
 6       -1.49302999 1       -0.09573904 1        3.01536639 1
 6       -1.26312018 1       -0.99906946 1        2.03151583 1
 6       -0.16011375 1       -1.11982548 1        1.14944700 1
 1        1.59721681 1        1.45710586 1        2.74370131 1
 1       -0.61790014 1        1.57568734 1        3.98692508 1
 1       -2.39666423 1       -0.14767875 1        3.69633613 1
 1       -1.93383745 1       -2.02464921 1        2.04594395 1
 1        0.24096594 1       -1.93874994 1        0.55449634 1
 7        1.95301789 1       -0.01398951 1       -0.56142800 1
 6        0.79849501 1       -0.01834317 1       -1.41750542 1
 6        0.72654565 1       -0.76598768 1       -2.57479697 1
 6       -0.38013144 1       -0.71812933 1       -3.48428850 1
 6       -1.41051360 1        0.18783124 1       -3.07634071 1
 6       -1.36067582 1        0.97720159 1       -1.98903434 1
 6       -0.20610675 1        0.88092607 1       -1.16655421 1
 1        1.57179059 1       -1.41310461 1       -2.94391693 1
 1       -0.46783725 1       -1.31823560 1       -4.37831927 1
 1       -2.20490240 1        0.08513861 1       -3.84682044 1
 1       -2.20326485 1        1.75424853 1       -1.95192394 1
 1       -0.30421709 1        1.61304331 1       -0.37059407 1
