 7        1.99326346 1       -0.03574826 1        0.60806931 1
 6        0.78991324 1       -0.08076779 1        1.35699336 1
 6        0.67912813 1        0.76287642 1        2.43235584 1
 6       -0.47862725 1        0.82392451 1        3.28419703 1
 6       -1.45986801 1       -0.09714525 1        3.08068883 1
 6       -1.27656472 1       -1.12653059 1        2.10181868 1
 6       -0.21399197 1       -1.10619190 1        1.28974821 1
 1        1.30022758 1        1.58097166 1        2.66462639 1
 1       -0.40639168 1        1.58575236 1        4.03500309 1
 1       -2.29898700 1       -0.15443673 1        3.60419651 1
 1       -2.15354849 1       -1.75116827 1        2.01877943 1
 1       -0.06332693 1       -1.73701693 1        0.30405328 1
 7        1.99001956 1        0.06187592 1       -0.58246212 1
 6        0.80017985 1        0.00111115 1       -1.39231831 1
 6        0.71113875 1       -0.78656960 1       -2.58568631 1
 6       -0.36153016 1       -0.75767116 1       -3.37954649 1
 6       -1.43623188 1        0.17602404 1       -3.14866889 1
 6       -1.30952196 1        0.99295050 1       -2.08063574 1
 6       -0.19924475 1        1.01453563 1       -1.21253449 1
 1        1.34231408 1       -1.65469433 1       -2.78782860 1
 1       -0.48919574 1       -1.51572867 1       -4.38401487 1
 1       -2.29837490 1        0.35187232 1       -3.84119869 1
 1       -2.17036585 1        1.68704105 1       -1.95694369 1
 1        0.03511916 1        1.79921441 1       -0.46725139 1
