 7        2.00948362 1       -0.11121781 1        0.56266171 1
 6        0.81936298 1       -0.11161883 1        1.41572216 1
 6        0.55089451 1        0.88927255 1        2.34860011 1
 6       -0.54075064 1        0.90858711 1        3.15044400 1
 6       -1.43403244 1       -0.07007687 1        2.96758370 1
 6       -1.23804656 1       -1.17064830 1        2.09712473 1
 6       -0.09461992 1       -1.21249767 1        1.29543054 1
 1        1.29503912 1        1.71655701 1        2.34938232 1
 1       -0.47704205 1        1.55287019 1        3.96201185 1
 1       -2.41889112 1       -0.09370041 1        3.52238140 1
 1       -1.92578405 1       -2.01799904 1        2.03482085 1
 1       -0.02761906 1       -1.91857863 1        0.36867923 1
 7        1.98992145 1       -0.07716221 1       -0.63781690 1
 6        0.73901995 1        0.09098460 1       -1.36796067 1
 6        0.70028231 1       -0.76911551 1       -2.49302581 1
 6       -0.41452104 1       -0.69062632 1       -3.33806363 1
 6       -1.39621322 1        0.19499512 1       -3.14283138 1
 6       -1.26073154 1        1.03232476 1       -1.96179863 1
 6       -0.22337710 1        1.01716669 1       -1.12698198 1
 1        1.37875412 1       -1.48967283 1       -2.86006579 1
 1       -0.27510238 1       -1.44513108 1       -4.10174916 1
 1       -2.21588405 1        0.16339151 1       -3.86977638 1
 1       -2.17372423 1        1.67562091 1       -1.72047119 1
 1       -0.13961783 1        1.54978629 1       -0.26062301 1
