 7        1.95781846 1       -0.08072325 1        0.56663318 1
 6        0.81478916 1       -0.13293525 1        1.35547701 1
 6        0.69206096 1        0.74545453 1        2.39306434 1
 6       -0.41942182 1        0.79386350 1        3.26884516 1
 6       -1.43041110 1       -0.12354071 1        3.01401693 1
 6       -1.27244228 1       -1.03689573 1        1.98529451 1
 6       -0.23930982 1       -1.11594733 1        1.07021079 1
 1        1.44010667 1        1.51743647 1        2.65568142 1
 1       -0.47078594 1        1.50015711 1        4.02129620 1
 1       -2.22251264 1       -0.32455992 1        3.72850481 1
 1       -2.19393346 1       -1.69092096 1        1.71123033 1
 1        0.06432996 1       -2.03157220 1        0.38140529 1
 7        1.94826574 1        0.13639704 1       -0.58326572 1
 6        0.80012203 1        0.10982068 1       -1.36933453 1
 6        0.72779616 1       -0.87582712 1       -2.35970870 1
 6       -0.39502850 1       -0.81165357 1       -3.22099900 1
 6       -1.40592834 1        0.12596174 1       -3.14597466 1
 6       -1.31725211 1        1.14430609 1       -2.09549216 1
 6       -0.27082485 1        1.02246142 1       -1.15218904 1
 1        1.68175673 1       -1.45456833 1       -2.53285058 1
 1       -0.48285445 1       -1.95202717 1       -3.70974681 1
 1       -2.25054994 1        0.03820351 1       -3.80693537 1
 1       -2.11316569 1        1.98411855 1       -2.18072672 1
 1       -0.05106472 1        1.85540057 1       -0.45346759 1
