 7        2.02649294 1       -0.01116532 1        0.60442419 1
 6        0.79625944 1       -0.03191649 1        1.35360609 1
 6        0.71543702 1        0.81245480 1        2.44264253 1
 6       -0.45674910 1        0.79322367 1        3.25641187 1
 6       -1.43325364 1       -0.11516439 1        2.96756755 1
 6       -1.31976372 1       -1.02757302 1        1.90164822 1
 6       -0.23850152 1       -1.15726676 1        1.11190154 1
 1        1.44422166 1        1.58681724 1        2.46568425 1
 1       -0.57054514 1        1.52733500 1        4.05077681 1
 1       -2.16225299 1       -0.15444699 1        3.62849208 1
 1       -2.05724043 1       -1.86051058 1        1.84649585 1
 1       -0.00830653 1       -1.79885963 1        0.31670739 1
 7        2.04474278 1       -0.04937187 1       -0.58592445 1
 6        0.78367322 1        0.11491499 1       -1.35093801 1
 6        0.72547218 1       -0.85043640 1       -2.40861341 1
 6       -0.36196225 1       -0.75758145 1       -3.27959226 1
 6       -1.48393551 1        0.12106015 1       -3.10555405 1
 6       -1.36308897 1        1.00795233 1       -2.03068661 1
 6       -0.24906677 1        1.01447703 1       -1.14956519 1
 1        1.45793220 1       -1.67868768 1       -2.73273593 1
 1       -0.38686217 1       -1.35161060 1       -4.06328735 1
 1       -2.28805389 1        0.21633099 1       -3.76668275 1
 1       -1.99611719 1        1.84249687 1       -1.77438340 1
 1       -0.30639185 1        1.78599240 1       -0.23544911 1
