 7        2.04736098 1        0.03473310 1        0.56777500 1
 6        0.81225660 1       -0.09553148 1        1.33879878 1
 6        0.52596434 1        0.86393122 1        2.34736787 1
 6       -0.59962930 1        0.86840784 1        3.18682850 1
 6       -1.47838749 1       -0.21078805 1        3.03559556 1
 6       -1.22583361 1       -1.23170642 1        2.10170943 1
 6       -0.12499594 1       -1.10993924 1        1.17067473 1
 1        1.33030870 1        1.53019316 1        2.71786795 1
 1       -0.58949788 1        1.52824661 1        4.19202098 1
 1       -2.43019522 1       -0.26751269 1        3.73686715 1
 1       -1.98652630 1       -1.91400770 1        2.00394914 1
 1        0.03030403 1       -1.79106336 1        0.25976687 1
 7        2.04668879 1       -0.02364490 1       -0.59073195 1
 6        0.82271245 1        0.08119593 1       -1.47780885 1
 6        0.69318149 1       -0.91019693 1       -2.48523144 1
 6       -0.50148515 1       -0.84008708 1       -3.15208488 1
 6       -1.45499411 1        0.24499322 1       -3.12381658 1
 6       -1.24517076 1        1.13819172 1       -2.04837647 1
 6       -0.09586973 1        1.05995145 1       -1.15069243 1
 1        1.36472674 1       -1.82824609 1       -2.70883435 1
 1       -0.76280631 1       -1.73474803 1       -3.85754335 1
 1       -2.55839299 1        0.50321081 1       -3.72802947 1
 1       -1.77803986 1        2.08438666 1       -2.09184970 1
 1        0.03206319 1        1.79174501 1       -0.61887136 1
