 7        1.96729986 1       -0.06493050 1        0.56939220 1
 6        0.81895367 1       -0.06306918 1        1.39031066 1
 6        0.73852019 1        0.81361895 1        2.54422158 1
 6       -0.48983967 1        0.85603330 1        3.29777765 1
 6       -1.46164337 1       -0.09394504 1        3.07773991 1
 6       -1.27825990 1       -1.09769236 1        2.02196465 1
 6       -0.19713788 1       -1.05878353 1        1.20203900 1
 1        1.91697085 1        1.42395144 1        2.84602377 1
 1       -0.79924217 1        1.46231274 1        4.18100015 1
 1       -2.45776727 1        0.04313114 1        3.55724961 1
 1       -2.05775750 1       -1.69412222 1        1.81717778 1
 1       -0.12124381 1       -1.79022492 1        0.43796753 1
 7        1.93095223 1        0.06655785 1       -0.60158238 1
 6        0.76469827 1        0.03751428 1       -1.48740462 1
 6        0.79956775 1       -0.90429969 1       -2.60300002 1
 6       -0.36356276 1       -0.76028745 1       -3.41644599 1
 6       -1.34008567 1        0.19300023 1       -3.12847109 1
 6       -1.36908660 1        1.00062611 1       -2.02408018 1
 6       -0.28108058 1        0.95332374 1       -1.13271403 1
 1        1.45535912 1       -1.66094309 1       -2.83394381 1
 1       -0.53423311 1       -1.36611610 1       -4.24941905 1
 1       -2.32656584 1        0.17999455 1       -3.83546152 1
 1       -2.08347011 1        1.69301641 1       -1.74275812 1
 1       -0.15929047 1        1.53283853 1       -0.13212070 1
