 7        2.04613638 1        0.03651153 1        0.59448434 1
 6        0.80031928 1       -0.04497861 1        1.39887277 1
 6        0.69107874 1        0.84123602 1        2.49815109 1
 6       -0.47302138 1        0.82961515 1        3.23397113 1
 6       -1.42137622 1       -0.17565038 1        2.95955942 1
 6       -1.29147709 1       -1.13859637 1        1.92887793 1
 6       -0.17308622 1       -1.04790788 1        1.16440753 1
 1        1.41778709 1        1.50948206 1        2.60219851 1
 1       -0.69819683 1        1.64538638 1        3.80120835 1
 1       -2.30154336 1       -0.14593350 1        3.65323969 1
 1       -2.07453361 1       -2.06349423 1        1.61688850 1
 1       -0.32920775 1       -1.83017837 1        0.23487937 1
 7        1.96511320 1       -0.03656866 1       -0.58206054 1
 6        0.78699423 1        0.01348898 1       -1.31967450 1
 6        0.69550630 1       -0.80486827 1       -2.49741306 1
 6       -0.47084064 1       -0.77874847 1       -3.22931247 1
 6       -1.43826346 1        0.16425961 1       -3.12552205 1
 6       -1.28642335 1        1.07558418 1       -2.05545075 1
 6       -0.16694220 1        0.98753442 1       -1.17075903 1
 1        1.32154112 1       -1.71079715 1       -2.77414813 1
 1       -0.53911301 1       -1.59884091 1       -4.09128906 1
 1       -2.27917901 1        0.06125692 1       -3.89353247 1
 1       -2.05188002 1        1.70840883 1       -1.85651046 1
 1       -0.14832035 1        1.73706900 1       -0.38824627 1
