 7        2.04626192 1       -0.00213975 1        0.58774567 1
 6        0.80607904 1       -0.04794244 1        1.41404131 1
 6        0.62850675 1        0.89452287 1        2.44221568 1
 6       -0.40679237 1        0.67494447 1        3.26986349 1
 6       -1.48982149 1       -0.15518315 1        2.94710962 1
 6       -1.30198471 1       -1.19245246 1        1.95984242 1
 6       -0.19124211 1       -1.03958513 1        1.09939294 1
 1        1.41373412 1        1.81142780 1        2.45183568 1
 1       -0.59901780 1        1.32316586 1        4.11666835 1
 1       -2.48381685 1       -0.00505073 1        3.49899260 1
 1       -2.15531244 1       -1.82356561 1        1.77495848 1
 1       -0.03842233 1       -1.70127550 1        0.19331709 1
 7        1.99381221 1        0.08257485 1       -0.60877912 1
 6        0.76178025 1        0.07259184 1       -1.41722373 1
 6        0.62459720 1       -0.90159351 1       -2.39563775 1
 6       -0.48127265 1       -0.93259382 1       -3.25858167 1
 6       -1.43041293 1        0.14218372 1       -3.04829555 1
 6       -1.19731010 1        1.13560504 1       -2.05037411 1
 6       -0.15868682 1        1.07054024 1       -1.17875244 1
 1        1.67117716 1       -1.51718528 1       -2.61091541 1
 1       -0.68701034 1       -1.72648152 1       -3.90781314 1
 1       -2.20011842 1        0.33205770 1       -3.61115509 1
 1       -1.97015350 1        2.08999334 1       -2.12251343 1
 1        0.02577861 1        1.79140423 1       -0.38866046 1
