 7        2.04491706 1       -0.09565510 1        0.66164441 1
 6        0.83463008 1       -0.12337664 1        1.41071362 1
 6        0.78337211 1        0.81399597 1        2.48771058 1
 6       -0.44454969 1        0.85649166 1        3.20508849 1
 6       -1.45905110 1       -0.07046535 1        3.03671287 1
 6       -1.30167547 1       -1.09639369 1        2.05906969 1
 6       -0.18061206 1       -0.98978058 1        1.13147492 1
 1        1.45996365 1        1.50256502 1        2.66634758 1
 1       -0.56820340 1        1.63431073 1        3.93896837 1
 1       -2.24954076 1       -0.26228259 1        3.70959149 1
 1       -2.11498768 1       -1.69573324 1        1.93510579 1
 1        0.06513862 1       -1.70151445 1        0.31092911 1
 7        1.90793245 1        0.02407826 1       -0.54285088 1
 6        0.74141726 1        0.03155257 1       -1.34580042 1
 6        0.66838549 1       -0.79516793 1       -2.51610529 1
 6       -0.31008042 1       -0.69471565 1       -3.51269815 1
 6       -1.46112086 1        0.16688808 1       -3.18126505 1
 6       -1.33497679 1        0.95894192 1       -2.04593497 1
 6       -0.29620442 1        0.90245460 1       -1.09372941 1
 1        1.43611658 1       -1.51179483 1       -2.94323605 1
 1        0.03411115 1       -1.53353875 1       -4.40635397 1
 1       -2.31431118 1        0.01174669 1       -3.97145679 1
 1       -2.16936600 1        1.70501826 1       -1.84737449 1
 1       -0.29617357 1        1.68747799 1       -0.17422808 1
