 7        2.00330496 1       -0.02652186 1        0.61253325 1
 6        0.68884172 1       -0.08113547 1        1.30767580 1
 6        0.71105580 1        0.70252195 1        2.48942575 1
 6       -0.31456421 1        0.75824951 1        3.29188175 1
 6       -1.50872901 1       -0.09940436 1        2.91280230 1
 6       -1.37622015 1       -0.97053540 1        1.76645264 1
 6       -0.25766890 1       -0.97213199 1        0.92569933 1
 1        1.80568820 1        1.27854086 1        2.80437780 1
 1       -0.28866616 1        1.29607048 1        4.23597040 1
 1       -2.27415832 1       -0.18691312 1        3.80782437 1
 1       -2.42580759 1       -1.62785668 1        1.62853522 1
 1       -0.31315602 1       -1.82432469 1        0.17524810 1
 7        2.07523492 1        0.15993699 1       -0.62411184 1
 6        0.81334729 1        0.09174282 1       -1.40711613 1
 6        0.77673007 1       -0.80821195 1       -2.45641265 1
 6       -0.43579385 1       -0.90421970 1       -3.09563911 1
 6       -1.39799155 1        0.02012111 1       -2.98722727 1
 6       -1.33642584 1        1.02103328 1       -1.97451134 1
 6       -0.26171101 1        0.99094039 1       -1.09339073 1
 1        1.58892764 1       -1.44304178 1       -2.73670544 1
 1       -0.50311163 1       -1.76965759 1       -3.85423781 1
 1       -2.22587843 1       -0.08663503 1       -3.46530609 1
 1       -2.07842509 1        1.89835458 1       -1.70558884 1
 1       -0.09795384 1        1.97122348 1       -0.38903300 1
