 7        1.97319084 1       -0.05913008 1        0.56855551 1
 6        0.73778701 1       -0.07923840 1        1.35928653 1
 6        0.69677718 1        0.77459429 1        2.50046806 1
 6       -0.32614892 1        0.68198883 1        3.34628300 1
 6       -1.40289380 1       -0.21543593 1        3.04944256 1
 6       -1.38526860 1       -0.95162997 1        1.83879800 1
 6       -0.31173537 1       -0.85903014 1        1.01196167 1
 1        1.50139374 1        1.50597503 1        2.65708680 1
 1       -0.34416613 1        1.38853307 1        4.21928185 1
 1       -2.33418942 1       -0.29208611 1        3.86855412 1
 1       -2.12941644 1       -1.81990862 1        1.76417184 1
 1       -0.10168404 1       -1.58641604 1        0.11906424 1
 7        2.01779617 1        0.05040520 1       -0.58041926 1
 6        0.79721507 1        0.10575295 1       -1.32399178 1
 6        0.75297283 1       -0.80813833 1       -2.39499603 1
 6       -0.39875277 1       -0.84535809 1       -3.19442413 1
 6       -1.44808536 1        0.03158642 1       -3.04201376 1
 6       -1.32908495 1        0.98001909 1       -2.11574442 1
 6       -0.20215976 1        1.08525718 1       -1.28107752 1
 1        1.75006770 1       -1.59376506 1       -2.83870258 1
 1       -0.40331065 1       -1.61587502 1       -4.13455869 1
 1       -2.42247052 1        0.07313350 1       -3.79012893 1
 1       -1.97534363 1        1.73013728 1       -1.93196810 1
 1       -0.08659211 1        1.88831906 1       -0.31304541 1
