 7        1.93042627 1        0.00922128 1        0.56929637 1
 6        0.69351291 1       -0.00546625 1        1.34918764 1
 6        0.65256275 1        0.86173175 1        2.45695950 1
 6       -0.50246209 1        0.79862912 1        3.23273839 1
 6       -1.37487813 1       -0.18765392 1        3.04215223 1
 6       -1.25791239 1       -1.14514354 1        2.04558483 1
 6       -0.18914900 1       -1.05753094 1        1.15218416 1
 1        1.35984523 1        1.48962168 1        2.70087239 1
 1       -0.53506084 1        1.50150054 1        4.14939632 1
 1       -2.33009845 1       -0.15817019 1        3.81477729 1
 1       -1.71989996 1       -2.00300694 1        1.90988964 1
 1       -0.08146678 1       -1.75300338 1        0.30790717 1
 7        2.01844444 1       -0.06977139 1       -0.62854267 1
 6        0.79177276 1        0.01566517 1       -1.41964209 1
 6        0.64273650 1       -0.87304729 1       -2.41848958 1
 6       -0.35541089 1       -0.74416519 1       -3.33648975 1
 6       -1.36362193 1        0.13601715 1       -3.01799024 1
 6       -1.29402367 1        1.09168630 1       -2.11626575 1
 6       -0.21035056 1        1.02872427 1       -1.20965756 1
 1        1.45494058 1       -1.63176909 1       -2.57695954 1
 1       -0.60461865 1       -1.48753670 1       -4.17748278 1
 1       -2.18153828 1        0.34362691 1       -3.79429990 1
 1       -1.93313276 1        2.03241257 1       -1.74870224 1
 1       -0.01041837 1        1.83726845 1       -0.38202207 1
