 7        1.90140440 1       -0.04353356 1        0.54336494 1
 6        0.72615584 1       -0.05051048 1        1.35863803 1
 6        0.59332815 1        0.79288218 1        2.55638434 1
 6       -0.39999431 1        0.84809341 1        3.36270457 1
 6       -1.45495028 1       -0.11626835 1        3.08843658 1
 6       -1.29722147 1       -1.10196804 1        2.12074360 1
 6       -0.18337771 1       -1.07490126 1        1.20384143 1
 1        1.40380477 1        1.56151201 1        2.66409424 1
 1       -0.53167564 1        1.51703831 1        4.13732481 1
 1       -2.27532433 1       -0.11669658 1        3.66736728 1
 1       -2.07957978 1       -1.82096282 1        1.95836422 1
 1        0.06419411 1       -1.76148010 1        0.41340513 1
 7        1.99596623 1       -0.06673012 1       -0.65809883 1
 6        0.84021863 1        0.09320774 1       -1.49053766 1
 6        0.76683868 1       -0.82828637 1       -2.55382871 1
 6       -0.38601655 1       -0.72262798 1       -3.41098472 1
 6       -1.36535834 1        0.15822297 1       -3.12629387 1
 6       -1.31826219 1        0.96617310 1       -2.01568380 1
 6       -0.19830596 1        1.05108383 1       -1.23071409 1
 1        1.55884213 1       -1.60460142 1       -2.68417740 1
 1       -0.38862660 1       -1.47138039 1       -4.23400039 1
 1       -2.29500837 1        0.02093873 1       -3.84930301 1
 1       -2.18453506 1        1.75520806 1       -1.81625693 1
 1       -0.21287255 1        1.64311984 1       -0.50217916 1
