 7        1.98379257 1       -0.05626829 1        0.57759068 1
 6        0.69845014 1       -0.02842068 1        1.33004559 1
 6        0.63137145 1        0.88575614 1        2.34639664 1
 6       -0.44488196 1        0.81681460 1        3.20264257 1
 6       -1.40548753 1       -0.20763319 1        3.10056327 1
 6       -1.32768870 1       -1.09182867 1        2.00739352 1
 6       -0.25281863 1       -1.13667961 1        1.17357782 1
 1        1.20063539 1        1.86776598 1        2.54917036 1
 1       -0.59145036 1        1.60772661 1        4.06012575 1
 1       -2.22374062 1       -0.26139291 1        3.82855844 1
 1       -2.28956238 1       -1.61634676 1        1.98855241 1
 1       -0.29537364 1       -1.63366027 1        0.14136983 1
 7        2.08337128 1        0.07709037 1       -0.58496500 1
 6        0.85745294 1        0.07651382 1       -1.45810880 1
 6        0.68214748 1       -0.88618761 1       -2.48145295 1
 6       -0.36672537 1       -0.80372143 1       -3.35173384 1
 6       -1.44648448 1        0.20551078 1       -3.09249874 1
 6       -1.27661304 1        1.05282661 1       -1.96237035 1
 6       -0.18932111 1        0.92848253 1       -1.13093502 1
 1        1.55432492 1       -1.69332504 1       -2.70546550 1
 1       -0.42616771 1       -1.43985296 1       -4.07059705 1
 1       -2.29124858 1        0.28769586 1       -3.63343152 1
 1       -2.10652316 1        1.76509469 1       -1.60615027 1
 1        0.11771243 1        1.44273953 1       -0.15561637 1
