 7        1.96644460 1       -0.01258779 1        0.59664794 1
 6        0.78223290 1       -0.12535566 1        1.33924301 1
 6        0.69457397 1        0.78992526 1        2.44208931 1
 6       -0.41308460 1        0.80072993 1        3.30523808 1
 6       -1.38265500 1       -0.11313719 1        3.09402895 1
 6       -1.38276493 1       -1.04031862 1        1.96323390 1
 6       -0.32720520 1       -0.98643592 1        1.12004981 1
 1        1.61494515 1        1.41570755 1        2.66056129 1
 1       -0.43131840 1        1.62049706 1        4.01901942 1
 1       -2.15424643 1       -0.35952874 1        3.77000002 1
 1       -2.17931092 1       -1.82291751 1        1.85629276 1
 1       -0.21768762 1       -1.68417589 1        0.28534553 1
 7        2.05029432 1        0.07826305 1       -0.64766577 1
 6        0.77056923 1        0.04320751 1       -1.37055038 1
 6        0.78719931 1       -0.83164774 1       -2.51227704 1
 6       -0.38656548 1       -0.80303493 1       -3.30679720 1
 6       -1.38093341 1        0.13752843 1       -3.12900651 1
 6       -1.31748445 1        0.99881341 1       -2.01261463 1
 6       -0.26121023 1        0.92714356 1       -1.13222058 1
 1        1.59095586 1       -1.47153852 1       -2.65429690 1
 1       -0.37321258 1       -1.34172042 1       -4.22571582 1
 1       -2.17079788 1        0.36329039 1       -4.03560575 1
 1       -2.28837296 1        1.55804771 1       -1.81612391 1
 1       -0.31878509 1        1.59242388 1       -0.24848228 1
