 7        1.88228710 1       -0.02088077 1        0.56590581 1
 6        0.73288428 1        0.00144918 1        1.34650805 1
 6        0.74608018 1        0.81382780 1        2.43546676 1
 6       -0.42319454 1        0.68676906 1        3.34911778 1
 6       -1.41109524 1       -0.21920597 1        3.05330457 1
 6       -1.27351503 1       -1.10204922 1        2.02396374 1
 6       -0.27074781 1       -1.00909172 1        1.14507452 1
 1        1.57239346 1        1.50700794 1        2.58008557 1
 1       -0.41025150 1        1.50759766 1        4.24122547 1
 1       -2.22070244 1       -0.34234918 1        3.70559723 1
 1       -2.02765895 1       -2.10362882 1        1.92473410 1
 1       -0.19251543 1       -1.63462361 1        0.19841854 1
 7        1.99341449 1        0.07719809 1       -0.65981981 1
 6        0.73106349 1        0.04379071 1       -1.36185500 1
 6        0.74628771 1       -0.94715639 1       -2.36305698 1
 6       -0.40430823 1       -0.86775625 1       -3.23986429 1
 6       -1.39217431 1        0.14691656 1       -3.12975836 1
 6       -1.26714856 1        1.14945288 1       -2.20043881 1
 6       -0.20727006 1        1.12856769 1       -1.21325512 1
 1        1.39586527 1       -1.75959310 1       -2.41565915 1
 1       -0.29873151 1       -1.63515719 1       -4.14448133 1
 1       -2.09993411 1        0.20207798 1       -3.88164320 1
 1       -1.97670228 1        2.04326883 1       -2.15019325 1
 1       -0.18871879 1        1.88095949 1       -0.38431939 1
