 7        2.03273627 1       -0.06325119 1        0.55820308 1
 6        0.78070701 1       -0.14518360 1        1.34679376 1
 6        0.62173484 1        0.85265964 1        2.37132896 1
 6       -0.54099758 1        0.88171841 1        3.12263271 1
 6       -1.50290546 1       -0.12186496 1        2.99610522 1
 6       -1.21229264 1       -1.11198350 1        2.12381269 1
 6       -0.13708630 1       -1.10740021 1        1.23675523 1
 1        1.32368196 1        1.58671705 1        2.40083495 1
 1       -0.67615478 1        1.67381288 1        3.99926814 1
 1       -2.37137672 1       -0.09312810 1        3.72597145 1
 1       -1.98384690 1       -1.90984825 1        2.00717670 1
 1       -0.04299714 1       -1.76383359 1        0.43721042 1
 7        2.02392941 1       -0.05059618 1       -0.61035394 1
 6        0.85497015 1        0.05938273 1       -1.37792608 1
 6        0.71646420 1       -0.79161346 1       -2.47476885 1
 6       -0.40813678 1       -0.72738227 1       -3.43278222 1
 6       -1.41967369 1        0.18221364 1       -3.13147809 1
 6       -1.35481026 1        1.07491080 1       -1.94083520 1
 6       -0.23401137 1        0.98207817 1       -1.06351811 1
 1        1.33161684 1       -1.79932409 1       -2.69791901 1
 1       -0.42580151 1       -1.42751677 1       -4.24889867 1
 1       -2.13191190 1        0.15537701 1       -3.76308338 1
 1       -2.15043708 1        1.67236559 1       -1.74452468 1
 1       -0.13260715 1        1.52992395 1       -0.19997622 1
