 7        1.89967671 1        0.06773252 1        0.53306132 1
 6        0.76984581 1       -0.04691825 1        1.31371923 1
 6        0.77448137 1        0.68576740 1        2.63134245 1
 6       -0.36829538 1        0.69072990 1        3.41183218 1
 6       -1.41678930 1       -0.09952000 1        3.10337714 1
 6       -1.34908208 1       -0.89445205 1        1.85985562 1
 6       -0.20059338 1       -1.01108578 1        1.05673633 1
 1        1.58479083 1        1.27527928 1        2.88662590 1
 1       -0.37570316 1        1.13483436 1        4.27865751 1
 1       -2.41696047 1       -0.15115309 1        3.62835712 1
 1       -2.33730278 1       -1.41007708 1        1.62286671 1
 1       -0.15192121 1       -1.66817155 1        0.16772565 1
 7        1.97712385 1        0.06382483 1       -0.59111715 1
 6        0.78030005 1        0.04898934 1       -1.41508160 1
 6        0.76010391 1       -0.92599900 1       -2.37408912 1
 6       -0.35204749 1       -0.79286643 1       -3.30780552 1
 6       -1.38497159 1        0.08101665 1       -3.17659491 1
 6       -1.35725607 1        0.99601851 1       -2.11162737 1
 6       -0.27568966 1        1.03001127 1       -1.20026767 1
 1        1.46653596 1       -1.53796393 1       -2.53955833 1
 1       -0.49167680 1       -1.36770197 1       -4.20931626 1
 1       -2.22127163 1        0.04634377 1       -3.63532937 1
 1       -2.40935847 1        1.46138646 1       -2.01425452 1
 1        0.01976525 1        1.59727492 1       -0.36963303 1
