 7        1.97203566 1       -0.00892939 1        0.59280182 1
 6        0.82367208 1       -0.06551035 1        1.41355770 1
 6        0.61255290 1        0.89474567 1        2.39707163 1
 6       -0.53799519 1        0.82692174 1        3.17487490 1
 6       -1.40087255 1       -0.30275472 1        3.07081601 1
 6       -1.27156685 1       -1.21327895 1        2.11478433 1
 6       -0.15119402 1       -1.09831185 1        1.20382259 1
 1        1.27246908 1        1.74122988 1        2.42717500 1
 1       -0.58502599 1        1.37596794 1        3.95086213 1
 1       -2.34203950 1       -0.37273451 1        3.79069166 1
 1       -1.91070317 1       -2.02400550 1        1.94371867 1
 1        0.13598964 1       -1.89755211 1        0.41228242 1
 7        1.98138040 1        0.02438017 1       -0.65689664 1
 6        0.82780352 1        0.04472596 1       -1.38128716 1
 6        0.57601729 1       -0.95283343 1       -2.33477651 1
 6       -0.49335192 1       -0.81539432 1       -3.23268710 1
 6       -1.36643203 1        0.20460116 1       -3.19252902 1
 6       -1.25529776 1        1.20202724 1       -2.15781857 1
 6       -0.14406115 1        1.11510639 1       -1.25772412 1
 1        1.40637280 1       -1.66893504 1       -2.50651199 1
 1       -0.55118697 1       -1.57774296 1       -3.97089620 1
 1       -2.15173560 1        0.25569813 1       -3.84464361 1
 1       -1.79215036 1        2.31243106 1       -2.02536514 1
 1        0.03413055 1        1.91601794 1       -0.59513663 1
