 7        1.96059414 1       -0.04776822 1        0.56001715 1
 6        0.74288209 1       -0.02313400 1        1.38034620 1
 6        0.64379998 1        0.90717305 1        2.44740873 1
 6       -0.42004007 1        0.78886516 1        3.31860993 1
 6       -1.38258043 1       -0.18507258 1        3.17520362 1
 6       -1.30674775 1       -1.07418159 1        2.09153377 1
 6       -0.28657848 1       -1.03769885 1        1.27757846 1
 1        1.37153840 1        1.45068146 1        2.81671733 1
 1       -0.65148555 1        1.35775012 1        4.21766332 1
 1       -2.22828920 1       -0.30007908 1        3.83385214 1
 1       -2.25193868 1       -1.72376907 1        1.69216301 1
 1        0.03610119 1       -2.07009742 1        0.53612835 1
 7        2.01119749 1        0.09805606 1       -0.64764937 1
 6        0.80370441 1       -0.02252382 1       -1.41132439 1
 6        0.65718417 1       -0.82990503 1       -2.57517998 1
 6       -0.39694956 1       -0.78344876 1       -3.42195385 1
 6       -1.29566622 1        0.22282817 1       -3.25159238 1
 6       -1.27844023 1        1.00677879 1       -2.03871861 1
 6       -0.25387162 1        0.90563637 1       -1.18559360 1
 1        1.55520446 1       -1.74028559 1       -2.90706124 1
 1       -0.46514532 1       -1.42507083 1       -4.27656713 1
 1       -2.16874270 1        0.22019610 1       -3.74379391 1
 1       -1.80691229 1        1.86495026 1       -1.94686089 1
 1       -0.21791965 1        1.52199780 1       -0.17275696 1
