 7        2.04814133 1       -0.15438044 1        0.56684992 1
 6        0.80557673 1       -0.08593339 1        1.35702716 1
 6        0.64492735 1        0.80237832 1        2.37776969 1
 6       -0.43470646 1        0.77731772 1        3.20939191 1
 6       -1.42733308 1       -0.19386132 1        3.14142400 1
 6       -1.39495613 1       -1.02459234 1        2.04654833 1
 6       -0.25231207 1       -1.04782538 1        1.16615656 1
 1        1.38397691 1        1.60661568 1        2.56268209 1
 1       -0.57724387 1        1.51075800 1        3.79567034 1
 1       -2.39872237 1       -0.07381441 1        3.82066775 1
 1       -2.36193493 1       -1.55488177 1        1.81574149 1
 1       -0.22172407 1       -1.71093222 1        0.33079332 1
 7        2.08633421 1        0.08010151 1       -0.63711152 1
 6        0.85267275 1        0.17006303 1       -1.43012195 1
 6        0.68512990 1       -0.78896821 1       -2.40897770 1
 6       -0.34914958 1       -0.77273351 1       -3.29723050 1
 6       -1.43883357 1        0.16325952 1       -3.17775610 1
 6       -1.35885885 1        0.89121076 1       -2.01089715 1
 6       -0.21528729 1        1.00056035 1       -1.17168636 1
 1        1.42787073 1       -1.42867017 1       -2.48475115 1
 1       -0.31131454 1       -1.58776829 1       -3.99490523 1
 1       -2.19392527 1        0.42863575 1       -3.79455423 1
 1       -2.33319637 1        1.67213932 1       -1.81408201 1
 1       -0.19406364 1        1.83980677 1       -0.37353921 1
