 7        2.01966638 1        0.08112468 1        0.57749533 1
 6        0.83229457 1       -0.03446489 1        1.36976533 1
 6        0.68312693 1        0.80214595 1        2.48007804 1
 6       -0.37177057 1        0.65324333 1        3.33246959 1
 6       -1.56039480 1       -0.19928581 1        2.94105253 1
 6       -1.36622915 1       -1.08831797 1        1.92463085 1
 6       -0.18213512 1       -1.00607385 1        1.12196985 1
 1        1.58521405 1        1.56936145 1        2.44340608 1
 1       -0.50112236 1        1.33179453 1        4.22384755 1
 1       -2.42954744 1       -0.15901540 1        3.45916266 1
 1       -2.22428217 1       -1.72018216 1        1.77421718 1
 1       -0.05136961 1       -1.82163699 1        0.21125464 1
 7        1.97112726 1        0.06925306 1       -0.66697866 1
 6        0.85230142 1        0.08246908 1       -1.47240433 1
 6        0.64331464 1       -1.00652186 1       -2.35598388 1
 6       -0.42380573 1       -0.88354656 1       -3.15968062 1
 6       -1.39208865 1        0.17473857 1       -3.11367460 1
 6       -1.27673043 1        1.11269503 1       -2.03200879 1
 6       -0.21606761 1        1.11043262 1       -1.19876873 1
 1        1.53558275 1       -1.67808347 1       -2.42655306 1
 1       -0.68719122 1       -1.56189514 1       -3.90714015 1
 1       -2.33913675 1       -0.16423903 1       -3.55038724 1
 1       -2.04035856 1        1.92868912 1       -2.01666640 1
 1        0.11874999 1        1.91984982 1       -0.50649926 1
