 7        2.04403203 1       -0.04560420 1        0.63432794 1
 6        0.85712292 1       -0.10924417 1        1.41433232 1
 6        0.63010576 1        0.80761337 1        2.37407732 1
 6       -0.50299622 1        0.79465700 1        3.20552953 1
 6       -1.49397948 1       -0.13904475 1        2.99242695 1
 6       -1.28309836 1       -1.13825801 1        1.97671817 1
 6       -0.15798262 1       -1.06932961 1        1.17504050 1
 1        1.30821480 1        1.52968705 1        2.98277772 1
 1       -0.56051291 1        1.35724780 1        3.90122931 1
 1       -2.43787685 1       -0.20953590 1        3.65957549 1
 1       -2.02698106 1       -1.95030876 1        1.77644469 1
 1       -0.07730937 1       -2.01937075 1        0.49296893 1
 7        2.05269040 1        0.09427849 1       -0.55805602 1
 6        0.79869571 1        0.04484181 1       -1.41953823 1
 6        0.66242352 1       -0.79525621 1       -2.54011333 1
 6       -0.52785394 1       -0.87910346 1       -3.22334786 1
 6       -1.45644136 1        0.10677667 1       -3.07107515 1
 6       -1.26557471 1        1.14956631 1       -2.01761453 1
 6       -0.16128988 1        1.08714272 1       -1.24163729 1
 1        1.40043937 1       -1.56617697 1       -2.51948994 1
 1       -0.67468192 1       -1.66386075 1       -3.90855491 1
 1       -2.20405580 1        0.00983384 1       -3.78308115 1
 1       -1.97182062 1        2.00000545 1       -2.14242207 1
 1        0.20003234 1        1.86931350 1       -0.52594867 1
