 7        1.96961187 1       -0.06531371 1        0.57725177 1
 6        0.78832178 1       -0.06842714 1        1.36642979 1
 6        0.60694397 1        0.92929032 1        2.35837206 1
 6       -0.48366962 1        0.86505407 1        3.19194648 1
 6       -1.42253909 1       -0.10171097 1        2.96453121 1
 6       -1.22473257 1       -1.13502836 1        2.00184269 1
 6       -0.20599513 1       -1.07967775 1        1.14205938 1
 1        1.40919406 1        1.48492100 1        2.43018097 1
 1       -0.53967934 1        1.34854127 1        4.20180091 1
 1       -2.44142827 1       -0.21712659 1        3.44422004 1
 1       -2.11137014 1       -1.84306112 1        1.74118049 1
 1        0.02016986 1       -2.14992841 1        0.62151144 1
 7        1.94357822 1       -0.07391188 1       -0.57782254 1
 6        0.83714960 1        0.05532893 1       -1.39044718 1
 6        0.75543350 1       -0.80742733 1       -2.54493359 1
 6       -0.38231838 1       -0.72063779 1       -3.31054217 1
 6       -1.46664524 1        0.15279141 1       -3.05696148 1
 6       -1.33890926 1        1.06567801 1       -1.93491969 1
 6       -0.15898435 1        0.93422077 1       -1.05152474 1
 1        1.50828580 1       -1.51982671 1       -2.84884183 1
 1       -0.38652590 1       -1.53048086 1       -4.17113137 1
 1       -2.16325909 1       -0.02379267 1       -3.57333866 1
 1       -2.06071070 1        1.85791513 1       -1.88507196 1
 1       -0.16907645 1        1.83269211 1       -0.28166687 1
