 7        2.05335425 1        0.02881261 1        0.57977171 1
 6        0.81718484 1       -0.08994586 1        1.33771585 1
 6        0.76033089 1        0.83830009 1        2.41846859 1
 6       -0.52153419 1        0.79735997 1        3.12801437 1
 6       -1.52551696 1       -0.17284801 1        2.85405633 1
 6       -1.27938528 1       -1.02462393 1        1.85430060 1
 6       -0.21653942 1       -1.02716021 1        1.07116555 1
 1        1.55669068 1        1.51903509 1        2.78623077 1
 1       -0.78996501 1        1.60347436 1        3.88419854 1
 1       -2.51166603 1        0.03235175 1        3.46822405 1
 1       -2.08666526 1       -1.66100157 1        1.60880310 1
 1       -0.26568844 1       -1.66397438 1        0.22818007 1
 7        2.09667426 1        0.04439718 1       -0.61283170 1
 6        0.77894706 1       -0.04427623 1       -1.27752845 1
 6        0.75654553 1       -0.86272282 1       -2.49598132 1
 6       -0.42066205 1       -0.79269394 1       -3.23445102 1
 6       -1.49833905 1        0.14324371 1       -2.99174985 1
 6       -1.35321418 1        1.01619410 1       -1.82498172 1
 6       -0.18317749 1        0.98252092 1       -1.07196450 1
 1        1.46681903 1       -1.63452626 1       -2.62660375 1
 1       -0.81420378 1       -1.47757804 1       -3.97818919 1
 1       -2.30046960 1        0.20731900 1       -3.69893134 1
 1       -2.16343193 1        1.71734239 1       -1.77654130 1
 1       -0.06120660 1        1.52871715 1       -0.13671158 1
