 7        1.95452254 1       -0.01348320 1        0.59309513 1
 6        0.74628850 1       -0.10979399 1        1.34620592 1
 6        0.68404880 1        0.85163522 1        2.44043227 1
 6       -0.37272000 1        0.77358318 1        3.22347303 1
 6       -1.41233423 1       -0.14374413 1        3.08574746 1
 6       -1.32304464 1       -0.99725355 1        1.98248735 1
 6       -0.21099449 1       -1.07863164 1        1.15692645 1
 1        1.45163053 1        1.68065307 1        2.34453575 1
 1       -0.57242523 1        1.53604621 1        4.06931958 1
 1       -2.35920018 1       -0.19288001 1        3.79035939 1
 1       -2.11568173 1       -1.86599846 1        1.74967697 1
 1       -0.19416576 1       -1.72953163 1        0.31130579 1
 7        1.97819272 1       -0.01340045 1       -0.58077274 1
 6        0.75848373 1        0.02676978 1       -1.34138940 1
 6        0.75336595 1       -0.81690286 1       -2.52697714 1
 6       -0.34755683 1       -0.77109078 1       -3.31964446 1
 6       -1.37580985 1        0.16664503 1       -3.08485624 1
 6       -1.34447427 1        1.02439347 1       -2.00682337 1
 6       -0.25210844 1        0.93583501 1       -1.19556972 1
 1        1.66380910 1       -1.41295422 1       -2.65310331 1
 1       -0.28386217 1       -1.31563039 1       -4.26684857 1
 1       -2.26102499 1        0.31268368 1       -3.85573293 1
 1       -2.16143118 1        1.73349152 1       -1.90288414 1
 1       -0.36253220 1        1.64793213 1       -0.37461018 1
