 7        1.98278527 1        0.02334107 1        0.55078454 1
 6        0.84879934 1       -0.09642092 1        1.29514626 1
 6        0.62929303 1        0.84175601 1        2.41651756 1
 6       -0.46327121 1        0.80734221 1        3.21679939 1
 6       -1.47537254 1       -0.09790923 1        2.90465210 1
 6       -1.31050246 1       -1.11409842 1        1.93354010 1
 6       -0.21090776 1       -1.08324447 1        1.10110353 1
 1        1.40298168 1        1.63035691 1        2.44690718 1
 1       -0.35653767 1        1.55129930 1        3.96785246 1
 1       -2.51227491 1       -0.02566919 1        3.37951482 1
 1       -2.06973671 1       -1.73882220 1        1.59174391 1
 1        0.05086759 1       -2.00170536 1        0.39164100 1
 7        2.02647230 1        0.01833976 1       -0.60519974 1
 6        0.75764957 1        0.06625647 1       -1.33563130 1
 6        0.68517807 1       -0.85393216 1       -2.42572457 1
 6       -0.42955883 1       -0.78973838 1       -3.33919763 1
 6       -1.41260568 1        0.12762492 1       -3.01970934 1
 6       -1.29184617 1        1.01009962 1       -1.89061345 1
 6       -0.13782219 1        1.00369586 1       -1.06663282 1
 1        1.44180859 1       -1.53276199 1       -2.42329920 1
 1       -0.39964638 1       -1.51703011 1       -4.28105964 1
 1       -2.54940644 1        0.01256307 1       -3.50799014 1
 1       -1.87899079 1        1.84286991 1       -1.68737117 1
 1       -0.02871211 1        1.69649820 1       -0.09868246 1
