 7        2.09555947 1       -0.03084221 1        0.59734318 1
 6        0.81361128 1       -0.05032028 1        1.39187667 1
 6        0.66269237 1        0.85882262 1        2.41237416 1
 6       -0.51263703 1        0.83518161 1        3.14512592 1
 6       -1.45706608 1       -0.21833813 1        2.87469952 1
 6       -1.32811626 1       -1.13850795 1        1.89777469 1
 6       -0.16697676 1       -1.06666379 1        1.07327766 1
 1        1.63913473 1        1.45323054 1        2.72087958 1
 1       -0.85505386 1        1.59253667 1        3.93553720 1
 1       -2.41237985 1       -0.18406469 1        3.64267716 1
 1       -2.13682615 1       -1.85547286 1        1.79063133 1
 1        0.07062148 1       -1.80302485 1        0.25129714 1
 7        2.01009393 1        0.03337673 1       -0.61593943 1
 6        0.80799917 1        0.09253036 1       -1.37126589 1
 6        0.56882457 1       -0.83774312 1       -2.39160685 1
 6       -0.49692902 1       -0.88940805 1       -3.21637375 1
 6       -1.36170000 1        0.10716244 1       -2.97071874 1
 6       -1.29884609 1        1.10377156 1       -1.92453629 1
 6       -0.15471624 1        1.05003118 1       -1.17624044 1
 1        1.55740240 1       -1.52698796 1       -2.44566791 1
 1       -0.66199324 1       -1.57234349 1       -4.04283191 1
 1       -2.08558482 1        0.36329051 1       -3.70314368 1
 1       -2.17869314 1        1.85023703 1       -1.75999005 1
 1        0.16855730 1        1.84538535 1       -0.56169877 1
