 7        1.99120406 1        0.00206640 1        0.58363897 1
 6        0.82039195 1       -0.19164436 1        1.41631240 1
 6        0.68503900 1        0.81839071 1        2.39542690 1
 6       -0.48891081 1        0.78103720 1        3.26141215 1
 6       -1.41875777 1       -0.18280464 1        3.07832925 1
 6       -1.30732155 1       -1.06447018 1        1.96855468 1
 6       -0.26835047 1       -1.07131938 1        1.12531405 1
 1        1.40015740 1        1.40859370 1        2.62616541 1
 1       -0.69936238 1        1.50702167 1        4.02642668 1
 1       -2.24441606 1       -0.26103472 1        3.87686822 1
 1       -1.95343610 1       -1.70054759 1        2.00960685 1
 1       -0.06235100 1       -1.87466071 1        0.39389175 1
 7        2.01905736 1        0.11828806 1       -0.59639880 1
 6        0.80117726 1        0.01759284 1       -1.37329542 1
 6        0.73375206 1       -0.86673156 1       -2.43580252 1
 6       -0.43214610 1       -0.80152848 1       -3.28680614 1
 6       -1.44370316 1        0.11685996 1       -3.02170708 1
 6       -1.28332507 1        1.11201885 1       -2.12415301 1
 6       -0.18987778 1        1.06115036 1       -1.26986744 1
 1        1.35993061 1       -1.81068183 1       -2.50990152 1
 1       -0.41932155 1       -1.49497538 1       -4.15353758 1
 1       -2.26935826 1        0.26815020 1       -3.67654610 1
 1       -2.15414327 1        1.96884502 1       -2.06221703 1
 1       -0.09678918 1        1.91960777 1       -0.65712201 1
