 7        1.99881622 1        0.05186988 1        0.55360690 1
 6        0.79701030 1       -0.11664966 1        1.31530875 1
 6        0.60568781 1        0.76939349 1        2.31024058 1
 6       -0.58020300 1        0.84865195 1        3.12306603 1
 6       -1.46490449 1       -0.22522724 1        2.97027661 1
 6       -1.24521295 1       -1.14427099 1        1.95424450 1
 6       -0.07947456 1       -1.20013328 1        1.13155509 1
 1        1.22472982 1        1.66995028 1        2.48329486 1
 1       -0.73032167 1        1.64005335 1        3.91421752 1
 1       -2.31634904 1       -0.05944903 1        3.55317528 1
 1       -2.12415339 1       -1.88123404 1        1.81923937 1
 1        0.08953742 1       -1.96841912 1        0.28692524 1
 7        2.03046604 1        0.06465985 1       -0.67133790 1
 6        0.79812585 1        0.09106022 1       -1.37045644 1
 6        0.60524596 1       -0.96580749 1       -2.31890030 1
 6       -0.49279962 1       -0.87647820 1       -3.16291522 1
 6       -1.34928864 1        0.16437597 1       -2.94152416 1
 6       -1.26538637 1        1.26824896 1       -2.02341022 1
 6       -0.14185461 1        1.09499066 1       -1.12177544 1
 1        1.25955141 1       -1.77878678 1       -2.19537129 1
 1       -0.60055729 1       -1.69016559 1       -3.92311554 1
 1       -2.18565973 1        0.24571374 1       -3.60279434 1
 1       -1.99271299 1        2.10471478 1       -2.21172908 1
 1        0.22296835 1        1.94401780 1       -0.36326092 1
