 7        2.01219931 1        0.04405667 1        0.54187284 1
 6        0.82635957 1        0.01132679 1        1.40366628 1
 6        0.62781320 1        0.85611607 1        2.53947573 1
 6       -0.51165365 1        0.73343840 1        3.25670419 1
 6       -1.49756810 1       -0.18463697 1        3.05387718 1
 6       -1.35782011 1       -1.17210229 1        2.04302649 1
 6       -0.20153953 1       -1.00914873 1        1.26595856 1
 1        1.52382426 1        1.62401204 1        2.86889043 1
 1       -0.45284271 1        1.44272195 1        4.09577884 1
 1       -2.38572588 1       -0.28594461 1        3.84757984 1
 1       -1.89497842 1       -2.01084355 1        1.93716863 1
 1       -0.06618472 1       -1.60818551 1        0.33497437 1
 7        2.02422587 1       -0.04052530 1       -0.64134713 1
 6        0.76994046 1        0.07109149 1       -1.48970084 1
 6        0.66532735 1       -0.89804859 1       -2.57935658 1
 6       -0.46300233 1       -0.83459964 1       -3.35442187 1
 6       -1.38609335 1        0.10235440 1       -3.04626119 1
 6       -1.22133695 1        1.11651681 1       -2.05460910 1
 6       -0.10548323 1        1.09813476 1       -1.23914589 1
 1        1.44436608 1       -1.62997057 1       -2.73210792 1
 1       -0.56603650 1       -1.62137742 1       -4.15106221 1
 1       -2.35041988 1        0.19048392 1       -3.75930134 1
 1       -2.00582652 1        1.79881977 1       -1.79215510 1
 1        0.00165843 1        1.72620025 1       -0.35110430 1
