 For file number:    1
    0.458669
   -1.336553
   -0.236666
    0.036160
   -0.005505
    0.008676
  -13.063851
  -14.550541
  -24.348231
    4.414699
    0.941379
   23.071678
    0.211282
   -1.536595
   -0.258762
    0.479026
  -22.226788
   -0.802594
   -8.076840
   -0.319777
   -0.149103
   -0.281217
    0.250085
    2.537525
   -0.073585
  -10.030333
    0.420134
  -17.745061
    0.008771
    0.827568
   -0.443097
    0.232481
    0.371828
    0.775659
    0.035204
    0.234616
   -1.683653
   21.948804
   -0.047712
   16.908009
   -0.855447
    1.303121
    0.422438
   -1.451037
    0.864510
   -0.705600
   -5.200159
    0.360433
    1.246202
   12.300571
    0.276825
   -0.174460
   -0.172507
    0.044239
    0.827993
   -0.045401
    0.685169
    0.341802
   -0.261695
    0.629065
   -0.116596
   -4.809656
   -0.049185
    0.041650
   -0.345101
    0.669015
   -0.823208
    1.836047
    1.634389
    0.196411
    0.649632
   -0.860486
 
 For file number:    2
    0.448350
   -1.417045
   -0.157911
   -0.029941
   -0.016951
    0.038114
  -11.151516
  -14.982041
  -23.993903
    4.350760
   -0.030763
   24.605470
   -0.041305
   -1.592948
   -0.255139
   -0.167607
  -23.590309
    0.030057
   -8.324597
   -0.826940
    0.118795
    0.299228
    0.598836
    2.451508
    0.023167
  -10.215285
    0.488102
  -17.997569
    0.255889
    0.745863
   -0.317404
    0.360420
    0.504221
    0.799713
    0.085487
    0.055704
   -1.447814
   21.905412
    0.120708
   16.958402
   -0.359010
    1.012775
    0.234896
   -1.202330
    1.088324
   -0.285446
   -5.171251
    0.068720
    1.084238
   12.350797
    0.734691
   -0.005219
    0.385591
    0.048431
    1.060780
   -0.013495
    0.441154
    0.054371
   -0.196700
    0.577843
    0.270373
   -4.655397
    0.036531
   -0.042848
   -0.576202
    0.687271
   -0.706270
    1.909225
    1.828962
    0.328795
    0.709581
   -1.015803
 
 For file number:    3
    0.491942
   -1.401456
   -0.152404
   -0.098418
    0.027139
   -0.039518
  -11.131393
  -17.091629
  -21.462012
    4.393357
    0.343980
   23.207396
   -0.464323
   -1.350317
   -0.538098
    0.381431
  -22.698514
    0.370691
   -8.045226
   -0.821682
   -0.418178
    0.441645
    0.024124
    2.292628
   -0.004048
  -10.241396
    0.507068
  -17.801753
    0.082799
    0.432070
    0.076192
   -0.003669
    0.635655
    0.633681
    0.157869
   -0.040393
   -1.424260
   22.229589
   -0.060508
   16.995960
   -0.768472
    1.203150
    0.142490
   -1.309770
    0.859798
   -0.586425
   -5.291623
    0.454277
    0.954762
   12.141944
    0.711971
   -0.338369
   -0.018794
    0.164580
    1.242354
   -0.353690
    0.384595
    0.062728
   -0.241369
    0.559302
   -0.109483
   -4.883123
   -0.050125
   -0.175421
   -0.631115
    0.627903
   -0.694005
    1.848018
    1.764672
    0.162846
    0.614691
   -0.838993
 
 For file number:    4
    0.456402
   -1.377981
   -0.154418
   -0.029267
    0.039189
    0.008447
  -12.414194
  -15.554847
  -25.248086
    3.558308
    0.068341
   22.527399
   -0.767585
   -1.756726
   -0.278201
    0.061615
  -23.027102
   -0.355028
   -8.154464
   -0.728011
   -0.248600
    0.321578
   -0.165461
    3.029495
   -0.231893
   -9.868114
    0.853565
  -17.988855
   -0.314116
    1.052912
   -0.020279
    0.218802
    0.378107
    0.899263
   -0.317858
    0.220076
   -1.510032
   22.033609
    0.227907
   17.214375
   -0.711103
    1.371427
    0.493196
   -1.452258
    0.808726
   -0.591972
   -5.240731
    0.390116
    1.406600
   12.558512
    0.686508
   -0.160586
    0.083457
    0.143342
    0.783385
   -0.063919
    0.463029
    0.107869
   -0.386198
    0.570801
   -0.024569
   -4.534757
    0.009432
   -0.102821
   -0.571733
    0.767945
   -0.894679
    1.955375
    1.719154
    0.415596
    0.789402
   -1.002555
 
 For file number:    5
    0.494230
   -1.389401
   -0.206903
   -0.032976
   -0.006462
    0.036811
  -10.792459
  -15.327181
  -23.652706
    3.924045
    0.265232
   23.434848
    0.085633
   -2.080697
    0.191866
    0.624885
  -22.390262
   -0.044868
   -7.952085
   -0.846353
   -0.128643
   -0.067777
    0.074687
    2.640958
   -0.207076
   -9.897013
    0.520477
  -17.771339
   -0.286081
    0.884484
    0.080168
    0.278038
    0.513037
    1.040876
    0.066563
    0.138562
   -1.831338
   22.013096
   -0.153371
   16.870005
   -0.395609
    1.401281
    0.319185
   -1.241403
    0.898671
   -0.785034
   -5.007823
    0.378018
    0.964374
   12.335932
    0.418053
   -0.098959
   -0.253845
    0.254224
    0.662197
    0.025974
    0.614286
   -0.100289
   -0.364765
    0.633747
    0.239923
   -4.776406
   -0.247148
    0.117856
   -0.464037
    0.737615
   -0.624850
    1.794810
    1.853912
    0.187230
    0.653400
   -0.958610
 
 For file number:    6
    0.418544
   -1.363682
   -0.234447
    0.035205
   -0.003365
    0.013091
  -13.161347
  -15.602663
  -24.479188
    3.481182
    0.479392
   23.991546
    0.475484
   -1.566153
   -0.079287
   -0.138878
  -22.972064
    0.083653
   -8.253111
   -0.610837
    0.505341
   -0.762102
   -0.076757
    2.703335
    0.516452
  -10.000538
    0.231203
  -17.978582
   -0.579800
    0.494260
   -0.391374
    0.403590
    0.600948
    1.040426
    0.000550
    0.081402
   -1.503819
   22.004780
   -0.246376
   17.503993
   -0.886406
    1.381905
    0.153046
   -1.568701
    0.965443
   -0.705974
   -5.134832
    0.020344
    1.276154
   12.934514
    0.390242
    0.154157
    0.162153
    0.095705
    0.629151
   -0.048546
    0.685099
    0.124331
   -0.216215
    0.908507
   -0.052152
   -4.790448
   -0.066443
   -0.047821
   -0.367216
    0.476518
   -0.840605
    1.808040
    1.803055
    0.269624
    0.768410
   -0.941786
 
 For file number:    7
    0.419182
   -1.423270
   -0.203283
    0.050030
   -0.030108
    0.027770
  -12.756084
  -14.592209
  -25.094101
    3.879868
    0.139358
   23.937697
   -0.067019
   -1.423810
    0.323333
    0.264571
  -23.070340
   -0.076244
   -8.040744
   -0.931151
   -0.180592
   -0.377593
    0.037345
    2.702183
    0.126792
   -9.692894
    0.115908
  -18.146190
    0.353998
    0.989880
   -0.095780
    0.195513
    0.203957
    0.852019
    0.134709
    0.519047
   -1.488696
   22.158240
    0.098941
   17.106057
   -0.321148
    1.421639
    0.529341
   -1.501555
    0.950563
   -0.538165
   -5.153857
    0.170584
    1.133288
   12.257578
    0.457161
   -0.108520
    0.189331
    0.096932
    0.797982
    0.387749
    0.354739
   -0.130619
   -0.426945
    0.701642
   -0.263687
   -4.791735
   -0.205299
    0.083981
   -0.453423
    0.580618
   -0.744539
    1.859383
    1.802987
    0.362889
    0.754730
   -0.909837
 
 For file number:    8
    0.457832
   -1.409906
   -0.208525
   -0.035343
    0.013465
    0.046432
  -10.831727
  -14.635284
  -23.049930
    3.687285
   -0.279327
   23.620838
    0.150420
   -1.713075
    0.438948
    0.284209
  -23.148648
   -0.115624
   -7.810978
   -0.988724
    0.426076
    0.092348
    0.211498
    2.437292
    0.027984
  -10.616450
    0.347909
  -18.283534
   -0.102099
    0.930509
   -0.048029
    0.289035
    0.414755
    0.626363
   -0.014958
    0.118048
   -1.614407
   21.762838
   -0.691458
   16.896504
   -0.750718
    1.280409
    0.147080
   -1.197051
    0.871205
   -0.469052
   -4.885357
    0.287863
    0.918371
   12.336938
    0.550106
   -0.171285
    0.070227
    0.092797
    1.028995
    0.087551
    0.555001
    0.312661
   -0.339490
    0.619414
    0.230914
   -4.744470
    0.030428
   -0.013600
   -0.412941
    0.772284
   -0.620175
    1.806989
    1.595837
    0.274335
    0.634224
   -0.876659
 
 For file number:    9
    0.461688
   -1.429142
   -0.206755
   -0.034747
    0.032161
    0.050671
  -12.737153
  -15.227085
  -24.444973
    3.109929
    0.733981
   24.015464
   -0.498957
   -1.821265
   -0.487640
    0.342110
  -22.944605
    0.242012
   -7.597450
   -0.761009
    0.781279
   -0.340507
   -0.500184
    3.055671
   -0.257620
  -10.228181
    0.422562
  -18.361770
   -0.210398
    1.116176
   -0.461789
    0.262314
    0.378545
    0.761444
   -0.076376
    0.297714
   -1.517379
   22.279948
   -0.271837
   17.079070
   -0.630507
    1.405536
    0.008962
   -1.468471
    1.066332
   -0.527984
   -5.001813
    0.021802
    1.040276
   12.271983
    0.586421
    0.052595
    0.135403
   -0.195820
    0.967200
    0.008384
    0.451353
   -0.070765
   -0.489746
    0.603457
    0.089235
   -4.574521
    0.031080
   -0.047036
   -0.350033
    0.663671
   -0.671450
    1.794623
    1.842783
    0.365552
    0.660815
   -1.000089
 
 For file number:   10
    0.457937
   -1.423545
   -0.172518
    0.066798
   -0.036352
    0.005914
  -12.349251
  -15.335733
  -24.372339
    5.326073
    0.045580
   23.409773
    0.003696
   -1.237593
    0.071634
    0.311535
  -23.484572
   -0.076333
   -8.003479
   -0.675164
    0.303288
    0.334354
    0.233687
    2.800138
    0.065472
   -9.699704
    0.603842
  -17.689709
    0.116314
    0.930749
   -0.075115
    0.126301
    0.509233
    1.052940
   -0.019526
    0.148837
   -1.300495
   22.057502
    0.119089
   16.797306
   -0.606211
    1.334171
    0.386097
   -1.608409
    0.987802
   -0.497865
   -4.918834
    0.143661
    1.314782
   12.262134
    0.441743
    0.024398
    0.323128
   -0.033247
    0.687106
    0.191331
    0.667243
   -0.021799
   -0.256977
    0.881930
    0.105549
   -4.844461
   -0.279387
   -0.020726
   -0.492976
    0.694209
   -0.608268
    1.658406
    1.794720
    0.231788
    0.712241
   -1.038727
 
 For file number:   11
    0.434749
   -1.407613
   -0.220714
   -0.065363
   -0.014596
    0.046575
  -10.667275
  -15.604419
  -24.099690
    3.684141
   -0.217766
   23.942492
   -0.153951
   -1.819848
   -0.400710
    0.339199
  -22.894088
   -0.113774
   -8.061412
   -0.653971
    0.593363
    0.624880
    0.571488
    3.273651
   -0.357202
  -10.164331
    0.279121
  -18.015474
   -0.198087
    0.958664
    0.130513
    0.144605
    0.585195
    0.718458
    0.065052
    0.355019
   -1.702332
   22.160270
   -0.321302
   17.133416
   -0.558569
    1.370841
   -0.022537
   -1.365494
    0.839802
   -0.470119
   -4.975663
    0.308517
    0.914983
   12.370954
    0.492663
    0.035563
    0.093137
   -0.192636
    1.061978
    0.201417
    0.382641
   -0.099430
   -0.297110
    0.536469
   -0.031127
   -4.661166
   -0.028584
   -0.077563
   -0.426640
    0.878401
   -0.707075
    1.929470
    1.717378
    0.196183
    0.677493
   -0.922128
 
 For file number:   12
    0.443811
   -1.399375
   -0.210598
    0.098613
   -0.007208
    0.019837
  -13.465934
  -13.626909
  -24.549657
    4.239612
   -0.443614
   24.100997
    0.228890
   -2.046035
    0.040954
    0.617036
  -22.979495
   -0.100267
   -8.230003
   -1.335482
   -0.021216
    0.109698
    0.002013
    2.781221
   -0.327695
   -9.828357
    0.871779
  -17.879573
   -0.311691
    1.109103
   -0.412521
    0.069443
    0.737735
    0.972206
   -0.377757
    0.270797
   -1.589256
   21.812842
    0.007592
   16.859138
   -0.612901
    1.068679
    0.248693
   -1.365108
    0.957118
   -0.583081
   -5.108580
    0.314885
    1.083640
   12.089116
    0.520215
    0.030935
    0.230675
   -0.354553
    0.913882
    0.272992
    0.605387
    0.114623
   -0.167746
    0.747449
    0.105724
   -4.695237
    0.006315
   -0.068045
   -0.506670
    0.722024
   -0.762132
    1.775594
    1.764743
    0.298630
    0.649875
   -0.962644
 
 For file number:   13
    0.410252
   -1.414930
   -0.242280
    0.064551
    0.048741
    0.019619
  -12.374331
  -14.118694
  -24.159467
    2.642684
    0.322493
   22.668413
    0.134475
   -2.503084
    0.119318
    0.012362
  -22.715578
    0.138280
   -8.162562
   -1.112459
    0.014380
    0.195156
   -0.053938
    2.696874
   -0.161124
   -9.954056
    0.285149
  -18.146292
    0.028467
    1.270797
   -0.241829
    0.146440
    0.346580
    0.835543
   -0.085095
    0.310546
   -1.863133
   22.064695
   -0.136213
   17.013705
   -0.576348
    1.354905
    0.198767
   -1.158151
    0.896819
   -0.354896
   -5.229093
   -0.008087
    1.090443
   12.340746
    0.825697
   -0.053255
   -0.211730
   -0.067130
    0.999861
    0.533798
    0.521109
    0.303785
   -0.379152
    0.576085
   -0.289122
   -4.667302
   -0.140219
    0.106665
   -0.561538
    0.534634
   -0.740232
    1.656466
    1.683083
    0.210374
    0.891607
   -0.937039
 
 For file number:   14
    0.484401
   -1.369965
   -0.217047
   -0.015060
    0.052749
   -0.005995
  -12.150060
  -15.511654
  -24.883834
    3.305875
    0.280517
   23.893748
    0.098463
   -1.730883
    0.555124
    0.524810
  -22.333411
    0.029216
   -8.206627
   -0.812966
   -0.162326
   -0.013021
   -0.611177
    2.874333
    0.085013
  -10.131444
    0.325899
  -18.008925
    0.123139
    0.844698
   -0.092295
    0.444928
    0.445743
    0.650012
   -0.250637
    0.401385
   -1.680834
   21.822722
   -0.170801
   16.784659
   -0.679251
    1.406196
    0.066124
   -1.206907
    0.844856
   -0.438514
   -5.194049
    0.424807
    1.208377
   11.977852
    0.513534
   -0.001099
    0.073560
    0.248260
    1.045699
    0.119239
    0.837020
   -0.263789
   -0.626622
    0.755799
    0.012884
   -4.668043
    0.032855
   -0.001433
   -0.295446
    0.632748
   -0.605855
    1.768540
    1.770306
    0.296093
    0.756914
   -0.770013
 
 For file number:   15
    0.487144
   -1.475347
   -0.132061
    0.062179
   -0.002619
   -0.011739
  -10.793216
  -14.803959
  -24.171614
    3.261125
    0.457517
   23.674900
   -0.273025
   -2.262940
    0.635168
    0.702128
  -23.444019
    0.182467
   -7.922686
   -1.274973
    0.219035
    0.114332
   -0.104072
    2.958551
    0.160702
  -10.259638
    0.793064
  -18.253196
   -0.198627
    1.177842
    0.229717
    0.147660
    0.466250
    0.897425
    0.096936
    0.470319
   -1.613939
   21.830789
   -0.545595
   16.624160
   -0.943956
    1.224275
    0.350923
   -1.145603
    0.984527
   -0.426549
   -5.265660
    0.091023
    1.110843
   12.332209
    0.512194
    0.000832
    0.200498
    0.155311
    0.623155
    0.062444
    0.348157
   -0.169038
   -0.462282
    0.556297
   -0.166071
   -4.778674
   -0.081533
    0.008579
   -0.423847
    0.770972
   -0.659913
    1.708491
    1.640563
    0.396106
    0.748180
   -0.644599
 
 For file number:   16
    0.473974
   -1.368944
   -0.223491
    0.028920
   -0.026257
    0.004273
  -12.074770
  -15.035027
  -24.694711
    4.344647
   -0.141918
   23.147863
    0.492285
   -1.996294
    0.481696
    0.643675
  -22.835965
    0.056113
   -7.606737
   -0.735658
    0.186095
   -0.160998
   -0.306205
    2.626225
    0.028749
  -10.129054
    0.421555
  -17.697073
    0.113224
    0.469862
   -0.257264
    0.012067
    0.429809
    1.073942
   -0.174685
    0.291795
   -1.396256
   22.243113
   -0.594825
   16.881458
   -0.722166
    1.398108
    0.016580
   -1.468466
    0.724991
   -0.534306
   -4.951158
    0.342299
    1.124216
   12.361999
    0.344254
   -0.221282
    0.279468
   -0.019206
    1.138057
    0.125016
    0.648003
   -0.103298
   -0.466734
    0.515545
    0.077469
   -4.487698
   -0.053594
    0.043050
   -0.312707
    0.529035
   -0.685879
    1.926056
    1.766392
    0.261547
    0.750246
   -0.962564
 
 For file number:   17
    0.463735
   -1.436070
   -0.178154
   -0.040801
   -0.015488
    0.008519
  -10.617258
  -14.095067
  -25.592057
    3.788243
   -0.217700
   23.900305
   -0.040108
   -1.610230
   -0.625148
    0.239818
  -22.723250
   -0.262596
   -7.891151
   -0.569947
    0.455942
    0.314233
   -0.037300
    3.281240
   -0.494918
  -10.204192
    0.776234
  -18.301084
    0.458055
    1.257588
   -0.219359
    0.316775
    0.611960
    0.582822
    0.042573
    0.436106
   -1.442228
   21.996729
    0.124500
   16.809639
   -0.515886
    1.467172
    0.281205
   -1.355449
    1.119428
   -0.510846
   -5.003476
    0.380071
    0.912215
   12.222177
    0.848257
    0.233366
    0.066609
    0.157052
    0.972373
    0.213520
    0.529919
   -0.030703
   -0.320444
    0.605286
   -0.008480
   -4.720743
   -0.103734
   -0.030918
   -0.367770
    0.687038
   -0.714927
    1.729715
    1.737551
    0.394860
    0.686364
   -0.870240
 
 For file number:   18
    0.445779
   -1.425293
   -0.173360
   -0.051628
    0.028396
    0.016712
  -11.826764
  -17.032835
  -22.967649
    4.196321
   -0.233859
   24.450311
   -0.269944
   -1.942799
    0.686811
    0.092678
  -23.047005
   -0.125697
   -8.659953
   -1.015895
    0.024872
    0.331377
   -0.151192
    2.597315
   -0.387437
   -9.843111
    0.764096
  -17.769345
   -0.253396
    0.490045
    0.343407
    0.347761
    0.590899
    0.769956
    0.099173
    0.689267
   -1.646831
   21.925975
   -0.301403
   16.817792
   -0.704593
    1.799163
    0.183608
   -1.303294
    0.987868
   -0.495951
   -4.980323
    0.531961
    1.153534
   12.297391
    0.616658
   -0.022316
    0.124589
   -0.246102
    0.750170
    0.403542
    0.519050
    0.045138
   -0.311123
    0.616561
   -0.031125
   -4.411811
    0.029861
   -0.197785
   -0.468266
    0.621970
   -0.656214
    1.773214
    1.722858
    0.254860
    0.653370
   -0.953407
 
 For file number:   19
    0.417949
   -1.407692
   -0.216280
   -0.021913
    0.011763
    0.055592
  -13.187959
  -16.106256
  -24.675713
    3.786069
   -0.372825
   24.040693
   -0.256371
   -2.034263
    0.442229
    0.809525
  -23.100493
   -0.196925
   -8.278298
   -0.479292
   -0.629437
   -0.034174
    0.300023
    2.931676
   -0.395239
   -9.975230
    0.227602
  -18.199418
    0.112374
    0.834624
   -0.200364
    0.248578
    0.761926
    0.462302
    0.119470
    0.538220
   -1.535215
   22.159822
    0.017423
   17.070946
   -0.683882
    1.325595
    0.201010
   -1.183029
    0.845955
   -0.622165
   -4.896193
    0.332916
    0.912430
   12.216589
    0.358408
   -0.129322
    0.139099
   -0.215365
    1.317655
    0.098895
    0.771160
    0.035333
   -0.230951
    0.529772
    0.365257
   -4.707800
   -0.207412
   -0.067680
   -0.550512
    0.559601
   -0.742325
    1.829379
    1.793051
    0.269927
    0.695995
   -0.940034
 
 For file number:   20
    0.480101
   -1.371578
   -0.163712
    0.090362
   -0.021318
    0.037632
  -11.484895
  -14.402024
  -25.642951
    3.825870
   -0.426572
   24.250109
   -0.165915
   -1.435466
    0.435471
    0.981569
  -22.717347
   -0.184640
   -8.191537
   -1.157324
   -0.684305
    0.231517
   -0.297387
    2.745568
    0.530975
   -9.842229
    0.371187
  -17.660023
   -0.183671
    0.943014
    0.072549
   -0.012046
    0.605325
    0.593125
    0.015832
    0.400692
   -1.433195
   21.910807
    0.267445
   17.037232
   -0.603860
    1.518822
    0.102771
   -1.291155
    0.982355
   -0.610845
   -5.077048
    0.032970
    1.200388
   12.447020
    0.671444
    0.214495
   -0.182253
   -0.227560
    0.601404
   -0.083684
    0.580604
   -0.163669
   -0.427298
    0.505361
   -0.014092
   -4.631307
    0.000831
   -0.040513
   -0.472297
    0.654753
   -0.746156
    1.783883
    1.839286
    0.332167
    0.693571
   -0.923808
 
 For file number:   21
    0.468962
   -1.451436
   -0.191631
    0.030630
   -0.028942
    0.000802
  -10.948856
  -13.834716
  -22.072845
    3.849469
   -0.073959
   23.855242
    0.581090
   -1.589550
    0.043788
    0.592521
  -23.224843
   -0.222095
   -8.046625
   -0.613211
   -0.037933
    0.001640
   -0.048418
    2.555310
    0.455938
   -9.966173
    0.478957
  -17.866028
   -0.140628
    1.071971
   -0.128313
    0.547040
    0.437756
    1.092137
   -0.010987
    0.268639
   -1.756326
   22.228140
    0.095030
   16.875039
   -0.802675
    1.182715
    0.169662
   -1.411387
    0.979697
   -0.406637
   -5.181667
    0.187469
    0.863354
   12.394102
    0.772030
   -0.002688
   -0.188173
    0.392112
    0.912254
    0.312649
    0.436843
   -0.095469
   -0.366311
    0.976146
    0.028718
   -4.766322
   -0.022534
   -0.006005
   -0.350796
    0.513179
   -0.596270
    1.850602
    1.568530
    0.329248
    0.706786
   -0.970316
 
 For file number:   22
    0.446737
   -1.400914
   -0.164778
   -0.086078
   -0.021472
    0.024819
   -8.751128
  -15.081182
  -23.855533
    3.980915
   -0.392900
   23.323432
    0.100607
   -2.315602
   -0.095466
   -0.088594
  -23.004782
   -0.651929
   -7.738979
   -0.235564
   -0.356569
    0.114963
    0.089677
    2.553126
   -0.449957
  -10.139514
    0.925243
  -17.997675
   -0.018504
    1.215051
   -0.022933
    0.355090
    0.326092
    0.912463
   -0.071550
    0.054215
   -1.588482
   21.884297
   -0.279540
   16.889198
   -1.044244
    1.312020
    0.205302
   -1.248063
    0.862300
   -0.411731
   -5.185611
    0.263431
    0.883198
   12.329421
    0.556231
   -0.454470
   -0.046051
    0.098219
    0.838265
    0.097178
    0.502238
    0.018991
   -0.441270
    0.996124
   -0.080665
   -4.820245
   -0.090922
    0.017162
   -0.405820
    0.599398
   -0.770626
    1.792039
    1.665370
    0.284353
    0.808161
   -0.837637
 
 For file number:   23
    0.466855
   -1.406317
   -0.171105
    0.040730
   -0.052350
    0.015283
  -11.047611
  -15.214326
  -24.282247
    4.428351
    1.131536
   23.875116
    0.213543
   -2.547482
    0.158563
   -0.272317
  -22.993638
   -0.203883
   -8.008167
   -0.562049
   -0.229867
    0.204493
    0.135474
    2.389346
   -0.365153
   -9.634239
    0.875823
  -18.044059
    0.096400
    0.604894
   -0.031860
    0.478523
    0.410222
    0.885198
    0.219960
    0.200659
   -1.880765
   21.915808
    0.022687
   17.118102
   -0.766230
    1.030585
    0.244638
   -1.199432
    1.005963
   -0.400208
   -5.425067
    0.153374
    1.371018
   12.538239
    0.668471
   -0.293805
   -0.045755
   -0.085803
    1.349420
   -0.063960
    0.645413
    0.141065
    0.016838
    0.815638
   -0.075459
   -4.710048
    0.108420
   -0.001739
   -0.363569
    0.614871
   -0.699199
    1.826378
    1.753742
    0.247089
    0.810905
   -0.985301
 
 For file number:   24
    0.422998
   -1.415635
   -0.188191
   -0.038803
   -0.040566
    0.006233
  -11.835505
  -16.877605
  -24.352848
    4.440507
    0.444690
   23.459713
   -0.116047
   -2.037636
   -0.108799
   -0.249445
  -22.597831
   -0.428444
   -8.396445
   -0.521254
   -0.177660
    0.006541
    0.070248
    2.709401
   -0.118152
   -9.612420
    0.432471
  -18.300411
    0.062143
    0.688283
    0.064727
    0.415146
    0.291167
    0.986013
    0.017112
    0.232845
   -1.646388
   22.182042
    0.215891
   16.756783
   -0.673513
    1.219419
    0.095745
   -1.451284
    0.543589
   -0.319572
   -4.959306
    0.259965
    1.216560
   12.233850
    0.425925
   -0.172835
   -0.067648
   -0.129115
    1.047285
    0.187867
    0.788217
    0.091346
   -0.279826
    0.774411
   -0.182713
   -5.060435
   -0.126697
   -0.037902
   -0.525562
    0.545136
   -0.850955
    1.780907
    1.822380
    0.242955
    0.657022
   -1.013710
 
 For file number:   25
    0.477738
   -1.387020
   -0.145585
   -0.034280
    0.064985
    0.051047
  -13.603712
  -16.391551
  -25.329100
    3.442960
    0.108113
   23.720598
   -0.728701
   -2.029548
   -0.348029
    0.361464
  -23.698108
   -0.069288
   -8.028349
   -0.641511
    0.401420
    0.589866
   -0.153840
    2.281060
   -0.087023
   -9.811180
    0.657949
  -18.223012
    0.132347
    0.732895
   -0.397012
   -0.083674
    0.020017
    0.762534
    0.383884
    0.358613
   -1.595882
   21.880100
   -0.291469
   16.730246
   -0.620250
    1.389460
    0.339216
   -1.301987
    0.916214
   -0.577538
   -5.194121
    0.214958
    1.403368
   12.160641
    0.447441
    0.028150
    0.261293
    0.089301
    0.933934
    0.138212
    0.773702
    0.042427
   -0.173622
    0.410001
    0.024248
   -4.726838
   -0.134041
    0.031740
   -0.448323
    0.742762
   -0.622523
    2.094590
    1.897716
    0.550805
    0.641227
   -0.874170
 
 For file number:   26
    0.460773
   -1.401244
   -0.146796
   -0.065021
    0.055199
    0.019525
  -12.053820
  -18.393353
  -23.430836
    3.872521
   -0.623653
   23.869973
   -0.459539
   -2.321490
    0.240167
    0.518156
  -22.633562
   -0.018487
   -8.041477
   -1.211711
   -0.692993
   -0.076782
   -0.672028
    2.526710
    0.157414
   -9.489206
    0.305553
  -17.632021
    0.030822
    0.661338
    0.398327
    0.032661
    0.390426
    0.812985
   -0.018055
    0.231923
   -1.640226
   22.194046
    0.084148
   16.800726
   -0.543272
    1.296933
    0.152309
   -1.405473
    0.896835
   -0.239257
   -4.792827
    0.544474
    1.349758
   12.674206
    0.603123
   -0.132000
    0.260957
    0.001044
    1.015896
    0.187164
    0.769612
   -0.295633
   -0.313501
    0.803485
   -0.180417
   -4.345426
   -0.026759
   -0.171521
   -0.590602
    0.652541
   -0.687203
    1.788389
    1.931676
    0.298601
    0.766842
   -1.122487
 
 For file number:   27
    0.403190
   -1.402570
   -0.210281
    0.065418
    0.093060
    0.054388
  -12.541585
  -14.878821
  -24.093745
    4.049503
   -1.123470
   23.774825
    0.094295
   -1.819474
    0.484429
    0.057421
  -22.833258
   -0.145711
   -8.339406
   -1.340740
    0.020489
    0.151658
   -0.036905
    2.533241
    0.116775
  -10.056302
    0.329886
  -18.149564
    0.022409
    1.077870
    0.029481
    0.287516
    0.722590
    0.807894
   -0.064818
    0.310023
   -1.510592
   22.060092
    0.253931
   17.121182
   -0.563023
    1.463822
    0.271308
   -1.384011
    0.949168
   -0.558745
   -5.082583
    0.210133
    1.562093
   12.440561
    0.687814
    0.386672
    0.064231
   -0.080031
    1.032193
    0.247763
    0.645603
    0.005632
   -0.450676
    0.664391
    0.033205
   -4.532725
   -0.056179
   -0.033643
   -0.601290
    0.691103
   -0.807092
    1.854826
    1.852498
    0.256242
    0.776211
   -0.895233
 
 For file number:   28
    0.459542
   -1.401134
   -0.158670
   -0.070937
   -0.034289
    0.011464
  -10.398917
  -16.479522
  -23.784684
    3.683143
   -0.402456
   23.949403
   -0.637654
   -2.350308
   -0.104632
    0.887947
  -22.958163
   -0.321996
   -8.036875
   -0.503397
   -0.011002
   -0.251776
    0.299796
    3.311218
    0.000366
  -10.046747
    0.407984
  -17.711151
   -0.347450
    0.746402
    0.288224
   -0.455561
    0.468260
    0.906813
    0.235358
    0.223792
   -1.740850
   22.177509
   -0.039135
   17.095634
   -0.735827
    1.334459
    0.323995
   -1.230100
    0.952268
   -0.600236
   -4.936384
    0.389686
    0.839765
   12.643313
    0.566975
   -0.312889
    0.030105
    0.061565
    1.076825
    0.044839
    0.677039
    0.023551
   -0.439165
    0.210248
    0.257870
   -4.887360
   -0.137024
   -0.080253
   -0.396142
    0.703516
   -0.850918
    1.937278
    1.781372
    0.263817
    0.645755
   -0.996135
 
 For file number:   29
    0.458521
   -1.409689
   -0.178769
   -0.048812
   -0.016973
    0.001051
  -11.506271
  -15.939373
  -24.327357
    4.482849
    0.142362
   23.891703
   -0.318055
   -1.908390
    0.217853
   -0.746829
  -23.273149
   -0.283412
   -8.191531
   -0.701871
   -0.322595
    0.152847
   -0.138928
    2.800463
   -0.123199
  -10.159081
    0.722874
  -17.794940
    0.281390
    0.631659
    0.034969
    0.598233
    0.386263
    0.733842
   -0.013742
   -0.005364
   -1.537995
   22.057313
   -0.087277
   16.744281
   -0.649233
    1.512261
    0.147561
   -1.496784
    0.795570
   -0.554177
   -5.021339
    0.180932
    1.216649
   12.467792
    0.491286
    0.100389
    0.272620
    0.179563
    0.614672
    0.095881
    0.666039
   -0.128129
   -0.527870
    0.717365
   -0.096953
   -4.631023
    0.009494
   -0.101768
   -0.323094
    0.730182
   -0.706035
    1.766015
    1.806867
    0.305065
    0.851803
   -0.923193
 
 For file number:   30
    0.401291
   -1.440074
   -0.164099
   -0.000138
   -0.015841
    0.027464
  -11.961263
  -15.432922
  -23.939127
    3.325741
   -0.559449
   24.158192
    0.193215
   -1.394440
    0.072842
   -0.109374
  -22.975220
    0.274996
   -8.215780
   -0.926625
    0.135466
   -0.444333
    0.042875
    2.517331
   -0.234031
   -9.704848
    0.779368
  -18.082975
   -0.479072
    0.705548
   -0.021797
    0.179176
    0.640159
    0.726544
   -0.009373
   -0.032513
   -1.533458
   21.924255
   -0.185875
   16.823675
   -0.802439
    1.197399
    0.416306
   -1.213800
    0.903448
   -0.373870
   -5.390093
    0.334976
    0.895802
   12.445659
    0.349306
    0.069991
    0.037062
    0.063678
    0.944403
    0.064885
    0.576251
    0.090948
   -0.207754
    0.735579
   -0.054070
   -4.556260
   -0.056723
   -0.055501
   -0.556263
    0.547114
   -0.639072
    1.826340
    1.796802
    0.498859
    0.669118
   -0.908763
 
 For file number:   31
    0.442714
   -1.438770
   -0.178150
   -0.049778
   -0.024675
   -0.011885
  -11.025921
  -15.129452
  -24.974756
    3.599123
    0.383720
   23.639669
   -0.167108
   -2.170831
   -0.182591
    0.538981
  -23.226948
   -0.322919
   -8.256430
   -0.620631
    0.213595
    0.390605
   -0.086392
    2.509895
   -0.072727
   -9.849311
    0.406785
  -18.391496
    0.040178
    1.115845
   -0.102975
    0.116858
    0.298315
    0.762531
   -0.063059
    0.006510
   -1.553895
   21.856019
    0.018285
   16.698807
   -0.818464
    1.274705
    0.279756
   -1.306035
    1.036815
   -0.420618
   -5.271397
    0.399466
    0.839622
   12.397271
    0.806485
    0.136468
    0.523118
    0.137358
    0.846096
    0.395324
    0.546740
    0.303705
   -0.503738
    0.860190
   -0.147045
   -4.573097
   -0.076255
    0.070814
   -0.448884
    0.675126
   -0.716628
    1.783389
    1.678298
    0.366439
    0.601762
   -0.894310
 
 For file number:   32
    0.453033
   -1.471464
   -0.212922
    0.008967
   -0.067828
    0.029258
   -9.566582
  -12.588752
  -23.898287
    4.164911
   -0.218473
   23.586554
    0.042796
   -2.165478
    0.100389
   -0.333512
  -22.915703
    0.058201
   -9.013111
   -0.772759
    0.319480
    0.096434
    0.102794
    3.027584
   -0.186265
  -10.093244
    0.759228
  -18.050301
   -0.567716
    1.294378
    0.254862
    0.401711
    0.626777
    1.112710
   -0.115606
    0.014406
   -1.832316
   22.059436
    0.020072
   16.906642
   -0.559895
    1.316503
    0.125935
   -1.300337
    0.878966
   -0.452406
   -5.049942
    0.238780
    0.944684
   12.688430
    0.752451
   -0.089826
   -0.072214
   -0.070953
    0.860596
    0.094438
    0.300922
   -0.067098
   -0.609609
    0.740978
   -0.019079
   -4.817467
   -0.153424
   -0.049967
   -0.429208
    0.691140
   -0.576171
    1.915470
    1.548557
    0.106403
    0.586301
   -0.873426
 
 For file number:   33
    0.467218
   -1.382455
   -0.200164
    0.065504
   -0.015022
    0.019104
  -13.442465
  -16.192016
  -24.733034
    3.920975
    0.612071
   24.811859
   -0.151059
   -2.110856
    0.476250
    1.116557
  -22.894144
    0.075269
   -7.911873
   -1.353709
   -0.411376
    0.054931
   -0.223589
    2.807829
   -0.216133
   -9.838600
    0.570548
  -18.017909
   -0.188126
    0.587778
   -0.170204
    0.138837
    0.597261
    0.836515
    0.210680
    0.442774
   -1.616455
   21.917322
    0.101089
   16.928255
   -0.755474
    1.323736
    0.024480
   -1.248790
    0.881397
   -0.566147
   -5.118499
    0.133156
    1.181030
   12.353977
    0.564999
   -0.392906
   -0.122819
   -0.364087
    0.983729
    0.032625
    0.834240
    0.017646
   -0.347587
    0.601151
   -0.180066
   -4.683547
   -0.093621
   -0.034500
   -0.577328
    0.766609
   -0.905667
    1.727839
    1.726999
    0.299817
    0.779236
   -0.930818
 
 For file number:   34
    0.434435
   -1.411664
   -0.179567
    0.015958
    0.043675
    0.012221
  -11.722177
  -15.072553
  -23.751815
    3.992535
    0.942781
   23.908393
   -0.053249
   -1.284402
    0.147291
   -0.410076
  -23.010897
    0.022231
   -7.697990
   -0.851209
    0.135926
   -0.414712
    0.234938
    2.509510
    0.525753
  -10.335237
    0.182905
  -18.006597
   -0.056484
    0.955269
   -0.176240
    0.555524
    0.524898
    0.728876
    0.047680
    0.325337
   -1.335569
   22.136607
   -0.246252
   17.037446
   -0.563688
    1.564811
    0.404539
   -1.451264
    0.732190
   -0.555853
   -5.077228
   -0.076114
    1.212881
   12.182560
    0.240394
   -0.084825
   -0.052362
   -0.065116
    0.834348
    0.136284
    0.426575
   -0.224491
   -0.472619
    0.687533
    0.132039
   -4.649943
   -0.149424
    0.107323
   -0.515059
    0.755076
   -0.613966
    1.709643
    1.776984
    0.214485
    0.561605
   -0.953494
 
 For file number:   35
    0.418235
   -1.367114
   -0.251482
    0.100011
   -0.089815
    0.047695
  -13.939937
  -13.364922
  -24.315448
    4.434144
   -0.836119
   22.992214
    0.596454
   -2.304137
   -0.439463
    0.449848
  -22.372322
    0.290396
   -8.005240
   -0.528768
    0.325941
    0.636495
    0.515364
    2.890345
    0.132552
   -9.789582
    0.369546
  -17.880835
   -0.457985
    0.657195
   -0.588930
   -0.070798
    0.596816
    0.776443
   -0.153207
    0.095147
   -1.765329
   21.983333
   -0.182019
   16.854573
   -0.678253
    1.057880
    0.261793
   -1.393492
    1.055691
   -0.474271
   -5.110533
    0.161336
    1.168750
   12.685254
    0.416138
   -0.057402
   -0.398877
   -0.046500
    0.730996
    0.006322
    0.681764
   -0.097043
   -0.635609
    0.881233
    0.043215
   -4.550166
   -0.103013
    0.008692
   -0.385714
    0.718013
   -0.653306
    1.868567
    1.636317
    0.294191
    0.771488
   -0.994073
 
 For file number:   36
    0.484742
   -1.362253
   -0.154399
   -0.100678
    0.060578
    0.035007
  -12.014240
  -18.461777
  -25.510364
    3.545349
    0.967721
   23.934040
   -0.639949
   -1.498118
    0.243246
   -0.284807
  -23.616367
   -0.110067
   -8.193258
   -0.655120
   -0.201815
   -0.008842
   -0.562411
    2.463446
   -0.501163
  -10.008120
    0.757845
  -17.938062
    0.063547
    0.561658
    0.103698
    0.562203
    0.136394
    0.720164
   -0.038720
    0.364429
   -1.170211
   21.762658
   -0.171691
   17.086131
   -0.575736
    1.461328
    0.249107
   -1.128535
    0.778210
   -0.595163
   -5.050588
    0.217642
    1.157430
   12.283450
    0.385215
    0.015016
   -0.024078
    0.051410
    1.094044
    0.133303
    0.656972
    0.030735
   -0.458069
    0.640441
    0.043321
   -4.796153
   -0.079368
   -0.168842
   -0.462467
    0.476342
   -0.532885
    1.906720
    1.962970
    0.203730
    0.689502
   -0.869000
 
 For file number:   37
    0.479167
   -1.414621
   -0.165846
   -0.059729
   -0.035781
   -0.014769
  -11.370214
  -16.288697
  -25.002039
    3.724905
    0.388106
   24.019255
   -0.696422
   -1.878713
    0.114414
    0.544499
  -23.570761
    0.188752
   -7.846188
   -0.785722
    0.108060
   -0.287246
   -0.463832
    3.267342
   -0.212165
   -9.855314
    0.527684
  -17.493860
    0.060870
    0.602526
    0.210901
    0.068342
    0.233693
    0.466231
    0.086029
    0.247629
   -1.611528
   21.838359
    0.169206
   16.850373
   -0.518724
    1.483678
    0.424076
   -1.090841
    0.892538
   -0.474970
   -5.148997
    0.415847
    1.109903
   12.497202
    0.568740
   -0.288018
    0.183246
    0.278823
    0.859426
    0.023230
    0.824021
   -0.248295
   -0.468810
    0.642533
   -0.045927
   -4.624326
   -0.105317
   -0.035087
   -0.405980
    0.729908
   -0.825693
    1.760111
    1.850043
    0.321328
    0.758404
   -0.847050
 
 For file number:   38
    0.419213
   -1.423118
   -0.226115
   -0.025928
    0.000926
   -0.015872
  -12.688543
  -15.310749
  -24.639669
    3.738806
    0.235845
   23.584294
    0.217564
   -1.947764
    0.018912
    0.324030
  -23.072118
    0.371162
   -8.363355
   -0.482323
    0.517739
    0.291809
   -0.089116
    2.803282
   -0.060898
   -9.719678
    0.248774
  -17.759977
    0.053142
    0.843697
   -0.423177
    0.128853
    0.512770
    0.669086
    0.181439
    0.218723
   -1.568092
   22.385447
    0.097568
   17.085767
   -0.652777
    1.437637
    0.356976
   -1.281689
    0.979880
   -0.613062
   -5.129046
    0.439487
    1.158450
   12.181287
    0.442081
    0.384979
   -0.250484
    0.058232
    0.695167
    0.007113
    0.502040
   -0.311754
   -0.354800
    0.681746
    0.177681
   -4.309408
    0.006483
   -0.043551
   -0.273308
    0.603421
   -0.734258
    1.553280
    1.813316
    0.216800
    0.766470
   -0.771723
 
 For file number:   39
    0.447627
   -1.403829
   -0.215286
    0.017032
    0.025000
   -0.008337
  -12.373810
  -15.708235
  -23.301885
    3.994293
   -0.398873
   23.597570
    0.279012
   -2.127289
    0.144170
    0.292130
  -22.773110
    0.454695
   -8.538108
   -1.060534
   -0.265739
   -0.358653
   -0.449838
    2.742307
    0.039345
  -10.094893
    0.507303
  -17.861374
   -0.299302
    0.541503
    0.142881
    0.238333
    0.748399
    0.988866
   -0.015772
    0.265470
   -1.779131
   22.409107
   -0.121463
   16.987610
   -0.565470
    1.415550
    0.112612
   -1.361980
    0.893985
   -0.669046
   -5.229158
    0.522289
    1.275679
   12.395836
    0.513778
    0.385629
    0.213432
    0.106103
    0.824329
    0.425278
    0.648713
    0.220493
   -0.437407
    0.563602
   -0.023202
   -4.628276
   -0.181614
   -0.012522
   -0.519905
    0.699476
   -0.604540
    1.927150
    1.808225
    0.219775
    0.805905
   -0.977504
 
 For file number:   40
    0.441960
   -1.457230
   -0.163271
    0.002524
   -0.003841
    0.002086
  -10.677109
  -15.083994
  -22.889695
    4.914279
    0.206293
   23.727125
    0.312378
   -1.797724
    0.366003
    0.579912
  -23.481562
    0.343257
   -8.426020
   -1.075056
    0.451140
    0.329964
    0.211046
    3.071892
    0.108543
  -10.114709
    0.392050
  -17.930658
   -0.059005
    0.854399
   -0.162392
    0.153583
    0.767737
    1.181201
   -0.016273
    0.276099
   -1.313236
   22.353308
   -0.225723
   17.125599
   -0.573786
    1.529855
    0.186684
   -1.337563
    0.827850
   -0.645678
   -5.395843
    0.328191
    1.294115
   12.669890
    0.499816
    0.218130
   -0.127481
   -0.187104
    0.805049
    0.141628
    0.646595
    0.049504
   -0.491832
    0.798832
   -0.037317
   -4.726244
   -0.149144
   -0.032634
   -0.556745
    0.758796
   -0.751290
    1.892061
    1.801561
    0.405119
    0.768353
   -0.909316
 
 For file number:   41
    0.444759
   -1.425068
   -0.208270
    0.023271
    0.012859
    0.061038
  -12.047475
  -13.945522
  -22.116457
    3.751010
    0.364532
   23.279886
   -0.202206
   -1.852336
   -0.126740
    0.212713
  -22.571683
   -0.084504
   -7.839681
   -0.650187
    0.069651
   -0.232035
   -0.010831
    2.569015
   -0.501914
  -10.354101
    0.620626
  -17.973463
   -0.105285
    0.977631
   -0.197758
    0.276949
    0.586233
    1.000118
    0.010256
   -0.045133
   -1.480530
   22.198743
   -0.023251
   16.962734
   -0.832032
    1.211557
    0.348057
   -1.256837
    0.730524
   -0.389904
   -5.106333
    0.057078
    0.922388
   12.302611
    0.769981
   -0.034070
    0.030376
    0.050012
    0.811795
   -0.144814
    0.429725
   -0.264738
   -0.533221
    0.657963
    0.034772
   -4.487495
   -0.045176
   -0.049876
   -0.386256
    0.595007
   -0.561137
    1.639253
    1.651288
    0.314174
    0.628163
   -0.906648
 
 For file number:   42
    0.416344
   -1.409453
   -0.208110
   -0.042519
   -0.004238
   -0.007205
  -13.253934
  -15.733368
  -24.752328
    4.306940
   -0.057660
   24.604766
   -0.494074
   -1.915889
    0.302299
    0.009255
  -23.236896
    0.075111
   -8.516158
   -0.926025
    0.063192
    0.248354
    0.235700
    2.403539
   -0.049574
   -9.615939
    0.404702
  -18.108651
   -0.241192
    0.663695
   -0.366843
    0.219614
    0.784408
    0.686816
   -0.104172
    0.217516
   -1.441510
   21.861734
    0.183437
   16.836225
   -0.644824
    1.253653
    0.145212
   -1.501023
    1.113128
   -0.528947
   -4.962358
    0.255906
    1.326175
   12.444622
    0.542299
    0.297549
    0.059541
    0.284635
    0.870723
    0.152366
    0.658897
   -0.167915
   -0.470760
    0.452454
    0.089536
   -4.661711
   -0.125417
   -0.139231
   -0.476223
    0.601525
   -0.838361
    1.882689
    1.806464
    0.389286
    0.753390
   -0.862101
 
 For file number:   43
    0.404087
   -1.426617
   -0.223119
    0.056789
   -0.027768
   -0.009705
  -10.591115
  -14.221668
  -24.280766
    3.922109
   -0.002634
   23.667175
    0.842760
   -2.244925
   -0.033551
   -0.186117
  -23.137975
    0.452198
   -8.078449
   -0.474130
    0.575591
   -0.225635
   -0.127469
    2.827644
   -0.054217
  -10.107985
    0.319409
  -17.972652
    0.006037
    1.077664
    0.112617
    0.150687
    0.288499
    0.706576
   -0.267073
    0.145905
   -1.871760
   21.976404
    0.266965
   16.688798
   -0.562532
    1.119661
    0.380374
   -1.393352
    1.012285
   -0.645466
   -5.068719
    0.322300
    1.117700
   12.526633
    0.441669
    0.072932
    0.094421
    0.216871
    1.033432
    0.144259
    0.916994
   -0.056832
   -0.312579
    0.860302
   -0.103004
   -4.700711
   -0.051305
   -0.031657
   -0.285811
    0.780191
   -0.658512
    1.763451
    1.688954
    0.257036
    0.683402
   -1.020140
 
 For file number:   44
    0.444405
   -1.374368
   -0.183829
    0.017088
    0.029593
   -0.003578
  -11.316472
  -17.763058
  -23.054246
    4.209576
    0.651296
   23.385489
    0.802465
   -1.936416
    0.056829
    0.018693
  -22.976275
    0.134789
   -8.362539
   -0.648166
   -0.075916
    0.104707
   -0.003942
    2.468108
   -0.407186
   -9.895277
    0.667103
  -17.593861
   -0.007996
    0.467150
    0.620994
    0.514983
    0.330176
    0.911921
    0.161028
    0.193182
   -1.752742
   21.778322
    0.064021
   16.845964
   -0.758835
    1.398116
    0.101042
   -1.387862
    0.900275
   -0.535282
   -5.048925
    0.626207
    1.292894
   12.217554
    0.386713
   -0.133580
   -0.189776
    0.019918
    0.792106
   -0.127680
    0.656023
   -0.081244
   -0.371158
    0.654386
   -0.173628
   -4.473625
   -0.013813
    0.083974
   -0.464477
    0.547912
   -0.601727
    1.918781
    1.702434
    0.379626
    0.583916
   -0.644205
 
 For file number:   45
    0.425109
   -1.389089
   -0.215009
    0.010805
   -0.027026
    0.015457
  -11.691902
  -15.280208
  -25.148574
    4.548826
   -0.681215
   23.901564
    0.430742
   -2.315212
    0.313836
   -0.210258
  -22.815208
   -0.221759
   -7.539372
   -0.855391
   -0.213093
   -0.433887
    0.042119
    2.930609
    0.245834
   -9.927401
    0.458210
  -17.836068
   -0.192579
    0.873433
   -0.107995
    0.316818
    0.305917
    0.706503
   -0.215713
    0.228753
   -1.720168
   21.827785
   -0.120687
   17.016882
   -0.546385
    1.323135
    0.082694
   -1.600599
    1.208374
   -0.491607
   -5.205549
    0.245259
    1.453312
   12.464154
    0.634463
    0.001414
   -0.150133
    0.303020
    0.945619
    0.402644
    0.632924
    0.135390
   -0.434277
    0.812596
    0.032368
   -4.654725
   -0.102591
    0.031673
   -0.606226
    0.623861
   -0.825649
    1.626423
    1.731483
    0.327235
    0.706946
   -0.865890
 
 For file number:   46
    0.437148
   -1.369903
   -0.228302
    0.068605
    0.076095
    0.069868
  -13.510606
  -15.840648
  -25.136375
    4.485396
   -0.105967
   24.556336
    0.421097
   -1.719718
   -0.326456
    0.192948
  -23.463834
   -0.299252
   -8.250025
   -0.990810
    0.179583
    0.660130
    0.412104
    3.044888
   -0.251211
  -10.155317
    0.552612
  -17.704702
   -0.168722
    0.948254
   -0.237498
    0.361055
    0.645255
    0.782066
    0.011528
    0.117680
   -1.767648
   22.008320
    0.040086
   17.045323
   -0.405750
    1.808802
    0.325456
   -1.293256
    1.082266
   -0.396129
   -5.091979
    0.198017
    1.448703
   12.165614
    0.307883
   -0.066834
   -0.058298
   -0.263301
    0.629547
   -0.015619
    0.586629
   -0.012773
   -0.278770
    0.850550
    0.048907
   -4.388254
   -0.197873
   -0.017213
   -0.488824
    0.719818
   -0.874673
    2.015801
    1.908166
    0.279632
    0.675039
   -0.821223
 
 For file number:   47
    0.449688
   -1.399053
   -0.183584
    0.003950
    0.054633
    0.005957
  -13.098323
  -16.735330
  -23.585797
    4.001391
    0.195208
   23.141310
   -0.589649
   -1.530996
   -0.008863
    0.058783
  -23.297950
   -0.047185
   -8.130766
   -0.835233
   -0.062459
    0.022237
   -0.107063
    2.482320
   -0.307376
  -10.140594
    0.757324
  -18.006181
   -0.056126
    0.618786
    0.137401
    0.368141
    0.440292
    0.656507
    0.095649
   -0.028157
   -1.552103
   21.974958
    0.248044
   16.947992
   -0.652681
    1.508189
    0.181249
   -1.368962
    1.061467
   -0.448219
   -5.054441
    0.176824
    1.272702
   12.395037
    0.589315
    0.113242
    0.168517
   -0.017552
    0.824131
    0.264515
    0.577479
   -0.107979
   -0.110770
    0.755753
   -0.050846
   -4.928651
   -0.107992
    0.035315
   -0.517025
    0.651378
   -0.800763
    1.776891
    1.865254
    0.235468
    0.716305
   -0.928987
 
 For file number:   48
    0.459607
   -1.396353
   -0.189305
   -0.030441
   -0.008832
    0.013417
  -12.131515
  -14.914685
  -22.826998
    3.538074
   -0.157255
   23.668631
   -0.540138
   -2.174358
    0.217558
    0.277209
  -22.454956
   -0.200803
   -8.327888
   -1.296557
    0.334151
    0.350161
   -0.003306
    2.975290
   -0.200113
   -9.930417
    0.670338
  -17.968997
   -0.042993
    0.605081
   -0.127381
    0.084164
    0.438960
    0.932566
    0.245867
    0.485020
   -1.454575
   21.807301
   -0.018401
   17.159480
   -0.439905
    1.387346
    0.138575
   -1.245573
    1.084798
   -0.424041
   -5.267025
    0.295082
    1.063798
   12.622606
    0.650691
    0.010661
    0.001171
   -0.115403
    0.826584
    0.498196
    0.682806
    0.127726
   -0.172271
    0.799560
   -0.235983
   -4.487833
    0.009812
    0.031963
   -0.438416
    0.516094
   -0.763860
    1.779860
    1.786360
    0.255494
    0.735289
   -0.896926
 
 For file number:   49
    0.468900
   -1.462534
   -0.249013
   -0.016302
   -0.026935
    0.045853
  -12.864330
  -15.942611
  -23.767138
    4.852448
    0.463044
   23.043966
    0.059914
   -2.336737
    0.383012
    0.694976
  -24.430183
   -0.031697
   -8.569141
   -0.919980
    0.297299
    0.013520
   -0.226598
    2.523576
   -0.173951
   -9.699296
    0.300181
  -17.755886
   -0.342472
    0.633116
   -0.222000
    0.186278
    0.217394
    0.816102
    0.050997
    0.367845
   -1.758284
   22.009245
   -0.193684
   16.912945
   -0.506161
    1.356944
   -0.021535
   -1.496352
    0.877735
   -0.499298
   -4.894218
    0.272098
    1.175560
   12.231836
    0.561852
    0.123903
   -0.108630
   -0.016851
    1.210023
    0.223164
    0.529735
    0.031214
   -0.571625
    0.584654
    0.089595
   -4.744849
    0.027631
   -0.200619
   -0.554667
    0.787084
   -0.715750
    1.846657
    1.895011
    0.184494
    0.754214
   -0.880158
 
 For file number:   50
    0.473076
   -1.444651
   -0.215004
    0.026097
   -0.052498
    0.015430
  -12.518238
  -12.593708
  -23.521459
    4.419768
   -0.455781
   23.354061
    0.219200
   -1.882436
    0.173928
    0.723209
  -23.227953
   -0.477192
   -8.350099
   -0.700428
    0.183653
    0.469369
   -0.381967
    2.673708
    0.306239
   -9.838940
    0.345627
  -17.880253
    0.075522
    1.064189
   -0.379960
    0.300567
    0.583235
    0.953639
   -0.330853
    0.229153
   -1.535876
   22.184845
    0.321562
   17.129356
   -0.531530
    1.224469
    0.291521
   -1.295265
    0.993177
   -0.735847
   -4.917009
    0.446749
    0.741640
   12.489464
    0.613396
   -0.185461
   -0.042630
    0.271918
    0.807214
   -0.148174
    0.591184
   -0.267955
   -0.340661
    0.798465
    0.165069
   -4.382035
   -0.082526
   -0.167308
   -0.555111
    0.600641
   -0.616119
    1.676897
    1.707906
    0.466009
    0.613481
   -0.927474
 
 For file number:   51
    0.509173
   -1.398500
   -0.149244
    0.001791
   -0.060411
   -0.002187
  -11.553953
  -15.303870
  -26.140425
    3.740878
    0.299259
   24.194687
   -0.239685
   -1.864317
    0.123247
    0.825166
  -23.016454
   -0.268653
   -8.609107
   -1.218446
    0.131171
   -0.260119
   -0.666191
    3.143559
    0.082881
   -9.825551
    0.776052
  -17.954433
   -0.194326
    0.914605
    0.080824
    0.261224
    0.353107
    0.772704
   -0.185959
    0.186716
   -1.583844
   22.125710
   -0.278835
   16.955836
   -0.743467
    1.269417
    0.257845
   -1.123145
    1.032333
   -0.388301
   -5.212541
    0.441916
    0.984807
   12.604129
    0.153153
    0.032287
   -0.130163
    0.042676
    0.893234
    0.000645
    0.977901
    0.093038
   -0.455899
    0.647096
   -0.173401
   -4.330114
    0.078539
   -0.148402
   -0.514766
    0.668083
   -0.765461
    1.861123
    1.677600
    0.298602
    0.662704
   -0.894484
 
 For file number:   52
    0.487791
   -1.429285
   -0.213954
   -0.032532
   -0.004318
   -0.003685
  -12.733447
  -15.234057
  -24.150197
    3.634621
    0.913927
   23.184114
   -0.677691
   -2.134170
   -0.042796
    0.181822
  -23.567594
    0.329397
   -7.993723
   -0.690366
    0.112322
    0.330630
   -0.472588
    2.774229
    0.237340
   -9.783437
    0.115686
  -18.139684
   -0.127311
    0.954831
   -0.176211
    0.075222
    0.540762
    0.857340
   -0.153087
    0.195278
   -1.734603
   22.200615
   -0.290400
   17.131662
   -0.234259
    1.240454
    0.061696
   -1.452779
    1.068526
   -0.524598
   -5.030281
    0.284672
    1.241290
   12.345205
    0.508362
    0.228843
   -0.002877
    0.010665
    0.869455
    0.129377
    0.323963
    0.061311
   -0.404070
    0.361910
    0.125922
   -4.507878
   -0.115274
   -0.012623
   -0.393719
    0.835699
   -0.651042
    1.946467
    1.760510
    0.179201
    0.700175
   -0.961058
 
 For file number:   53
    0.404191
   -1.378490
   -0.202926
    0.082959
    0.001580
    0.032135
  -14.169056
  -16.007957
  -23.892563
    3.993052
   -1.171716
   23.866120
    0.366204
   -1.513929
    0.786440
   -0.431526
  -23.216009
    0.115957
   -8.385982
   -0.818549
    0.463747
    0.583401
    0.098926
    2.905967
    0.402426
   -9.822375
    0.437262
  -17.609826
   -0.217856
    0.533913
   -0.135269
   -0.012658
    0.659172
    0.549420
   -0.027239
    0.585053
   -1.439970
   21.958847
   -0.271533
   17.135725
   -0.601452
    1.095112
    0.292802
   -1.455588
    0.962535
   -0.825917
   -5.159087
    0.112121
    1.236661
   12.609437
    0.604551
    0.072299
   -0.208558
   -0.135094
    0.886150
    0.105477
    0.510655
   -0.283802
   -0.414317
    0.783261
    0.120215
   -4.747133
   -0.106261
   -0.055493
   -0.384163
    0.663554
   -0.684086
    1.887172
    1.875973
    0.344494
    0.854985
   -0.831665
 
 For file number:   54
    0.467161
   -1.422912
   -0.195395
    0.038841
   -0.032696
    0.016491
  -13.516356
  -14.104208
  -24.150882
    3.910932
   -0.225447
   23.862865
   -0.193162
   -1.724247
    0.457727
    0.558054
  -23.327632
   -0.178511
   -8.568388
   -1.194589
   -0.026480
    0.039989
   -0.039457
    2.997677
    0.214607
   -9.923337
    0.385891
  -17.929795
    0.187703
    0.778982
   -0.499288
    0.152139
    0.727091
    0.815567
   -0.173521
    0.320228
   -1.411424
   21.954538
   -0.044333
   17.016879
   -0.451132
    1.161007
    0.421058
   -1.294232
    0.781563
   -0.688047
   -5.048774
    0.301420
    1.197638
   12.648426
    0.013962
   -0.408457
    0.071127
    0.019243
    0.714700
    0.130066
    0.556478
   -0.029191
   -0.400506
    0.813350
   -0.013952
   -4.550517
   -0.174376
   -0.066912
   -0.439652
    0.709411
   -0.542419
    1.896850
    1.683841
    0.309294
    0.622681
   -1.120081
 
 For file number:   55
    0.419500
   -1.396173
   -0.194569
   -0.024864
   -0.006333
    0.016532
  -11.169457
  -14.445294
  -25.699748
    3.362011
   -1.406839
   24.130711
   -0.001273
   -1.233758
    0.035676
    0.044756
  -23.445426
    0.375994
   -8.220460
   -0.917139
   -0.161566
    0.479781
    0.047302
    2.561637
   -0.427129
   -9.756596
    0.734165
  -17.675231
   -0.041403
    1.272764
    0.016510
    0.024212
    0.652219
    0.682797
   -0.003326
    0.293945
   -1.245477
   22.192423
    0.002627
   17.176932
   -0.750065
    1.419988
    0.217898
   -1.266020
    0.889950
   -0.540105
   -5.147836
    0.356274
    0.554529
   12.585528
    0.735675
   -0.262269
   -0.093498
   -0.194145
    1.070265
    0.112210
    0.450716
    0.017664
   -0.287084
    0.964405
    0.192145
   -4.985720
   -0.139229
   -0.150521
   -0.479658
    0.651921
   -0.629550
    1.906747
    1.722823
    0.239966
    0.716971
   -0.928347
 
 For file number:   56
    0.421230
   -1.382613
   -0.238989
   -0.003087
    0.030935
   -0.016524
  -12.798844
  -14.954664
  -24.651074
    3.134793
    0.418920
   24.186236
   -0.084369
   -1.197184
    0.765615
   -0.337602
  -23.248510
    0.241546
   -7.843119
   -1.441032
   -0.022270
    0.024491
   -0.345603
    3.007119
    0.137783
  -10.078550
    0.387469
  -17.849861
   -0.468398
    0.824275
   -0.358002
    0.161003
    0.499511
    0.846292
   -0.133419
    0.356402
   -1.228138
   21.728276
    0.119201
   17.065134
   -0.718246
    1.411257
    0.072959
   -1.332870
    1.108530
   -0.370743
   -4.959122
    0.142075
    1.108684
   12.594477
    0.624058
   -0.022950
   -0.002684
   -0.118278
    0.836517
    0.256925
    0.792943
    0.097108
   -0.426570
    0.647233
    0.054574
   -4.399795
   -0.096506
   -0.120608
   -0.468667
    0.672417
   -0.717575
    1.812143
    1.877033
    0.172987
    0.836797
   -0.889665
 
 For file number:   57
    0.420081
   -1.401684
   -0.226691
    0.046074
    0.034017
    0.035720
  -13.227236
  -16.073553
  -23.933381
    3.853536
   -0.017650
   23.489957
   -0.047559
   -2.050316
   -0.162283
   -0.124357
  -22.699426
    0.009777
   -8.070636
   -0.788228
   -0.234626
   -0.302568
   -0.002822
    2.478323
   -0.123311
   -9.735885
    0.200504
  -17.796519
    0.243175
    0.592839
    0.058138
    0.257065
    0.539751
    0.930244
   -0.079838
    0.082819
   -1.671553
   21.904404
   -0.229160
   16.832145
   -0.695525
    1.632794
    0.181668
   -1.351930
    0.801543
   -0.483625
   -5.101224
    0.095874
    1.197293
   12.272288
    0.473202
   -0.015095
   -0.195913
   -0.106055
    0.954548
    0.191541
    0.620029
   -0.076842
   -0.100173
    0.578527
   -0.018111
   -4.563641
   -0.138752
    0.052279
   -0.508963
    0.628777
   -0.609931
    1.726405
    1.791500
    0.230548
    0.603559
   -0.875334
 
 For file number:   58
    0.375751
   -1.411122
   -0.185054
   -0.036371
    0.052673
    0.032929
  -10.282106
  -16.075057
  -24.653909
    3.773101
    0.474034
   23.535286
    0.185981
   -1.764319
    0.758482
   -0.422275
  -23.086362
   -0.281094
   -7.722768
   -1.107806
    0.188815
    0.631502
    0.586342
    2.184782
   -0.184703
   -9.826623
    0.075740
  -17.991588
    0.351636
    1.160162
    0.210752
    0.335200
    0.297548
    1.089840
    0.160363
    0.356660
   -1.304236
   22.179176
   -0.161788
   16.876881
   -0.700654
    1.334126
    0.225763
   -1.500105
    0.757948
   -0.617351
   -4.967726
    0.281965
    1.184937
   11.990052
    0.546705
    0.153687
    0.065553
   -0.146774
    1.112063
    0.191539
    0.396359
    0.166115
   -0.277423
    0.692906
    0.180513
   -4.577953
   -0.155854
    0.159736
   -0.510878
    0.649986
   -0.655059
    1.700939
    1.695576
    0.377546
    0.709109
   -0.920261
 
 For file number:   59
    0.440876
   -1.374775
   -0.234858
    0.043529
    0.024574
    0.033876
  -13.431648
  -16.152860
  -24.654979
    4.225669
   -0.362949
   23.056780
    0.419641
   -2.086283
    0.202612
    0.671647
  -22.296792
    0.043678
   -7.771099
   -0.750614
    0.482561
    0.129429
   -0.078724
    2.647379
    0.140621
  -10.169171
    0.218770
  -18.492793
   -0.011113
    0.615646
   -0.321121
   -0.090210
    0.359486
    0.960551
    0.096100
    0.177776
   -1.550542
   22.162882
    0.087730
   17.150485
   -0.751863
    1.562275
    0.213154
   -1.355529
    0.994102
   -0.328670
   -5.312416
    0.263965
    1.420729
   12.465561
    0.249535
   -0.086867
   -0.207585
    0.031345
    0.986774
   -0.161201
    0.550036
   -0.305284
    0.042634
    0.740105
    0.037542
   -4.776239
   -0.001203
    0.004689
   -0.277575
    0.623757
   -0.690075
    1.849949
    1.794323
    0.234510
    0.753017
   -1.019134
 
 For file number:   60
    0.456167
   -1.475405
   -0.199058
   -0.079843
   -0.005786
    0.026153
  -11.949064
  -14.915610
  -21.772199
    3.119180
   -0.389234
   23.610194
   -0.497125
   -1.503621
    0.330685
   -0.094083
  -22.990333
   -0.167075
   -8.364020
   -0.555188
    0.047824
   -0.182548
    0.084797
    2.313620
   -0.339955
   -9.709861
    0.559644
  -17.985970
    0.301851
    0.573067
   -0.282442
    0.487483
    0.601980
    0.890753
   -0.032170
    0.353087
   -1.723544
   22.523265
    0.032131
   16.884515
   -0.388479
    1.411669
    0.401042
   -1.225923
    0.922121
   -0.391200
   -5.089815
    0.290030
    1.015992
   12.592020
    0.303880
   -0.039115
    0.036505
    0.325064
    0.484620
    0.207004
    0.374335
    0.134142
   -0.297343
    0.498806
    0.236103
   -4.649997
   -0.080713
   -0.047292
   -0.419679
    0.631096
   -0.604957
    1.752357
    1.758827
    0.222600
    0.686786
   -1.039405
 
 For file number:   61
    0.471909
   -1.393332
   -0.194958
    0.062919
    0.001468
    0.017243
  -13.061766
  -16.065531
  -25.346682
    4.822958
    1.145387
   23.628174
    0.396761
   -1.570736
    0.623850
    0.200899
  -22.863439
   -0.701680
   -7.849491
   -1.186969
   -0.299310
    0.612083
   -0.246619
    2.696082
   -0.087347
   -9.780758
    0.637169
  -18.082065
    0.061379
    0.832293
   -0.186999
    0.470796
    0.215436
    0.706792
   -0.199083
    0.285466
   -1.369989
   21.957959
   -0.176679
   17.144253
   -0.502301
    1.393673
    0.526644
   -1.153184
    1.069063
   -0.561159
   -5.100429
    0.304277
    1.263932
   12.149640
    0.109759
   -0.180481
    0.115252
   -0.036320
    1.110047
    0.136081
    0.286206
    0.011459
   -0.526605
    0.803764
    0.146745
   -4.536578
   -0.053331
    0.026919
   -0.700273
    0.707116
   -0.748217
    1.756651
    1.865505
    0.182585
    0.661120
   -0.874697
 
 For file number:   62
    0.439740
   -1.419063
   -0.143352
    0.011952
   -0.002605
    0.077160
  -10.417266
  -15.344141
  -22.098896
    4.086808
   -1.059752
   23.216789
   -0.029368
   -1.949053
    0.246834
    0.016791
  -22.339818
   -0.360785
   -8.617986
   -0.460892
    0.158317
   -0.071769
    0.162939
    2.691459
    0.582030
  -10.220957
    0.320621
  -18.181850
   -0.318984
    0.680689
    0.349698
    0.245782
    0.822682
    0.711659
    0.104056
    0.579325
   -1.345094
   21.889661
   -0.020869
   16.829395
   -0.725787
    1.098669
    0.297046
   -1.354450
    0.932337
   -0.656298
   -5.046525
    0.153951
    1.319397
   12.081879
    0.850476
   -0.020137
    0.194988
   -0.003584
    0.905016
   -0.131287
    0.487744
    0.025004
   -0.485163
    0.767409
    0.379401
   -4.989564
   -0.029859
    0.029188
   -0.413727
    0.706105
   -0.552692
    1.880458
    1.643907
    0.363390
    0.598600
   -0.951646
 
 For file number:   63
    0.447526
   -1.411821
   -0.194415
    0.019368
    0.000494
    0.025451
  -13.073186
  -15.417891
  -22.945695
    3.445722
    0.071242
   24.100637
   -0.316329
   -1.847776
    0.383616
    0.333452
  -23.432135
    0.425452
   -7.410205
   -1.107285
   -0.320428
    0.709950
   -0.295377
    2.837191
   -0.151199
   -9.873375
    0.289548
  -17.654510
    0.256741
    0.641456
   -0.151951
    0.369196
    0.557900
    0.791998
   -0.402441
    0.367793
   -1.392844
   21.961569
   -0.175372
   16.892451
   -0.633455
    1.173569
    0.299865
   -1.554830
    1.030233
   -0.662390
   -4.927319
    0.071515
    0.826136
   12.261153
    0.392709
    0.025432
    0.201546
    0.025709
    0.872416
    0.033803
    0.624066
    0.193894
   -0.253382
    0.441695
    0.207627
   -4.546144
   -0.076046
   -0.092817
   -0.473294
    0.730108
   -0.543354
    1.817982
    1.796150
    0.317679
    0.693399
   -0.823754
 
 For file number:   64
    0.446858
   -1.373830
   -0.178154
    0.010397
    0.027230
    0.039358
  -10.335514
  -15.026691
  -25.202295
    3.122720
   -0.513091
   24.063744
    0.538317
   -1.793990
    0.441436
    0.379574
  -23.166057
   -0.169543
   -8.203918
   -1.277092
    0.473574
    0.134896
    0.290056
    2.325914
    0.520147
   -9.801602
    0.173988
  -17.526374
   -0.244991
    1.113614
    0.280218
    0.187853
    0.336061
    0.802392
    0.003359
    0.359292
   -1.276591
   21.994258
   -0.164992
   17.014075
   -0.736870
    1.427608
    0.263064
   -1.020013
    1.019395
   -0.598083
   -5.123977
    0.393213
    0.947139
   12.418825
    0.589103
   -0.292739
   -0.047138
   -0.210077
    1.047988
   -0.372034
    0.619713
   -0.212813
   -0.423648
    0.622086
    0.138789
   -4.797175
   -0.199680
    0.091452
   -0.403102
    0.785242
   -0.786819
    1.868709
    1.653741
    0.232947
    0.592244
   -1.178935
 
 For file number:   65
    0.445911
   -1.384562
   -0.178491
    0.060018
    0.026762
    0.034983
  -13.176459
  -14.489494
  -23.577020
    3.479736
    0.282173
   23.935240
    0.279326
   -1.816871
   -0.152342
    0.260770
  -22.527314
    0.247617
   -7.978788
   -0.870574
   -0.246642
    0.209907
    0.130276
    2.997045
   -0.015596
  -10.114171
    0.701019
  -17.487268
   -0.247607
    0.700243
   -0.537967
    0.162141
    0.237668
    0.697939
    0.038833
    0.443063
   -1.279977
   21.923876
   -0.094748
   16.853802
   -0.519122
    1.255717
    0.556239
   -1.291188
    0.961254
   -0.640286
   -5.256274
    0.039651
    0.978883
   12.730714
    0.238465
    0.226144
    0.042659
    0.116945
    1.079071
    0.259883
    0.547685
    0.101133
   -0.171530
    0.735339
   -0.142036
   -4.480480
   -0.096629
   -0.236187
   -0.487337
    0.583733
   -0.534028
    1.918240
    1.847071
    0.355258
    0.693512
   -1.006559
 
 For file number:   66
    0.457447
   -1.402052
   -0.142055
    0.018656
    0.034776
   -0.028246
  -11.935120
  -14.009634
  -24.888455
    2.765964
    0.663576
   24.196381
   -0.169521
   -1.221126
    0.323545
    0.235661
  -22.665796
    0.492597
   -8.033181
   -0.869562
    0.010340
    0.432448
    0.333153
    2.819936
    0.206654
  -10.008717
    0.488570
  -18.018300
    0.345500
    0.977126
   -0.404629
    0.341395
    0.371826
    0.738158
   -0.066125
    0.196877
   -1.486248
   21.633903
   -0.159549
   16.845015
   -0.493951
    1.344437
    0.386662
   -1.284243
    0.935968
   -0.430369
   -5.144203
    0.164882
    1.131170
   12.368521
    0.458584
   -0.183307
    0.157960
    0.030709
    0.844625
    0.159421
    0.505762
   -0.208949
   -0.302594
    0.873906
   -0.298323
   -4.703915
   -0.101353
   -0.056126
   -0.558968
    0.529648
   -0.650730
    1.745536
    1.686046
    0.416713
    0.559330
   -0.854399
 
 For file number:   67
    0.414510
   -1.370547
   -0.185694
   -0.024656
    0.027020
    0.021559
  -12.431284
  -17.527027
  -24.075589
    3.376500
   -0.763968
   24.385979
    0.467422
   -1.651822
   -0.074656
   -0.260564
  -22.837068
    0.087802
   -7.763902
   -0.801050
    0.400857
   -0.199021
   -0.116020
    2.703137
    0.022541
   -9.940674
    0.428170
  -17.964908
    0.132218
    0.572008
    0.095199
    0.218981
    0.408852
    0.666720
    0.091081
    0.003682
   -1.390859
   21.749759
   -0.078998
   16.851205
   -0.867654
    1.418587
    0.332355
   -1.292867
    0.931978
   -0.483839
   -4.820712
    0.390974
    1.004759
   12.470508
    0.924210
   -0.065828
   -0.182671
   -0.108171
    0.954297
    0.089714
    0.764095
    0.185439
   -0.482661
    0.709320
    0.257804
   -4.740573
   -0.101071
   -0.106907
   -0.350070
    0.778143
   -0.702445
    1.837788
    1.757686
    0.252382
    0.674097
   -0.988753
 
 For file number:   68
    0.467972
   -1.413094
   -0.195284
   -0.087521
   -0.072059
    0.062734
  -10.034089
  -13.835657
  -24.210264
    4.038550
   -0.273213
   23.324905
   -0.797411
   -1.776692
   -0.044086
    0.288616
  -22.636433
   -0.758200
   -8.012538
   -1.279359
   -0.452626
   -0.053835
   -0.545350
    2.816976
    0.257335
  -10.176139
    0.057017
  -18.114061
    0.152783
    0.964182
   -0.126048
    0.233170
    0.452945
    0.887197
   -0.158572
    0.154264
   -1.400423
   21.846263
   -0.096318
   16.913674
   -0.566757
    1.042533
    0.079391
   -1.364234
    0.819195
   -0.428335
   -4.944950
    0.143870
    1.014918
   12.643888
    0.484587
    0.031484
    0.058405
    0.200101
    0.903592
   -0.029551
    0.575773
    0.208067
   -0.469667
    0.877520
    0.176635
   -4.843871
   -0.176573
   -0.001820
   -0.503143
    0.525947
   -0.747253
    1.803786
    1.731145
    0.217702
    0.656672
   -0.958169
 
 For file number:   69
    0.473840
   -1.401008
   -0.241654
    0.009807
    0.014587
    0.009532
  -12.725420
  -16.092232
  -24.641484
    4.070650
    0.513295
   24.056743
   -0.096397
   -2.614052
   -0.373229
    0.858928
  -22.757624
   -0.027804
   -8.383135
   -0.690187
   -0.030782
    0.424392
   -0.187513
    2.766023
   -0.472625
   -9.742064
    0.342951
  -17.809744
    0.263843
    0.683060
    0.000335
    0.178878
    0.717272
    0.848743
    0.166745
    0.156411
   -1.560720
   21.947250
    0.075485
   16.779846
   -0.888622
    1.417735
    0.102375
   -1.308282
    0.918778
   -0.373649
   -5.349190
    0.321730
    1.193956
   12.341565
    0.801613
    0.024544
   -0.024812
    0.452395
    0.933406
   -0.126314
    0.652011
    0.062667
   -0.381845
    0.497594
   -0.111981
   -4.314670
   -0.109680
    0.046791
   -0.469290
    0.655619
   -0.725547
    1.786463
    1.766180
    0.306628
    0.698762
   -0.863074
 
 For file number:   70
    0.496235
   -1.372522
   -0.203230
   -0.018485
   -0.006678
    0.023043
  -12.535980
  -14.654362
  -24.537679
    4.071429
   -0.241483
   24.395590
   -0.267304
   -1.617391
   -0.165171
    0.527687
  -22.556507
   -0.440848
   -7.784201
   -0.671764
    0.360617
    0.271285
    0.011532
    2.696269
    0.002838
   -9.835999
    0.551980
  -17.669399
    0.074915
    0.764461
   -0.499056
   -0.096038
    0.596295
    0.674104
   -0.061065
   -0.033082
   -1.515584
   21.730660
   -0.324521
   16.768386
   -0.566253
    1.416540
    0.318043
   -1.329945
    1.049682
   -0.311627
   -5.031692
    0.270684
    1.084883
   12.745560
    0.578955
    0.081255
    0.098797
    0.189760
    0.841893
    0.269563
    0.727045
   -0.091880
   -0.376709
    0.636059
    0.168543
   -4.681822
   -0.045480
   -0.030956
   -0.321345
    0.659930
   -0.578628
    1.812481
    1.841216
    0.220379
    0.795543
   -1.101745
 
 For file number:   71
    0.454986
   -1.365079
   -0.161188
    0.008749
   -0.059161
    0.031709
  -11.599561
  -16.066241
  -24.033457
    5.047167
   -0.481889
   23.146568
   -0.192946
   -1.595928
   -0.297130
    0.138654
  -22.940903
    0.031848
   -7.992801
   -0.840644
   -0.661782
    0.442476
   -0.159284
    2.780941
    0.079654
   -9.852503
    0.527649
  -17.431451
   -0.031002
    0.589956
    0.004615
   -0.092741
    0.436341
    0.394449
    0.036702
    0.508879
   -1.569699
   21.932951
   -0.126186
   17.012810
   -0.405892
    1.174004
    0.221483
   -1.459405
    0.998535
   -0.476668
   -5.095336
    0.147689
    1.302403
   12.729607
    0.415623
    0.002415
    0.298557
    0.065878
    0.946708
    0.216233
    0.698592
    0.256228
   -0.416899
    0.646177
    0.091557
   -4.521681
   -0.090005
   -0.094147
   -0.583897
    0.638472
   -0.705874
    1.843018
    1.758447
    0.295708
    0.682236
   -0.936002
 
 For file number:   72
    0.452494
   -1.392516
   -0.176526
   -0.084959
    0.022191
    0.010026
  -12.539093
  -16.731603
  -24.384354
    2.920223
   -0.703478
   23.709200
   -0.733818
   -1.859786
   -0.012857
    0.102668
  -23.214513
   -0.028408
   -8.172484
   -0.581945
    0.263697
    0.174393
    0.037338
    2.979534
   -0.294498
   -9.985126
    0.608584
  -18.043845
   -0.055170
    0.794294
    0.018805
   -0.254733
    0.122348
    0.803355
   -0.115768
    0.199621
   -2.029479
   22.072035
    0.045884
   17.130308
   -0.708267
    1.281600
    0.243977
   -1.420473
    1.106906
   -0.596902
   -5.219328
    0.438296
    1.079214
   12.516433
    0.663156
   -0.015698
    0.324269
    0.365017
    0.759288
   -0.058355
    0.566434
    0.019654
   -0.499560
    0.784638
   -0.029208
   -4.893228
    0.032696
   -0.028803
   -0.372049
    0.705602
   -0.663608
    1.890434
    1.777944
    0.430547
    0.729915
   -1.059502
 
 For file number:   73
    0.428425
   -1.392119
   -0.242395
    0.084679
   -0.023433
    0.049700
  -12.519118
  -12.894517
  -25.363870
    3.665067
   -0.041492
   23.974434
    0.349906
   -1.822087
   -0.234039
    0.416728
  -22.810012
   -0.230514
   -8.719425
   -0.877357
    0.370976
   -0.170548
    0.540676
    1.993697
   -0.095023
   -9.805715
    0.497243
  -18.247797
   -0.479171
    0.974736
   -0.401964
    0.122201
    0.543771
    0.820365
   -0.051485
    0.125206
   -1.954311
   21.911692
    0.093719
   16.875748
   -0.886109
    1.145704
    0.297995
   -1.323497
    0.779640
   -0.658140
   -4.854798
    0.161937
    1.254804
   12.432256
    0.573862
   -0.166918
   -0.216027
   -0.053886
    0.757180
   -0.079779
    0.798994
   -0.016207
   -0.415999
    0.724869
    0.248742
   -4.770275
   -0.149150
   -0.064161
   -0.315220
    0.648031
   -0.643849
    1.790484
    1.746976
    0.332884
    0.704920
   -0.990728
 
 For file number:   74
    0.454263
   -1.405729
   -0.165345
   -0.012134
    0.019436
    0.015128
  -10.880861
  -17.413714
  -25.040628
    3.671678
    0.489805
   24.902274
    0.793927
   -2.168119
    0.302487
    0.303020
  -23.635416
   -0.231194
   -8.300950
   -1.522974
    0.006904
    0.158555
   -0.096452
    2.379162
    0.141037
   -9.741939
    0.514408
  -17.745438
   -0.265334
    0.794816
    0.069272
    0.358430
    0.293227
    1.086727
   -0.028690
    0.212277
   -1.787831
   21.894843
   -0.086841
   16.796534
   -0.497411
    1.541659
    0.211495
   -1.232831
    0.782527
   -0.593289
   -4.878626
    0.292833
    0.881822
   12.438260
    0.374755
    0.189433
   -0.054342
   -0.119252
    0.980980
    0.361114
    0.659314
   -0.120236
   -0.774718
    0.430317
    0.196807
   -4.930172
   -0.089664
   -0.096405
   -0.672971
    0.755205
   -0.652313
    1.880631
    1.764020
    0.242181
    0.686758
   -0.911315
 
 For file number:   75
    0.506841
   -1.390643
   -0.136139
   -0.007100
   -0.007594
   -0.030035
  -10.776503
  -14.795956
  -24.091383
    3.673219
    1.502767
   23.535347
   -0.618182
   -1.942418
    0.422293
    0.819379
  -23.528906
   -0.028485
   -7.751858
   -0.881621
    0.392116
    0.354463
   -0.212120
    2.256099
    0.015696
   -9.883177
    0.430996
  -17.895422
    0.379098
    1.024840
    0.068614
    0.182953
    0.440741
    0.860175
    0.068611
    0.388150
   -1.867023
   21.665826
   -0.155105
   17.057020
   -0.699286
    1.414494
    0.344864
   -1.448778
    0.855498
   -0.755651
   -5.039975
    0.284465
    0.960608
   12.468908
    0.639138
    0.251695
   -0.255291
   -0.050775
    0.672294
   -0.077034
    0.594329
   -0.370775
   -0.380784
    0.791128
   -0.051732
   -4.669832
   -0.042314
    0.032882
   -0.427231
    0.675753
   -0.699774
    1.846898
    1.754684
    0.288669
    0.646040
   -0.952436
 
 For file number:   76
    0.471063
   -1.395037
   -0.189535
   -0.057098
    0.029417
    0.013045
  -13.685143
  -16.211141
  -24.102557
    3.841107
   -0.571950
   24.504538
   -0.499375
   -1.512394
    0.340487
    0.546044
  -23.233452
   -0.289264
   -7.323560
   -0.613703
   -0.330513
    0.448760
    0.065177
    2.607978
    0.349949
   -9.807637
    0.421361
  -18.025053
   -0.193963
    0.714560
   -0.356585
    0.100157
    0.320680
    0.841973
    0.057686
    0.314074
   -1.531821
   22.326696
    0.031017
   16.976705
   -0.674256
    1.503433
    0.363134
   -1.270036
    0.739173
   -0.562751
   -5.171378
    0.393875
    1.235341
   12.629698
    0.784881
    0.209453
    0.151424
    0.075530
    0.799676
    0.094625
    0.807518
   -0.147766
   -0.336079
    0.704927
   -0.171344
   -4.570022
   -0.028971
    0.117786
   -0.521483
    0.573525
   -0.876132
    1.818171
    1.838994
    0.102700
    0.727713
   -0.979169
 
 For file number:   77
    0.467579
   -1.418270
   -0.201493
    0.050336
    0.018897
   -0.039311
  -11.842771
  -15.157295
  -23.601566
    4.221427
    0.179929
   24.370441
    0.367774
   -1.555041
    0.012448
    0.202288
  -23.217290
   -0.221214
   -8.360456
   -0.300689
    0.255628
    0.065906
    0.698971
    2.336656
    0.175295
   -9.851410
    0.616628
  -17.996089
    0.019880
    0.907195
   -0.182281
    0.055457
    0.788152
    0.633962
    0.120418
    0.192757
   -1.593024
   21.999127
   -0.151393
   17.009519
   -0.634545
    1.482804
    0.102901
   -1.402199
    0.916772
   -0.638778
   -5.109663
    0.199260
    1.122492
   12.707190
    0.261501
   -0.045647
   -0.047221
    0.080574
    0.946379
    0.023032
    0.537017
   -0.099881
   -0.292742
    0.606077
    0.383057
   -4.592167
   -0.163296
   -0.042659
   -0.368072
    0.652825
   -0.813479
    1.937875
    1.875827
    0.277330
    0.821579
   -0.946227
 
 For file number:   78
    0.462324
   -1.433172
   -0.192884
   -0.080968
    0.002392
   -0.022756
  -11.137244
  -14.066251
  -25.046544
    3.468457
    0.396573
   24.172361
   -0.416203
   -1.292400
   -0.080695
    0.464042
  -23.604890
   -0.014790
   -8.429651
   -1.189939
   -0.431655
   -0.232883
    0.352037
    2.798789
   -0.034474
  -10.154306
    0.665341
  -17.719418
   -0.500247
    1.162092
   -0.657313
   -0.011661
    0.391564
    1.004968
   -0.010359
    0.296709
   -1.374029
   22.261268
    0.275950
   17.075949
   -0.538602
    1.299980
    0.032773
   -1.530185
    0.876373
   -0.583551
   -5.059357
    0.231098
    1.090897
   12.518271
    0.677802
    0.032692
   -0.184630
    0.209607
    1.047930
    0.270043
    0.375472
    0.006360
   -0.377721
    0.809083
    0.103913
   -4.458497
   -0.032677
    0.011226
   -0.377026
    0.606575
   -0.778974
    1.707938
    1.549986
    0.320256
    0.638411
   -0.999670
 
 For file number:   79
    0.443507
   -1.377502
   -0.183133
    0.034302
    0.003757
   -0.024949
  -10.347591
  -14.238326
  -24.460299
    3.708709
    0.687370
   23.631052
   -0.005763
   -1.718842
    0.707445
   -0.169959
  -22.736489
   -0.101372
   -7.925188
   -0.783701
   -0.673566
    0.092252
   -0.189559
    2.471691
    0.285599
  -10.029137
    0.391111
  -17.736381
   -0.119124
    0.964119
    0.206288
    0.256848
    0.501367
    0.845921
   -0.116247
    0.243265
   -1.481286
   21.853422
    0.071710
   16.849681
   -0.656092
    1.315570
    0.326114
   -1.273365
    0.963206
   -0.272886
   -4.872260
    0.209931
    1.197927
   12.418982
    0.680490
    0.004713
   -0.054746
    0.149703
    0.765216
    0.103765
    0.605896
   -0.116017
   -0.407325
    0.721552
    0.089049
   -4.770851
   -0.183841
   -0.008226
   -0.558880
    0.569231
   -0.787153
    1.814039
    1.729100
    0.217709
    0.779442
   -0.780831
 
 For file number:   80
    0.494238
   -1.391992
   -0.177594
    0.009230
    0.029815
   -0.019509
  -11.787417
  -15.800800
  -24.752854
    3.221004
    0.503939
   25.214347
   -0.143614
   -1.766788
    0.221857
    0.683250
  -23.204802
   -0.751515
   -8.092629
   -0.788510
    0.702019
   -0.170932
    0.128580
    2.838531
    0.215141
  -10.225524
    0.600285
  -18.258104
   -0.076529
    1.023551
    0.050230
    0.416349
    0.732605
    0.848391
   -0.067137
    0.195560
   -1.690839
   22.068013
    0.098327
   17.060981
   -0.635977
    1.238629
    0.079214
   -1.313159
    1.019876
   -0.550227
   -5.192685
    0.278487
    0.941955
   12.155225
    0.654411
    0.073555
    0.058264
   -0.078444
    0.993704
    0.313350
    0.764667
    0.082580
   -0.075544
    0.738326
   -0.026930
   -4.545802
    0.043626
    0.071402
   -0.379930
    0.623939
   -0.846888
    1.804981
    1.730018
    0.203929
    0.670910
   -0.898698
 
 For file number:   81
    0.468818
   -1.410458
   -0.178434
   -0.113692
    0.047485
    0.058045
  -11.210444
  -17.354055
  -24.135752
    4.193697
    0.035146
   24.062394
   -0.159048
   -1.910730
   -0.004933
    0.507773
  -22.765200
   -0.571295
   -8.178844
   -1.334595
    0.232410
   -0.239366
    0.092200
    2.292753
   -0.245684
   -9.669709
    0.537912
  -17.973751
   -0.359813
    0.861212
   -0.063724
    0.305417
    0.644889
    1.022058
    0.151846
    0.141332
   -1.810164
   22.374671
   -0.193103
   17.098002
   -0.519683
    1.620746
    0.175106
   -1.284127
    0.971275
   -0.497671
   -5.085614
    0.464376
    1.213416
   12.347055
    0.531878
    0.167632
    0.100819
    0.177291
    1.176406
    0.476136
    0.587654
   -0.347482
   -0.342359
    0.537372
    0.345310
   -4.363690
   -0.165063
    0.001402
   -0.442463
    0.719479
   -0.500263
    1.857899
    1.687005
    0.334882
    0.700167
   -0.936952
 
 For file number:   82
    0.450369
   -1.365484
   -0.201151
   -0.013024
    0.006084
    0.033109
  -10.812047
  -14.754693
  -26.151941
    3.834294
   -0.238147
   23.667254
    0.007838
   -1.817353
    0.308445
    0.209215
  -23.389778
   -0.170252
   -8.113057
   -0.652260
    0.143736
   -0.152269
   -0.282680
    2.767749
   -0.208396
  -10.054144
    0.518390
  -17.783710
   -0.056112
    1.138197
    0.019561
    0.004370
    0.186878
    0.951837
   -0.095448
    0.532438
   -1.419231
   21.790733
   -0.185488
   17.003252
   -0.597455
    1.255627
    0.222462
   -1.249486
    0.952858
   -0.671336
   -5.122771
    0.336914
    1.087623
   12.562600
    0.409082
   -0.265245
    0.121825
    0.121413
    1.149439
    0.192327
    0.959835
    0.224478
   -0.506048
    0.745427
    0.145747
   -4.961196
    0.078049
   -0.094198
   -0.468088
    0.742026
   -0.699203
    1.854248
    1.773250
    0.351208
    0.738207
   -0.982236
 
 For file number:   83
    0.446600
   -1.377892
   -0.248763
    0.075238
    0.035194
    0.008389
  -13.703139
  -13.410525
  -24.775916
    3.448018
   -0.451854
   23.252649
    0.540411
   -2.037372
   -0.090154
    0.148974
  -22.497808
    0.469094
   -8.444551
   -0.430081
    0.402179
   -0.093609
   -0.089646
    2.741887
   -0.013417
  -10.244508
    0.628051
  -18.352638
   -0.115101
    0.890556
   -0.528810
    0.144294
    0.461542
    0.744552
    0.066070
    0.163166
   -1.988948
   21.851826
   -0.273974
   17.108725
   -0.519568
    1.398652
    0.118184
   -1.295050
    0.896771
   -0.478822
   -4.974872
    0.274412
    1.262459
   12.620293
    0.250345
   -0.152317
   -0.191457
    0.266380
    1.019385
    0.168358
    0.632443
   -0.238146
   -0.629130
    0.604284
    0.247049
   -4.478060
    0.087423
    0.126755
   -0.402984
    0.580429
   -0.662908
    1.945114
    1.799936
    0.436117
    0.797911
   -1.010570
 
 For file number:   84
    0.446807
   -1.366293
   -0.221658
   -0.006040
    0.040512
    0.035378
  -11.139093
  -16.482044
  -24.216726
    3.367918
    0.709047
   23.312890
    0.346242
   -2.066276
    0.058557
    0.754069
  -22.208715
   -0.195830
   -8.159742
   -1.080029
   -0.295518
    0.294180
    0.381524
    2.603156
   -0.530465
   -9.946932
    0.327100
  -17.946570
    0.082063
    0.613538
    0.038295
    0.126546
    0.573350
    0.728888
    0.314003
    0.276183
   -1.537380
   21.959826
   -0.153284
   17.106879
   -0.652255
    1.335381
    0.150342
   -1.309105
    1.050937
   -0.574285
   -5.040841
    0.319740
    1.087202
   12.393997
    0.731637
    0.069713
    0.389410
    0.016237
    1.344295
    0.319074
    0.740303
    0.060260
   -0.209930
    0.498026
   -0.314815
   -4.848136
    0.051182
   -0.050086
   -0.545503
    0.815616
   -0.715140
    1.724846
    1.713019
    0.196837
    0.758490
   -0.861359
 
 For file number:   85
    0.438653
   -1.412085
   -0.209145
    0.062129
   -0.013274
   -0.021062
  -11.403457
  -13.946936
  -23.280309
    2.827857
    0.550942
   23.372268
    0.461921
   -1.601360
   -0.015398
   -0.289143
  -23.447344
    0.111046
   -7.908471
   -0.812525
   -0.115068
   -0.209454
    0.051407
    2.310352
    0.230534
  -10.073506
    0.274497
  -18.002033
    0.295743
    0.848698
    0.048982
    0.213920
    0.357147
    1.094645
    0.091215
    0.258231
   -1.680749
   21.996741
    0.354077
   17.203884
   -0.724897
    1.409677
    0.237347
   -1.400563
    1.127603
   -0.609878
   -5.122410
    0.216172
    0.871343
   12.452413
    0.644589
    0.003318
    0.214679
   -0.030478
    0.596378
   -0.470960
    0.285713
    0.128979
   -0.134702
    0.597960
   -0.022230
   -4.648980
   -0.076557
   -0.035352
   -0.413893
    0.676988
   -0.734258
    1.907338
    1.612786
    0.191791
    0.629944
   -1.135092
 
 For file number:   86
    0.458695
   -1.352313
   -0.173242
   -0.028134
    0.008482
    0.032984
  -11.127201
  -16.846883
  -25.199479
    4.117504
    0.032051
   23.376456
   -0.080841
   -1.642133
    0.094628
    0.640537
  -22.316880
   -0.181223
   -8.106541
   -0.319661
   -0.030544
    0.303828
   -0.278463
    2.710185
   -0.328182
   -9.679823
    0.507554
  -17.777576
    0.129932
    0.847438
    0.257602
    0.365959
    0.587305
    0.861583
    0.143033
    0.029141
   -1.622580
   22.153678
    0.336921
   17.063519
   -0.515084
    1.483805
    0.350921
   -1.466541
    0.990951
   -0.649920
   -5.157722
    0.381856
    1.131875
   12.519075
    0.428930
    0.205597
    0.241880
    0.219485
    0.662683
    0.200693
    0.720261
    0.045597
   -0.741686
    0.782647
    0.022153
   -4.891109
   -0.236098
   -0.159667
   -0.491914
    0.606919
   -0.678767
    1.777910
    1.859317
    0.290390
    0.580123
   -0.952736
 
 For file number:   87
    0.485516
   -1.426581
   -0.208880
    0.001768
    0.023863
    0.029668
  -12.517260
  -16.080682
  -22.937785
    3.564872
    0.100035
   23.697729
    0.309660
   -1.962497
   -0.321203
    0.824854
  -23.237354
    0.044128
   -8.371115
   -0.763711
   -0.038377
    0.304535
   -0.149936
    3.063560
    0.214024
  -10.305891
    0.167632
  -17.776076
    0.153979
    0.418644
   -0.284024
    0.225223
    0.492995
    0.812729
   -0.151839
   -0.052036
   -1.684142
   22.535020
    0.020326
   17.008167
   -0.428531
    1.320145
    0.175320
   -1.200909
    0.972311
   -0.477059
   -5.103543
    0.257112
    1.138814
   12.098788
    0.565871
    0.015431
   -0.200547
    0.197030
    1.278493
   -0.207938
    0.659701
    0.075369
   -0.616751
    0.682700
    0.193906
   -4.659921
   -0.101098
   -0.140805
   -0.422052
    0.557682
   -0.741349
    1.760158
    1.631464
    0.204238
    0.714386
   -0.858785
 
 For file number:   88
    0.458875
   -1.383153
   -0.207491
   -0.014364
    0.029653
   -0.032956
  -12.261626
  -16.883922
  -25.051469
    3.279007
    0.789036
   24.382582
   -0.469254
   -2.140642
   -0.145819
    0.387365
  -23.320413
    0.028988
   -8.279724
   -0.858475
    0.346481
    0.173527
    0.231878
    2.533168
   -0.143312
   -9.869210
    0.545450
  -18.028112
   -0.238623
    0.926264
    0.014235
   -0.067000
    0.313103
    0.877455
    0.374583
    0.415246
   -1.795068
   22.089363
    0.366303
   17.030758
   -0.533970
    1.343508
    0.043505
   -1.523640
    0.977527
   -0.213572
   -5.056446
    0.006864
    0.880574
   12.769227
    0.354424
   -0.037704
    0.144203
    0.283079
    1.010376
    0.496966
    0.654669
    0.102011
   -0.485324
    0.420851
   -0.047902
   -4.548249
   -0.011433
    0.068397
   -0.359267
    0.721189
   -0.816188
    1.987487
    1.969505
    0.266171
    0.731420
   -1.049294
 
 For file number:   89
    0.457754
   -1.434550
   -0.135376
   -0.089173
    0.034973
    0.015142
  -11.000441
  -16.644816
  -23.101168
    4.421882
    0.328966
   23.877476
   -0.137981
   -2.124948
   -0.229557
    0.211362
  -23.080174
   -0.216986
   -8.579610
   -0.555012
   -0.319902
    0.284028
    0.092612
    2.436387
   -0.005007
  -10.057545
    0.584759
  -18.198627
   -0.184952
    0.721380
    0.181519
    0.596408
    0.576558
    0.873655
    0.077261
   -0.065352
   -1.771239
   22.012842
   -0.324825
   16.949297
   -1.098320
    1.335449
    0.400265
   -1.207691
    0.858222
   -0.482694
   -5.094844
    0.625340
    1.210617
   12.233888
    0.216534
    0.108637
   -0.164949
    0.203338
    1.017645
   -0.321949
    0.532981
   -0.247013
   -0.332733
    0.887550
   -0.092598
   -4.539629
   -0.157977
    0.008596
   -0.456264
    0.587061
   -0.552548
    1.848301
    1.778139
    0.368931
    0.582966
   -0.924002
 
 For file number:   90
    0.423724
   -1.408910
   -0.179991
   -0.090759
    0.017186
   -0.021680
  -12.592066
  -15.650257
  -24.339276
    4.041195
   -0.700925
   24.083116
   -0.798532
   -1.890687
   -0.058922
   -0.404369
  -22.952416
   -0.016153
   -8.270408
   -0.452296
    0.411139
    0.029031
    0.210498
    2.759761
    0.212545
   -9.852778
    0.307677
  -17.641498
    0.199481
    0.578706
   -0.208216
    0.192345
    0.606338
    0.807313
   -0.208747
    0.340126
   -1.790304
   22.031209
   -0.097506
   17.019623
   -0.590806
    1.519266
    0.176762
   -1.233405
    1.171021
   -0.559253
   -4.980072
    0.357631
    1.231840
   12.303548
    0.660294
   -0.039009
    0.223558
    0.157702
    1.033184
    0.075803
    0.351901
    0.037256
   -0.910675
    0.674731
    0.071705
   -4.461815
   -0.183934
   -0.023410
   -0.533770
    0.657903
   -0.785386
    1.706661
    1.710605
    0.372481
    0.752177
   -0.750123
 
 For file number:   91
    0.426173
   -1.411930
   -0.243953
    0.051844
   -0.052845
    0.018367
  -11.597018
  -13.577292
  -24.283345
    3.785788
   -0.208299
   22.967365
    0.429510
   -2.477122
    0.270264
    0.301395
  -22.572737
    0.059203
   -8.516157
   -0.666252
   -0.396251
   -0.101061
    0.308650
    2.436498
   -0.176842
   -9.727039
    0.416076
  -18.059295
   -0.207137
    0.913880
   -0.111952
   -0.025175
    0.522747
    0.912160
    0.129414
    0.557348
   -1.522330
   22.074797
   -0.123068
   17.129893
   -0.848578
    1.497817
    0.283902
   -1.279554
    0.941606
   -0.725997
   -5.169380
    0.267362
    0.872409
   12.435158
    0.501883
   -0.249808
    0.205848
    0.021163
    0.704033
   -0.135291
    0.674301
    0.149962
   -0.251395
    0.969534
    0.337226
   -4.668718
   -0.257833
    0.060568
   -0.301245
    0.516991
   -0.672349
    1.671220
    1.690143
    0.263577
    0.688970
   -0.899638
 
 For file number:   92
    0.460900
   -1.378175
   -0.174077
    0.010250
    0.000198
   -0.018326
  -12.473475
  -15.760247
  -25.583680
    3.979932
   -1.195081
   23.632016
   -0.252559
   -1.582710
   -0.151908
    0.271807
  -23.051199
   -0.218049
   -7.472364
   -1.178599
    0.362120
    0.040256
   -0.020787
    2.706825
    0.031521
   -9.695709
    0.700127
  -17.622315
    0.188070
    1.067524
    0.064705
   -0.041923
    0.375604
    0.605627
   -0.321388
    0.311941
   -1.874572
   21.831304
    0.122076
   16.707465
   -0.909639
    1.358788
    0.390861
   -1.518411
    0.715225
   -0.637580
   -5.148139
    0.320020
    1.067460
   12.437994
    0.463307
   -0.097840
    0.256514
    0.476289
    1.040179
   -0.020466
    0.782923
   -0.217146
   -0.084130
    0.485287
    0.156124
   -4.989309
   -0.034514
   -0.114195
   -0.539323
    0.656967
   -0.653602
    1.878475
    1.696623
    0.305756
    0.702341
   -0.956839
 
 For file number:   93
    0.463582
   -1.389101
   -0.191611
    0.006339
    0.044222
   -0.009202
  -11.919181
  -15.855548
  -24.832184
    2.732809
   -0.246721
   23.486184
    0.180162
   -1.722816
    0.663269
    0.182936
  -23.000578
    0.364915
   -8.222868
   -0.921750
   -0.080654
    0.238529
   -0.504459
    2.800723
    0.101089
  -10.280193
    0.409330
  -18.151491
    0.191708
    0.733508
    0.064673
   -0.245381
   -0.013308
    0.813871
   -0.043016
    0.217793
   -1.475730
   21.919089
   -0.099854
   16.936253
   -0.410729
    1.474266
    0.274825
   -1.245061
    0.955279
   -0.508826
   -5.142074
    0.386514
    1.033760
   12.246551
    0.553530
    0.128767
    0.065187
    0.307841
    1.006715
    0.095287
    0.475673
    0.107536
   -0.140831
    0.651955
   -0.276139
   -4.689295
   -0.124235
    0.104123
   -0.427835
    0.693198
   -0.657779
    1.934054
    1.703182
    0.330036
    0.749147
   -0.927511
 
 For file number:   94
    0.454494
   -1.435473
   -0.190854
   -0.012092
    0.046404
    0.032167
  -12.330187
  -15.473424
  -23.924797
    2.733144
   -0.560546
   24.273230
   -0.302854
   -1.842781
    0.361199
    0.148567
  -23.134439
   -0.257959
   -8.286634
   -0.544193
   -0.012213
    0.201352
   -0.094591
    2.484620
    0.221798
   -9.817249
    0.341349
  -18.084131
   -0.016490
    0.990987
    0.015077
    0.092126
    0.503808
    0.768264
    0.117370
    0.678104
   -1.471083
   21.838258
   -0.033574
   16.751953
   -0.499115
    1.313367
    0.221848
   -1.301612
    0.997855
   -0.590159
   -4.938590
    0.217517
    0.806730
   12.191169
    0.517455
    0.154748
    0.179561
   -0.130703
    0.834792
   -0.062634
    0.453929
   -0.168027
   -0.642147
    0.681084
   -0.085244
   -4.518482
   -0.201236
   -0.121569
   -0.483579
    0.663464
   -0.698595
    1.744498
    1.892271
    0.198338
    0.644053
   -0.770800
 
 For file number:   95
    0.443530
   -1.440299
   -0.179281
   -0.024561
    0.005349
    0.026420
  -11.146603
  -15.398958
  -24.557702
    3.243506
   -0.214777
   24.267950
    0.401718
   -2.113720
    0.317950
   -0.070900
  -23.613703
   -0.053064
   -8.540165
   -0.543015
    0.160032
    0.361874
   -0.200971
    2.892185
   -0.154719
   -9.919359
    0.646928
  -17.982827
    0.049785
    0.883860
   -0.084535
    0.385671
    0.424865
    0.683860
    0.078200
    0.249024
   -1.639319
   21.887828
   -0.168911
   16.864010
   -0.573703
    1.191264
    0.275953
   -1.313329
    0.953022
   -0.554635
   -4.984250
    0.365158
    0.874292
   12.193219
    0.170926
    0.109476
    0.098986
    0.060608
    1.049875
    0.033108
    0.611154
   -0.028287
   -0.208181
    0.592495
    0.384788
   -4.730968
   -0.123110
    0.059315
   -0.431627
    0.691786
   -0.619564
    1.877204
    1.862600
    0.361765
    0.650278
   -0.808792
 
 For file number:   96
    0.429478
   -1.376200
   -0.190523
    0.089088
    0.030411
    0.000650
  -14.022517
  -15.651519
  -23.884636
    3.533823
   -0.358957
   24.637180
   -0.100223
   -1.971125
    0.155202
   -0.038219
  -22.851963
    0.456385
   -8.034719
   -0.981387
   -0.216219
    0.490564
    0.116970
    2.501667
    0.243132
  -10.055066
    0.378188
  -17.703257
    0.347381
    0.399009
   -0.112438
    0.205589
    0.487703
    0.754294
    0.017395
    0.238569
   -1.918892
   22.053551
   -0.586519
   16.909611
   -0.925890
    1.380831
    0.218692
   -1.201825
    0.930543
   -0.535441
   -5.016724
   -0.045676
    1.129248
   12.397663
    0.336772
   -0.097247
   -0.127517
   -0.034172
    0.811960
    0.162702
    0.438422
    0.034262
   -0.701301
    0.736200
   -0.087512
   -4.625605
   -0.110036
   -0.000933
   -0.641209
    0.742755
   -0.604298
    1.787689
    1.851300
    0.298537
    0.748883
   -0.908424
 
 For file number:   97
    0.461267
   -1.398584
   -0.158961
   -0.037412
    0.053105
    0.003372
  -12.737181
  -17.379389
  -22.898292
    3.191438
    0.263797
   24.471800
   -0.440553
   -2.149072
    0.418814
    0.340928
  -22.715178
    0.634590
   -7.667113
   -0.547308
    0.292267
    0.104448
   -0.166933
    2.634708
   -0.138777
   -9.860783
    0.479060
  -17.912480
   -0.013259
    0.472714
    0.194860
    0.223123
    0.467817
    0.799166
    0.204858
    0.137091
   -1.904734
   22.180829
   -0.028548
   17.143075
   -0.339811
    1.686510
    0.505566
   -1.402885
    0.930605
   -0.289515
   -5.078348
    0.414338
    1.053652
   12.356843
    0.150839
   -0.107545
   -0.158343
   -0.112047
    0.725791
    0.130751
    0.480481
   -0.058329
   -0.234477
    0.918859
    0.080158
   -4.617902
   -0.046122
    0.045941
   -0.524993
    0.773412
   -0.558304
    1.696419
    1.794631
    0.176986
    0.641684
   -1.082293
 
 For file number:   98
    0.415356
   -1.383417
   -0.219704
    0.057076
   -0.054769
    0.035326
  -12.282925
  -13.889088
  -24.765945
    4.653091
   -0.129356
   24.131789
   -0.108904
   -1.445763
    0.104049
    0.519701
  -22.766532
    0.136489
   -8.180296
   -0.721003
    0.156719
   -0.117053
    0.397124
    2.922037
    0.203566
   -9.848812
    0.134797
  -17.598537
   -0.334430
    0.781073
   -0.059394
    0.158959
    0.734701
    0.789326
    0.019762
    0.006132
   -1.419060
   22.085182
   -0.041937
   16.968724
   -0.494135
    1.449748
    0.414612
   -1.332053
    0.760264
   -0.653919
   -5.195720
    0.147948
    1.119527
   12.395087
    0.437255
   -0.405399
   -0.200144
   -0.266111
    0.829509
    0.213973
    0.578884
   -0.347370
   -0.137125
    0.833299
   -0.030384
   -4.672586
   -0.247519
   -0.109594
   -0.427647
    0.776406
   -0.882497
    1.920512
    1.748157
    0.220626
    0.547149
   -0.878949
 
 For file number:   99
    0.465237
   -1.430303
   -0.195954
    0.065544
   -0.036264
   -0.023783
  -11.950236
  -13.567068
  -25.391775
    4.627206
    0.110556
   23.877788
   -0.229080
   -1.657082
   -0.314389
   -0.099004
  -23.038611
   -0.539887
   -7.717479
   -1.235872
   -0.096260
   -0.213927
   -0.066316
    2.931927
    0.335836
  -10.265413
    0.551596
  -18.197496
    0.151714
    1.110785
   -0.048771
    0.130406
    0.408449
    0.820239
   -0.176070
   -0.033750
   -1.671454
   22.001768
    0.070861
   16.778145
   -0.438514
    1.221483
    0.134947
   -1.296085
    0.718186
   -0.461209
   -5.288508
    0.164030
    1.296655
   12.316578
    0.507933
    0.074464
    0.097636
    0.143758
    1.179424
    0.480664
    0.292855
   -0.343425
   -0.550638
    0.619542
    0.204377
   -4.561217
    0.022223
    0.066413
   -0.479244
    0.636789
   -0.725183
    1.901531
    1.766011
    0.249122
    0.648320
   -1.006942
 
 For file number:  100
    0.472169
   -1.358931
   -0.222352
    0.026217
    0.046321
    0.011135
  -11.554798
  -15.301687
  -25.418597
    3.468027
    0.127101
   24.669488
    0.247470
   -1.655101
    0.510830
    0.259200
  -22.944964
   -0.274348
   -7.601992
   -0.990930
   -0.091438
    0.321405
   -0.225228
    2.613344
   -0.023215
  -10.091188
    0.530209
  -17.774017
   -0.022768
    0.830327
    0.129157
    0.452721
    0.659616
    0.651258
    0.149333
    0.294371
   -1.261616
   21.784695
    0.209340
   16.915164
   -0.654316
    1.554792
    0.146327
   -1.419821
    0.908647
   -0.429043
   -5.133147
    0.274457
    1.148014
   12.291352
    0.585450
   -0.122132
   -0.103146
    0.074451
    0.904958
   -0.006777
    0.637175
   -0.410885
   -0.467320
    0.309670
   -0.090614
   -4.222266
    0.010132
    0.007671
   -0.547165
    0.775554
   -0.782067
    1.862201
    1.798064
    0.111980
    0.616730
   -0.849998
 
