File_number	Voc	Jsc	PCE	FF	Rsh	Rs
1-1.txt	0.8410 	27.2750 	0.1285 	0.5603 	16446.9914 	7.6535 
1-1fs.txt	0.7960 	27.1000 	0.1185 	0.5492 	39315.0685 	7.7694 
1-2.txt	0.8470 	28.0000 	0.1399 	0.5900 	7873.7997 	6.5732 
1-2-2.txt	0.8390 	28.1000 	0.1381 	0.5858 	4644.0129 	6.5535 
1-2fs.txt	0.7820 	27.9500 	0.1204 	0.5509 	7238.3354 	7.2248 
1-3.txt	0.8260 	28.2750 	0.1283 	0.5495 	48644.0678 	7.5510 
1-3-2.txt	0.8210 	28.2250 	0.1278 	0.5517 	12344.0860 	7.2523 
1-3fs.txt	0.7710 	28.3000 	0.1168 	0.5353 	11321.4990 	7.7507 
1-4.txt	0.8170 	24.7225 	0.1102 	0.5457 	5439.7271 	8.4653 
1-4-2.txt	0.8150 	24.7425 	0.1111 	0.5509 	33026.4672 	8.3800 
1-4fs.txt	0.7680 	24.8700 	0.1027 	0.5377 	4454.1010 	8.2330 
1-5.txt	0.8370 	25.0750 	0.1187 	0.5654 	208727.2727 	8.0662 
1-5fs.txt	0.7830 	25.1000 	0.1066 	0.5424 	15409.3960 	8.7064 
1-6.txt	0.7800 	25.0750 	0.1097 	0.5608 	11352.8481 	8.0334 
2-1.txt	0.8480 	28.6750 	0.1392 	0.5725 	8367.3469 	7.1623 
2-1fs.txt	0.8030 	28.6000 	0.1306 	0.5688 	4180.6264 	7.0269 
2-2.txt	0.8650 	28.9500 	0.1503 	0.6001 	50796.4602 	6.5683 
2-2-2.txt	0.8450 	28.3750 	0.1409 	0.5875 	6252.7233 	6.9055 
2-2-3.txt	0.8800 	24.8125 	0.1423 	0.6517 	8743.3359 	5.5929 
2-2fs.txt	0.8250 	28.9000 	0.1400 	0.5874 	23145.1613 	6.6448 
2-3.txt	0.9170 	28.3500 	0.1668 	0.6416 	9440.7895 	6.0328 
2-3-2.txt	0.9090 	28.2000 	0.1683 	0.6566 	12161.0170 	5.4249 
2-3fs.txt	0.8510 	28.3000 	0.1504 	0.6244 	185161.2903 	5.6041 
2-4.txt	0.8850 	24.8200 	0.1416 	0.6448 	4125.0449 	6.0348 
2-4-2.txt	0.8850 	24.8600 	0.1438 	0.6534 	19281.1555 	5.8374 
2-4-3.txt	0.8800 	24.8125 	0.1423 	0.6517 	8743.3359 	5.5929 
2-4fs.txt	0.8250 	24.8375 	0.1266 	0.6178 	675294.1177 	6.1309 
2-5.txt	0.8650 	25.0500 	0.1351 	0.6236 	6254.0859 	6.4855 
2-5-2.txt	0.8610 	24.8825 	0.1361 	0.6353 	12645.9573 	6.3596 
2-5fs.txt	0.8140 	25.0250 	0.1229 	0.6033 	37565.4450 	6.7682 
2-6.txt	0.8340 	24.3325 	0.1179 	0.5811 	11728.6473 	7.9614 
2-6fs.txt	0.7880 	24.0025 	0.1077 	0.5694 	8379.5620 	8.1840 
3-1.txt	0.8490 	27.6250 	0.1334 	0.5689 	5456.2738 	6.8967 
3-1fs.txt	0.8250 	27.5250 	0.1325 	0.5833 	5728.5429 	6.5456 
3-2.txt	0.8330 	27.9500 	0.1317 	0.5658 	4296.4072 	6.5075 
3-2fs.txt	0.8050 	28.0250 	0.1292 	0.5728 	3206.7039 	6.2838 
3-3.txt	0.8690 	28.3250 	0.1496 	0.6079 	9333.3333 	5.7972 
3-3-2.txt	0.8740 	28.7250 	0.1523 	0.6068 	36794.8718 	5.5736 
3-3fs.txt	0.8230 	28.5250 	0.1421 	0.6051 	9379.0850 	5.6709 
3-4.txt	0.8800 	25.1000 	0.1398 	0.6329 	10594.3153 	6.1419 
3-4-2.txt	0.8840 	24.9375 	0.1401 	0.6354 	1979310.3448 	6.1644 
3-4fs.txt	0.8370 	25.0750 	0.1276 	0.6079 	11328.2021 	6.7682 
3-5.txt	0.8650 	25.7750 	0.1303 	0.5844 	67529.4118 	7.6049 
3-5fs.txt	0.8380 	25.4750 	0.1257 	0.5886 	9184.0000 	7.6639 
3-6.txt	0.8510 	24.9325 	0.1233 	0.5809 	12844.0367 	7.4699 
3-6fs.txt	0.8300 	24.8950 	0.1210 	0.5856 	152254.6419 	7.2131 
4-2.txt	0.8340 	29.7000 	0.1626 	0.6562 	5270.8907 	4.5314 
4-2fs.txt	0.7820 	29.4250 	0.1333 	0.5792 	50350.8772 	5.7595 
4-3.txt	0.8810 	28.8250 	0.1674 	0.6593 	11572.5807 	5.0287 
4-3-2.txt	0.8860 	28.9750 	0.1688 	0.6574 	12161.0170 	4.7800 
4-3fs.txt	0.8320 	29.0250 	0.1469 	0.6082 	18636.3636 	5.3053 
4-4.txt	0.8610 	25.4500 	0.1409 	0.6430 	43484.8485 	5.5535 
4-4-2.txt	0.8670 	25.4250 	0.1440 	0.6533 	9243.1562 	5.4778 
4-4fs.txt	0.8080 	25.4500 	0.1238 	0.6022 	5621.9393 	6.1658 
4-5.txt	0.8440 	25.7000 	0.1297 	0.5981 	5171.1712 	6.5666 
4-5fs.txt	0.7930 	25.8250 	0.1169 	0.5709 	29435.8974 	7.0038 
5-1.txt	0.8650 	26.2500 	0.1422 	0.6263 	4220.5882 	6.4849 
5-2.txt	0.8710 	27.3750 	0.1501 	0.6296 	34371.2575 	5.5238 
5-2fs.txt	0.8390 	27.0000 	0.1437 	0.6342 	8631.5790 	5.3415 
5-3.txt	0.8930 	27.8500 	0.1639 	0.6590 	11835.0516 	5.1819 
5-3-2.txt	0.9020 	28.2250 	0.1702 	0.6687 	3710.4072 	4.7989 
5-3fs.txt	0.8470 	27.8250 	0.1515 	0.6430 	7229.2191 	4.9971 
5-4.txt	0.8890 	25.8750 	0.1535 	0.6673 	9761.9048 	5.1582 
5-4-2.txt	0.8970 	25.8750 	0.1566 	0.6748 	12812.5000 	5.0656 
5-4fs.txt	0.8460 	25.6500 	0.1399 	0.6448 	4831.6498 	5.3892 
5-5.txt	0.8680 	25.7000 	0.1396 	0.6256 	17341.3897 	5.9746 
5-5fs.txt	0.8390 	25.8750 	0.1342 	0.6181 	32067.0391 	6.1436 
5-6.txt	0.8370 	24.8300 	0.1176 	0.5656 	65750.2864 	8.1992 
6-1.txt	0.8950 	29.1750 	0.1622 	0.6210 	17341.3897 	6.5250 
6-1-2.txt	0.9070 	29.3500 	0.1701 	0.6390 	12986.4253 	6.0379 
6-1fs.txt	0.8590 	29.6000 	0.1558 	0.6128 	22509.8039 	5.8521 
6-2.txt	0.8690 	30.1250 	0.1629 	0.6222 	26210.0457 	5.3073 
6-2-2.txt	0.8790 	30.0500 	0.1685 	0.6379 	5792.1292 	5.0028 
6-2-3.txt	0.8790 	30.1500 	0.1691 	0.6380 	9111.1111 	5.0556 
6-2fs.txt	0.8300 	29.8500 	0.1503 	0.6067 	151052.6316 	5.3773 
6-3.txt	0.8840 	30.1750 	0.1702 	0.6380 	19930.5556 	5.1639 
6-3fs.txt	0.8490 	30.0750 	0.1597 	0.6254 	441538.4615 	5.3465 
6-4.txt	0.8750 	25.5500 	0.1416 	0.6334 	25855.8559 	5.7163 
6-4fs.txt	0.8410 	25.7500 	0.1352 	0.6242 	4261.3215 	5.9626 
6-5.txt	0.8780 	25.9250 	0.1461 	0.6417 	11786.4476 	5.5110 
6-5fs.txt	0.8480 	25.7500 	0.1393 	0.6379 	11189.0838 	5.4867 
6-6.txt	0.8930 	24.9250 	0.1473 	0.6616 	11228.4820 	5.7603 
6-6fs.txt	0.8660 	24.8300 	0.1404 	0.6529 	6932.3672 	5.8793 