File_number	Voc	Jsc	PCE	FF	Rsh	Rs
1-1-2.txt	0.847	25.025	0.12973	0.61206	50528.16901	6.36497
1-1.txt	0.846	24.8975	0.1275	0.60534	15751.92097	6.79415
1-1fs.txt	0.797	24.79	0.12034	0.60908	6040.19783	6.4915
1-2.txt	0.777	25.725	0.1083	0.54182	39047.61905	7.48107
1-3-2.txt	0.846	25.275	0.13136	0.61431	26330.27523	5.44863
1-3.txt	0.856	25.35	0.13095	0.60347	14172.83951	5.66661
1-3fs.txt	0.793	25.025	0.11622	0.58562	8710.16692	6.05264
1-4-2.txt	0.851	26.45	0.13294	0.59061	6434.97758	6.5966
1-4.txt	0.848	26.55	0.12939	0.57472	6833.33333	6.96488
1-4fs.txt	0.803	26.35	0.12371	0.58468	36794.87179	6.42096
1-5.txt	0.803	27.425	0.12284	0.5578	44843.75	7.1474
1-5fs.txt	0.781	27.325	0.11993	0.56199	6035.75184	6.59326
1-6-2.txt	0.829	27.75	0.12617	0.54844	27075.4717	8.71004
1-6.txt	0.828	27.55	0.12214	0.53542	18697.0684	9.05662
1-6fs.txt	0.781	27.425	0.11406	0.5325	6384.87208	8.95275
10-2.txt	1.04	7.35	0.09002	1.17759	31521.14223	15.38669
10-3-2.txt	1.052	6.825	0.08598	1.19754	22923.32268	14.59508
10-3.txt	1.062	8.4725	0.11679	1.29802	6168.72649	11.43883
10-3fs.txt	0.889	6.7575	0.02194	0.36523	1758.68619	55.14883
10-4.txt	1.053	6.0425	0.07965	1.25182	31195.65217	16.01698
10-5.txt	1.047	8.41	0.10174	1.15546	37272.72727	14.15333
11-1.txt	1.031	25.9	0.12592	0.47156	5106.76157	11.40348
11-1fs.txt	1.048	25.15	0.13929	0.52848	2256.28931	21.11866
11-2-2.txt	1.051	27.45	0.16143	0.55956	9273.021	12.84365
11-2.txt	1.05	27.65	0.15402	0.53049	4831.64983	12.29219
11-2fs.txt	1.054	26.325	0.16129	0.58131	1875.20418	17.07504
11-3-2.txt	1.064	29.825	0.21572	0.67977	5147.98206	7.81076
11-3.txt	1.069	28.35	0.21331	0.70385	24219.40928	10.1212
11-3fs.txt	1.061	28.25	0.1965	0.65557	47438.01653	11.89963
11-4-2.txt	1.061	24.525	0.17206	0.66124	3461.58485	10.33538
11-4.txt	1.064	24.725	0.17375	0.66045	5506.52341	9.89203
11-4fs.txt	1.059	24.015	0.18093	0.71142	2490.77891	14.6488
11-5-2.txt	1.058	24.49	0.14806	0.57144	12732.91925	12.54863
11-5.txt	1.056	24.475	0.14672	0.56767	9773.53993	11.82673
11-5fs.txt	1.055	23.2725	0.15109	0.61537	3258.95645	19.36962
11-6.txt	1.043	21.0125	0.08265	0.37711	2074.52384	18.03516
11-6fs.txt	1.039	19.4025	0.08555	0.42438	1359.31987	33.09182
2-1.txt	0.861	30.2	0.16643	0.64007	6471.25141	4.50015
2-1fs.txt	0.803	29.475	0.14598	0.61678	5106.76157	4.8898
2-2.txt	0.849	30.175	0.16415	0.64076	4614.14791	4.06847
2-2fs.txt	0.793	30	0.14753	0.62015	15726.0274	4.30424
2-3-2.txt	0.866	29.225	0.17501	0.69151	7211.05528	4.0778
2-3.txt	0.86	29.575	0.16988	0.66789	9965.27778	4.85676
2-3fs.txt	0.799	29.325	0.15074	0.64336	6932.36715	4.94762
2-4-2.txt	0.87	23.8175	0.15042	0.7259	129279.2793	4.23675
2-4.txt	0.871	23.685	0.14606	0.70799	5308.91602	4.22739
2-4fs.txt	0.795	24.3925	0.12405	0.63971	10505.12445	5.34067
2-5.txt	0.839	23.05	0.1219	0.63032	10357.27174	5.66297
2-5fs.txt	0.785	22.905	0.109	0.60622	204270.4626	6.28654
2-6.txt	0.838	23.365	0.12835	0.6555	8791.54541	5.18692
2-6fs.txt	0.779	23.095	0.10685	0.5939	10854.76551	6.45005
3-1.txt	0.82	23.345	0.1193	0.62321	23052.20884	6.16518
3-1fs.txt	0.757	23.1725	0.09969	0.56833	18438.80501	7.06364
3-2.txt	0.83	24.24	0.13186	0.65541	3846.15385	4.88311
3-3-2.txt	0.865	24.1425	0.14354	0.68735	16330.01422	4.98185
3-3.txt	0.865	24.2125	0.13644	0.65143	11565.58533	6.12089
3-3fs.txt	0.789	24.1825	0.12079	0.63306	26055.37903	5.2256
3-4-2.txt	0.876	28.025	0.16725	0.68126	17289.15663	4.01319
3-4.txt	0.877	27.85	0.16708	0.68409	63076.92308	4.19758
3-4fs.txt	0.799	27.85	0.13992	0.62879	6139.03743	4.61116
3-5-2.txt	0.858	27.8	0.15785	0.66177	14680.30691	4.45762
3-5.txt	0.857	27.775	0.15463	0.6496	10954.19847	4.63092
3-5fs.txt	0.783	27.875	0.12708	0.58222	3656.05096	5.05261
3-6.txt	0.829	28.5	0.151	0.63909	2870000	4.9192
3-6fs.txt	0.778	28.25	0.12963	0.58982	5583.65759	5.43685
4-1-2.txt	0.884	25.825	0.15745	0.68969	11189.08382	5.51671
4-1.txt	0.902	26.45	0.16198	0.67892	12264.95726	5.37945
4-1fs.txt	0.819	25.95	0.12901	0.60701	10708.95522	6.90858
4-2.txt	0.869	26.975	0.15531	0.66254	3720.02592	4.33341
4-2fs.txt	0.811	26.7	0.13204	0.60978	48644.0678	4.89428
4-3-2.txt	0.863	26.8	0.14572	0.63003	13864.7343	5.22521
4-3-3.txt	0.864	26.375	0.14782	0.64869	28844.22111	4.89237
4-3.txt	0.857	26.5	0.13977	0.61545	5567.41028	6.77478
4-3fs.txt	0.809	26.3	0.13119	0.61657	27333.33333	4.8497
4-4-2.txt	0.886	26.975	0.1712	0.71632	6643.51852	3.56538
4-4.txt	0.892	26.075	0.17142	0.73702	18758.16993	3.58255
4-4fs.txt	0.815	26.25	0.14167	0.66221	12478.26087	4.28325
4-5-2.txt	0.858	26.825	0.16262	0.70654	21025.64103	3.85264
4-5.txt	0.876	27.125	0.16609	0.69899	5583.65759	3.80452
4-5fs.txt	0.805	26.775	0.14133	0.65569	31538.46154	4.4612
4-6.txt	0.797	27.225	0.11962	0.5513	3295.06315	5.64339
4-6fs.txt	0.747	27.05	0.10524	0.52084	3041.86539	6.47847
5-1.txt	0.827	25.175	0.14029	0.67382	10732.98429	5.08072
5-2-2.txt	0.827	26.4	0.1527	0.6994	5589.09445	4.28697
5-2.txt	0.839	27.425	0.1512	0.65711	3626.02653	4.32802
5-2fs.txt	0.764	26.3	0.12931	0.64358	4192.84149	4.84373
5-3-2.txt	0.842	25.15	0.14403	0.68015	5073.36044	5.54908
5-3.txt	0.857	25.5	0.14014	0.64126	159444.4444	6.76613
5-3fs.txt	0.761	24.8075	0.12114	0.64167	3377.26524	5.60161
5-4.txt	0.821	29.625	0.16112	0.66244	4085.40925	4.35237
5-4fs.txt	0.73	30.575	0.12574	0.56336	2801.36652	5.02828
5-6.txt	0.842	31.05	0.17121	0.65485	35432.09877	4.91777
5-6fs.txt	0.78	30.75	0.13834	0.57677	2852.8827	5.7609
6-1.txt	0.888	25.35	0.16119	0.71606	94098.36066	3.80586
6-1fs.txt	0.792	25.45	0.1278	0.63403	104363.6364	4.96617
6-2.txt	0.884	26.525	0.17059	0.7275	12986.42534	3.30152
6-2fs.txt	0.779	27	0.13458	0.63983	20872.72727	4.29325
6-3-2.txt	0.868	28	0.17283	0.71112	24425.53191	3.25632
6-3.txt	0.879	27.525	0.17599	0.72738	318888.8889	3.46909
6-3fs.txt	0.785	27.925	0.13778	0.62853	2984.9194	4.30877
6-4-2.txt	0.878	26.975	0.17537	0.74047	4358.39028	3.26307
6-4.txt	0.889	27.2	0.18692	0.77301	11762.29508	3.01166
6-4fs.txt	0.78	26.65	0.13334	0.64144	124782.6087	4.45212
6-5.txt	0.872	27.05	0.16387	0.69475	4094.15121	3.56532
6-5fs.txt	0.779	27	0.13458	0.63983	20872.72727	4.29325
6-6.txt	0.881	26.975	0.16648	0.70052	17185.62874	3.87068
6-6fs.txt	0.795	26.7	0.13648	0.64296	10455.37341	4.7066
8-1.txt	1.019	8.5475	0.09634	1.10606	5790.96045	19.20593
8-2.txt	1.017	13.35	0.12966	0.95504	75625.82345	13.52635
8-2fs.txt	0.89	12.95	0.04404	0.38208	1595.50812	43.47117
8-3-2.txt	1.021	15.855	0.15736	0.97208	5375.03512	15.3069
8-3.txt	1.025	15.9125	0.15186	0.93106	7090.79679	17.08817
8-3fs.txt	0.915	15.8675	0.04766	0.32824	744.73882	56.04706
8-4-2.txt	1.026	10.125	0.1163	1.11953	8768.71372	13.51475
8-4.txt	1.033	11.5975	0.12697	1.05983	5603.827	11.27564
8-4fs.txt	0.885	9.6925	0.03656	0.42618	2196.87691	36.23451
8-5.txt	1.03	7.8325	0.08707	1.07933	51945.70136	15.89497
8-6.txt	1.021	5.825	0.0573	0.96339	63355.40839	20.46455
9-2-2.txt	1.046	14.07	0.19046	1.29412	6282.1495	9.07194
9-2-3.txt	1.043	13.6975	0.18553	1.29865	4378.67114	9.59187
9-2.txt	1.046	15.055	0.17773	1.12859	3947.7304	8.259
9-2fs.txt	0.89	14.8675	0.05245	0.39641	1041.74229	23.29808
9-3-2.txt	1.051	12.92	0.15447	1.13756	6094.06519	9.98629
9-3.txt	1.058	15.345	0.16709	1.0292	3979.75456	9.9985
9-3fs.txt	0.925	11.1875	0.03907	0.37756	1293.84185	42.93882
9-4.txt	1.05	9.5375	0.11858	1.18411	8010.04745	12.31429
9-4fsw.txt	0.896	8.7275	0.0319	0.4079	1350.33405	32.84927
9-5-2.txt	1.031	5.505	0.05609	0.98819	223346.3035	24.68237
9-5.txt	1.026	5.085	0.05311	1.01795	62188.51571	23.93003
9-5fs.txt	0.872	5.7825	0.02552	0.50608	6581.05939	45.84895
