    0.451686
   -1.410977
   -0.194290
    0.005985
   -0.000239
    0.007868
  -11.783952
  -15.356523
  -24.249282
    3.809001
    0.052358
   23.858567
   -0.012729
   -1.887859
    0.099658
    0.223710
  -23.053970
   -0.035222
   -8.109158
   -0.839471
    0.020043
    0.077021
    0.005537
    2.704132
   -0.005564
   -9.961304
    0.482796
  -17.918238
   -0.056367
    0.855068
   -0.024521
    0.222069
    0.477249
    0.825749
    0.004800
    0.218428
   -1.599677
   21.987671
   -0.082428
   16.958614
   -0.630924
    1.373817
    0.199335
   -1.318638
    0.926827
   -0.507686
   -5.084925
    0.268448
    1.090116
   12.413074
    0.524379
   -0.023445
    0.047226
    0.047414
    0.903256
    0.123491
    0.572644
   -0.022514
   -0.388712
    0.673487
    0.047299
   -4.641543
   -0.090051
   -0.027623
   -0.470356
    0.658475
   -0.703176
    1.822597
    1.760681
    0.266888
    0.704834
   -0.927050
