  N  7        1.9990009997       -0.0250056776        0.5860055113
  C  6        0.7810016508       -0.0709994455        1.3680010283
  C  6        0.6509990588        0.8539992425        2.4149994737
  C  6       -0.4749996589        0.7950011783        3.2319981225
  C  6       -1.4450006612       -0.1860000245        3.0200022454
  C  6       -1.2950029423       -1.1150025237        1.9890007600
  C  6       -0.1829959535       -1.0660004492        1.1539989488
  H  1        1.4270006157        1.6060005269        2.5720006949
  H  1       -0.5930002319        1.5140010523        4.0490019107
  H  1       -2.3239987737       -0.2340025983        3.6729992641
  H  1       -2.0549973879       -1.8899979243        1.8360028844
  H  1       -0.0560005046       -1.7949999831        0.3510007118
  N  7        2.0059987901        0.0190071459       -0.6020053246
  C  6        0.7960028158        0.0579988227       -1.3980003977
  C  6        0.6830009039       -0.8679989777       -2.4459996605
  C  6       -0.4330112635       -0.8150036805       -3.2756754910
  C  6       -1.4120018390        0.1590013552       -3.0749995213
  C  6       -1.2800360543        1.0889988147       -2.0416754910
  C  6       -0.1760012854        1.0460027017       -1.1940012490
  H  1        1.4659994172       -1.6149995842       -2.5949988545
  H  1       -0.5379962482       -1.5350008052       -4.0940025092
  H  1       -2.2839978078        0.2013245090       -3.7370119487
  H  1       -2.0459987805        1.8579991788       -1.8960028380
  H  1       -0.0639943446        1.7760018703       -0.3903245090
